Date / Time	TURBIDITY;FTU	PRESSURE;DBAR	TEMPERATURE;C	DISSOLVED OXYGEN;SAT%	ALTITUDE;M	CONDUCTIVITY;MS/CM	FLUOROMETER (C);UG/L	PH;PH	Calc. SALINITY; PSU	Calc. DEPTH;M	LATITUDE;DEG	LONGITUDE;DEG
30/09/2021 17:15:46.000	5.313	-000.023	0026.612	0093.055	0014.708	0000.102	0008.775	0008.551	0000.087	-000.024	30.186320	-91.985366
30/09/2021 17:15:46.000	5.250	-000.023	0026.612	0093.055	0014.710	0000.100	0008.850	0008.536	0000.085	-000.024	30.186320	-91.985366
30/09/2021 17:15:46.000	5.250	-000.023	0026.614	0093.050	0014.762	0000.102	0008.788	0008.531	0000.087	-000.024	30.186320	-91.985366
30/09/2021 17:15:47.000	5.250	-000.023	0026.613	0093.050	0014.687	0000.102	0009.275	0008.524	0000.087	-000.024	30.186320	-91.985366
30/09/2021 17:15:47.000	5.250	-000.024	0026.613	0093.050	0014.738	0000.102	0009.375	0008.530	0000.087	-000.025	30.186320	-91.985366
30/09/2021 17:15:47.000	5.250	0000.024	0026.615	0093.115	0014.681	0000.102	0009.238	0008.512	0000.087	0000.025	30.186320	-91.985366
30/09/2021 17:15:47.000	5.125	0000.066	0026.610	0093.105	0014.617	0000.102	0009.213	0008.399	0000.087	0000.068	30.186320	-91.985366
30/09/2021 17:15:48.000	5.125	0000.133	0026.604	0093.105	0014.522	0000.102	0009.200	0008.339	0000.087	0000.136	30.186322	-91.985366
30/09/2021 17:15:48.000	5.188	0000.194	0026.599	0093.105	0014.511	0000.102	0009.325	0008.301	0000.087	0000.199	30.186322	-91.985366
30/09/2021 17:15:48.000	5.313	0000.278	0026.577	0093.105	0014.438	0000.104	0009.088	0008.305	0000.089	0000.285	30.186322	-91.985366
30/09/2021 17:15:48.000	5.250	0000.368	0026.555	0093.170	0014.314	0000.102	0009.913	0008.306	0000.087	0000.377	30.186322	-91.985366
30/09/2021 17:15:49.000	5.250	0000.434	0026.534	0093.180	0014.310	0000.102	0010.075	0008.293	0000.087	0000.444	30.186323	-91.985365
30/09/2021 17:15:49.000	5.250	0000.531	0026.518	0093.185	0014.175	0000.102	0011.137	0008.287	0000.087	0000.543	30.186323	-91.985365
30/09/2021 17:15:49.000	5.313	0000.610	0026.504	0093.180	0014.096	0000.102	0012.588	0008.274	0000.087	0000.624	30.186323	-91.985365
30/09/2021 17:15:49.000	5.438	0000.695	0026.485	0092.935	0014.023	0000.102	0013.900	0008.199	0000.087	0000.711	30.186323	-91.985365
30/09/2021 17:15:50.000	5.375	0000.792	0026.475	0092.910	0013.863	0000.102	0014.725	0008.145	0000.087	0000.811	30.186323	-91.985365
30/09/2021 17:15:50.000	5.438	0000.864	0026.461	0092.920	0013.794	0000.102	0015.025	0008.185	0000.087	0000.884	30.186324	-91.985365
30/09/2021 17:15:50.000	5.313	0000.959	0026.412	0092.925	0013.703	0000.102	0014.913	0008.163	0000.087	0000.981	30.186324	-91.985365
30/09/2021 17:15:50.000	5.938	0001.045	0026.365	0092.925	0013.606	0000.100	0014.713	0008.149	0000.085	0001.069	30.186325	-91.985365
30/09/2021 17:15:51.000	6.250	0001.144	0026.315	0092.180	0013.548	0000.100	0014.338	0008.098	0000.085	0001.171	30.186325	-91.985365
30/09/2021 17:15:51.000	6.250	0001.242	0026.249	0092.175	0013.392	0000.100	0013.913	0008.080	0000.085	0001.271	30.186325	-91.985365
30/09/2021 17:15:51.000	6.063	0001.320	0026.181	0092.175	0013.334	0000.100	0013.925	0008.050	0000.085	0001.351	30.186325	-91.985365
30/09/2021 17:15:51.000	5.813	0001.413	0026.122	0092.175	0013.193	0000.102	0013.963	0007.999	0000.087	0001.446	30.186325	-91.985365
30/09/2021 17:15:52.000	5.875	0001.501	0026.071	0092.165	0013.181	0000.100	0013.675	0007.994	0000.085	0001.536	30.186326	-91.985364
30/09/2021 17:15:52.000	5.875	0001.597	0026.032	0091.110	0013.089	0000.102	0013.350	0007.948	0000.087	0001.634	30.186326	-91.985364
30/09/2021 17:15:52.000	5.813	0001.675	0025.995	0091.110	0012.943	0000.100	0013.487	0007.945	0000.085	0001.714	30.186326	-91.985364
30/09/2021 17:15:52.000	5.750	0001.765	0025.958	0091.110	0012.874	0000.102	0013.463	0007.931	0000.087	0001.806	30.186326	-91.985364
30/09/2021 17:15:53.000	5.688	0001.844	0025.923	0091.115	0012.748	0000.100	0013.188	0007.892	0000.085	0001.887	30.186328	-91.985364
30/09/2021 17:15:53.000	5.563	0001.927	0025.899	0089.715	0012.677	0000.100	0013.088	0007.855	0000.085	0001.972	30.186328	-91.985364
30/09/2021 17:15:53.000	5.438	0002.024	0025.872	0089.715	0012.565	0000.100	0013.238	0007.818	0000.085	0002.071	30.186328	-91.985364
30/09/2021 17:15:53.000	5.313	0002.101	0025.853	0089.705	0012.522	0000.100	0012.538	0007.812	0000.085	0002.150	30.186328	-91.985364
30/09/2021 17:15:54.000	5.438	0002.204	0025.841	0089.715	0012.494	0000.100	0012.425	0007.802	0000.085	0002.256	30.186329	-91.985363
30/09/2021 17:15:54.000	5.313	0002.274	0025.823	0089.705	0012.326	0000.100	0012.525	0007.755	0000.085	0002.327	30.186329	-91.985363
30/09/2021 17:15:54.000	5.250	0002.366	0025.812	0088.050	0012.236	0000.100	0012.287	0007.759	0000.085	0002.421	30.186329	-91.985363
30/09/2021 17:15:54.000	5.188	0002.452	0025.797	0088.045	0012.149	0000.100	0012.088	0007.748	0000.085	0002.509	30.186329	-91.985363
30/09/2021 17:15:55.000	5.250	0002.544	0025.789	0088.040	0012.063	0000.100	0011.425	0007.770	0000.085	0002.604	30.186330	-91.985363
30/09/2021 17:15:55.000	5.125	0002.610	0025.776	0088.040	0012.042	0000.100	0011.437	0007.768	0000.085	0002.671	30.186330	-91.985363
30/09/2021 17:15:55.000	5.125	0002.700	0025.766	0088.045	0011.924	0000.100	0011.250	0007.740	0000.085	0002.763	30.186330	-91.985363
30/09/2021 17:15:55.000	5.063	0002.792	0025.757	0085.850	0011.874	0000.100	0010.888	0007.751	0000.085	0002.857	30.186330	-91.985363
30/09/2021 17:15:56.000	5.188	0002.870	0025.748	0085.845	0011.719	0000.100	0010.050	0007.752	0000.085	0002.937	30.186331	-91.985362
30/09/2021 17:15:56.000	5.125	0002.952	0025.739	0085.845	0011.701	0000.100	0009.588	0007.744	0000.085	0003.021	30.186331	-91.985362
30/09/2021 17:15:56.000	5.063	0003.030	0025.736	0085.850	0011.513	0000.100	0008.750	0007.691	0000.085	0003.101	30.186331	-91.985362
30/09/2021 17:15:56.000	5.063	0003.110	0025.732	0084.025	0011.506	0000.100	0008.363	0007.698	0000.085	0003.183	30.186331	-91.985362
30/09/2021 17:15:57.000	5.063	0003.202	0025.728	0084.015	0011.390	0000.100	0007.525	0007.685	0000.085	0003.277	30.186332	-91.985362
30/09/2021 17:15:57.000	4.938	0003.286	0025.723	0084.025	0011.284	0000.100	0006.925	0007.661	0000.085	0003.363	30.186332	-91.985362
30/09/2021 17:15:57.000	5.000	0003.368	0025.723	0084.020	0011.204	0000.100	0006.338	0007.650	0000.085	0003.447	30.186332	-91.985362
30/09/2021 17:15:57.000	5.000	0003.450	0025.718	0084.020	0011.161	0000.100	0005.950	0007.645	0000.085	0003.531	30.186332	-91.985362
30/09/2021 17:15:58.000	4.875	0003.525	0025.715	0082.135	0011.040	0000.100	0005.238	0007.625	0000.085	0003.608	30.186333	-91.985362
30/09/2021 17:15:58.000	5.000	0003.603	0025.709	0082.135	0010.920	0000.100	0004.713	0007.625	0000.085	0003.687	30.186333	-91.985362
30/09/2021 17:15:58.000	4.813	0003.677	0025.706	0082.140	0010.837	0000.100	0004.400	0007.596	0000.085	0003.763	30.186333	-91.985362
30/09/2021 17:15:58.000	4.750	0003.772	0025.696	0082.140	0010.752	0000.102	0004.425	0007.574	0000.087	0003.860	30.186333	-91.985362
30/09/2021 17:15:59.000	4.750	0003.853	0025.684	0082.135	0010.708	0000.100	0004.675	0007.540	0000.085	0003.943	30.186333	-91.985362
30/09/2021 17:15:59.000	4.938	0003.938	0025.663	0079.430	0010.673	0000.100	0005.175	0007.524	0000.085	0004.030	30.186333	-91.985362
30/09/2021 17:15:59.000	4.875	0004.015	0025.624	0079.435	0010.571	0000.102	0005.338	0007.488	0000.087	0004.109	30.186333	-91.985362
30/09/2021 17:15:59.000	4.938	0004.094	0025.584	0079.430	0010.463	0000.102	0005.263	0007.472	0000.087	0004.190	30.186333	-91.985362
30/09/2021 17:16:00.000	5.125	0004.171	0025.534	0079.425	0010.400	0000.102	0005.050	0007.440	0000.087	0004.269	30.186333	-91.985362
30/09/2021 17:16:00.000	5.563	0004.257	0025.482	0072.760	0010.278	0000.102	0004.938	0007.421	0000.087	0004.357	30.186333	-91.985362
30/09/2021 17:16:00.000	5.625	0004.332	0025.431	0072.760	0010.245	0000.102	0005.037	0007.397	0000.087	0004.433	30.186333	-91.985362
30/09/2021 17:16:00.000	5.688	0004.390	0025.398	0072.755	0010.161	0000.102	0004.800	0007.369	0000.087	0004.493	30.186333	-91.985362
30/09/2021 17:16:01.000	6.625	0004.496	0025.370	0072.755	0010.003	0000.100	0004.525	0007.331	0000.085	0004.601	30.186334	-91.985361
30/09/2021 17:16:01.000	6.563	0004.582	0025.373	0072.760	0010.010	0000.102	0004.225	0007.301	0000.087	0004.689	30.186334	-91.985361
30/09/2021 17:16:01.000	6.688	0004.661	0025.326	0066.940	0009.924	0000.102	0003.813	0007.277	0000.087	0004.770	30.186334	-91.985361
30/09/2021 17:16:01.000	7.375	0004.751	0025.221	0066.940	0009.833	0000.100	0003.413	0007.245	0000.085	0004.862	30.186335	-91.985361
30/09/2021 17:16:02.000	8.063	0004.835	0025.123	0066.940	0009.738	0000.102	0003.237	0007.209	0000.087	0004.948	30.186335	-91.985361
30/09/2021 17:16:02.000	7.875	0004.910	0025.012	0066.940	0009.569	0000.102	0003.263	0007.179	0000.087	0005.025	30.186335	-91.985361
30/09/2021 17:16:02.000	7.625	0005.002	0024.931	0066.940	0009.506	0000.100	0003.900	0007.146	0000.085	0005.119	30.186335	-91.985361
30/09/2021 17:16:02.000	7.125	0005.076	0024.879	0061.625	0009.429	0000.104	0007.300	0007.119	0000.089	0005.195	30.186335	-91.985362
30/09/2021 17:16:03.000	6.938	0005.164	0024.707	0061.615	0009.409	0000.104	0006.662	0007.079	0000.089	0005.285	30.186335	-91.985362
30/09/2021 17:16:03.000	7.625	0005.253	0024.472	0061.620	0009.230	0000.106	0006.425	0007.037	0000.091	0005.376	30.186335	-91.985362
30/09/2021 17:16:03.000	7.188	0005.341	0024.307	0061.615	0009.216	0000.106	0004.650	0007.008	0000.091	0005.466	30.186335	-91.985362
30/09/2021 17:16:03.000	7.313	0005.419	0024.152	0051.200	0009.117	0000.108	0003.750	0006.980	0000.093	0005.546	30.186335	-91.985362
30/09/2021 17:16:04.000	7.500	0005.509	0023.963	0051.200	0009.032	0000.114	0003.300	0006.950	0000.098	0005.638	30.186336	-91.985361
30/09/2021 17:16:04.000	7.125	0005.594	0023.659	0051.200	0008.912	0000.118	0003.112	0006.921	0000.102	0005.725	30.186336	-91.985361
30/09/2021 17:16:04.000	8.500	0005.674	0023.443	0051.205	0008.825	0000.120	0003.000	0006.895	0000.104	0005.807	30.186336	-91.985361
30/09/2021 17:16:04.000	9.000	0005.764	0023.169	0051.195	0008.721	0000.124	0002.850	0006.866	0000.107	0005.899	30.186336	-91.985361
30/09/2021 17:16:05.000	8.125	0005.833	0022.563	0036.455	0008.695	0000.126	0002.737	0006.842	0000.109	0005.970	30.186336	-91.985361
30/09/2021 17:16:05.000	8.313	0005.925	0021.931	0036.455	0008.547	0000.128	0002.800	0006.817	0000.111	0006.064	30.186336	-91.985361
30/09/2021 17:16:05.000	8.438	0006.018	0021.232	0036.460	0008.489	0000.128	0002.763	0006.786	0000.111	0006.159	30.186336	-91.985361
30/09/2021 17:16:05.000	8.563	0006.105	0020.592	0036.455	0008.356	0000.130	0002.825	0006.761	0000.113	0006.248	30.186336	-91.985361
30/09/2021 17:16:06.000	8.250	0006.198	0019.995	0036.455	0008.330	0000.126	0002.688	0006.748	0000.109	0006.343	30.186337	-91.985361
30/09/2021 17:16:06.000	8.500	0006.279	0019.504	0026.580	0008.197	0000.128	0002.675	0006.739	0000.111	0006.426	30.186337	-91.985361
30/09/2021 17:16:06.000	8.438	0006.365	0019.162	0026.580	0008.124	0000.126	0002.737	0006.717	0000.109	0006.514	30.186337	-91.985361
30/09/2021 17:16:06.000	8.438	0006.439	0018.672	0026.575	0008.032	0000.126	0003.325	0006.710	0000.109	0006.590	30.186337	-91.985361
30/09/2021 17:16:07.000	9.625	0006.529	0018.187	0026.585	0007.987	0000.120	0003.112	0006.693	0000.104	0006.682	30.186338	-91.985360
30/09/2021 17:16:07.000	9.938	0006.615	0017.628	0021.140	0007.831	0000.120	0002.938	0006.673	0000.104	0006.770	30.186338	-91.985360
30/09/2021 17:16:07.000	9.813	0006.709	0017.166	0021.155	0007.722	0000.120	0002.625	0006.671	0000.104	0006.866	30.186338	-91.985360
30/09/2021 17:16:07.000	10.250	0006.800	0016.719	0021.140	0007.604	0000.118	0002.612	0006.662	0000.102	0006.959	30.186338	-91.985360
30/09/2021 17:16:08.000	9.438	0006.889	0016.335	0021.135	0007.551	0000.116	0002.513	0006.648	0000.100	0007.050	30.186338	-91.985360
30/09/2021 17:16:08.000	8.625	0006.980	0015.964	0021.140	0007.448	0000.118	0002.487	0006.639	0000.102	0007.144	30.186338	-91.985360
30/09/2021 17:16:08.000	9.063	0007.066	0015.638	0017.385	0007.355	0000.116	0002.388	0006.650	0000.100	0007.232	30.186338	-91.985360
30/09/2021 17:16:08.000	8.188	0007.147	0015.497	0017.380	0007.299	0000.116	0002.350	0006.654	0000.100	0007.314	30.186338	-91.985360
30/09/2021 17:16:09.000	8.000	0007.235	0015.313	0017.375	0007.141	0000.116	0002.237	0006.655	0000.100	0007.405	30.186339	-91.985360
30/09/2021 17:16:09.000	8.875	0007.327	0015.045	0017.390	0007.044	0000.118	0002.213	0006.667	0000.102	0007.499	30.186339	-91.985360
30/09/2021 17:16:09.000	7.625	0007.406	0014.884	0017.385	0007.058	0000.118	0002.163	0006.671	0000.102	0007.580	30.186339	-91.985360
30/09/2021 17:16:09.000	7.500	0007.500	0014.716	0014.605	0006.905	0000.116	0002.163	0006.672	0000.100	0007.676	30.186339	-91.985360
30/09/2021 17:16:10.000	8.000	0007.592	0014.433	0014.605	0006.793	0000.118	0002.163	0006.679	0000.102	0007.770	30.186340	-91.985359
30/09/2021 17:16:10.000	7.250	0007.691	0014.142	0014.595	0006.699	0000.118	0002.175	0006.684	0000.102	0007.871	30.186340	-91.985359
30/09/2021 17:16:10.000	7.000	0007.778	0013.891	0014.595	0006.598	0000.118	0002.088	0006.693	0000.102	0007.960	30.186340	-91.985359
30/09/2021 17:16:10.000	7.000	0007.871	0013.663	0012.280	0006.504	0000.120	0002.112	0006.702	0000.104	0008.055	30.186340	-91.985359
30/09/2021 17:16:11.000	7.063	0007.953	0013.489	0012.275	0006.433	0000.118	0002.100	0006.719	0000.102	0008.139	30.186341	-91.985359
30/09/2021 17:16:11.000	7.000	0008.042	0013.336	0012.280	0006.360	0000.120	0002.150	0006.725	0000.104	0008.230	30.186341	-91.985359
30/09/2021 17:16:11.000	6.875	0008.128	0013.204	0012.275	0006.269	0000.120	0002.112	0006.732	0000.104	0008.318	30.186341	-91.985359
30/09/2021 17:16:11.000	7.000	0008.206	0013.088	0012.275	0006.189	0000.120	0002.150	0006.737	0000.104	0008.398	30.186341	-91.985359
30/09/2021 17:16:12.000	7.125	0008.293	0012.946	0010.250	0006.054	0000.118	0002.088	0006.746	0000.102	0008.487	30.186342	-91.985358
30/09/2021 17:16:12.000	6.938	0008.375	0012.808	0010.255	0005.963	0000.118	0002.125	0006.744	0000.102	0008.571	30.186342	-91.985358
30/09/2021 17:16:12.000	6.813	0008.467	0012.681	0010.255	0005.894	0000.118	0002.050	0006.754	0000.102	0008.665	30.186342	-91.985358
30/09/2021 17:16:12.000	7.188	0008.561	0012.610	0010.260	0005.770	0000.118	0002.050	0006.759	0000.102	0008.762	30.186342	-91.985358
30/09/2021 17:16:13.000	6.813	0008.649	0012.554	0010.265	0005.735	0000.118	0002.025	0006.767	0000.102	0008.852	30.186343	-91.985359
30/09/2021 17:16:13.000	6.750	0008.744	0012.450	0008.390	0005.582	0000.118	0002.088	0006.760	0000.102	0008.949	30.186343	-91.985359
30/09/2021 17:16:13.000	6.563	0008.834	0012.352	0008.380	0005.490	0000.118	0002.025	0006.770	0000.102	0009.041	30.186343	-91.985359
30/09/2021 17:16:13.000	6.313	0008.920	0012.271	0008.380	0005.362	0000.118	0002.038	0006.782	0000.102	0009.129	30.186343	-91.985359
30/09/2021 17:16:14.000	6.250	0009.006	0012.185	0008.380	0005.361	0000.120	0001.963	0006.780	0000.104	0009.217	30.186343	-91.985358
30/09/2021 17:16:14.000	6.250	0009.082	0012.112	0007.075	0005.258	0000.118	0002.050	0006.776	0000.102	0009.295	30.186343	-91.985358
30/09/2021 17:16:14.000	5.938	0009.178	0012.050	0007.095	0005.132	0000.118	0002.038	0006.791	0000.102	0009.393	30.186343	-91.985358
30/09/2021 17:16:14.000	6.063	0009.262	0011.995	0007.085	0005.076	0000.120	0002.025	0006.779	0000.104	0009.479	30.186343	-91.985358
30/09/2021 17:16:15.000	6.125	0009.344	0011.963	0007.080	0004.972	0000.118	0002.075	0006.779	0000.102	0009.563	30.186344	-91.985358
30/09/2021 17:16:15.000	6.125	0009.435	0011.925	0007.085	0004.819	0000.120	0002.013	0006.776	0000.104	0009.656	30.186344	-91.985358
30/09/2021 17:16:15.000	6.125	0009.517	0011.891	0006.075	0004.790	0000.118	0002.013	0006.774	0000.102	0009.740	30.186344	-91.985358
30/09/2021 17:16:15.000	5.938	0009.570	0011.871	0006.070	0004.692	0000.120	0001.950	0006.750	0000.104	0009.794	30.186345	-91.985357
30/09/2021 17:16:16.000	5.938	0009.614	0011.866	0006.070	0004.677	0000.118	0002.313	0006.760	0000.102	0009.839	30.186345	-91.985357
30/09/2021 17:16:16.000	5.813	0009.609	0011.878	0006.085	0004.668	0000.120	0002.163	0006.750	0000.104	0009.834	30.186345	-91.985357
30/09/2021 17:16:16.000	5.938	0009.599	0011.885	0006.065	0004.670	0000.120	0002.100	0006.756	0000.104	0009.824	30.186345	-91.985357
30/09/2021 17:16:16.000	6.125	0009.595	0011.889	0005.040	0004.673	0000.120	0002.063	0006.758	0000.104	0009.820	30.186345	-91.985357
30/09/2021 17:16:17.000	6.000	0009.593	0011.874	0005.045	0004.676	0000.118	0002.025	0006.766	0000.102	0009.818	30.186346	-91.985358
30/09/2021 17:16:17.000	5.813	0009.591	0011.853	0005.040	0004.681	0000.120	0002.025	0006.750	0000.104	0009.816	30.186346	-91.985358
30/09/2021 17:16:17.000	5.938	0009.591	0011.849	0005.045	0004.683	0000.120	0002.000	0006.769	0000.104	0009.816	30.186346	-91.985358
30/09/2021 17:16:17.000	5.938	0009.593	0011.855	0004.525	0004.625	0000.120	0001.988	0006.770	0000.104	0009.818	30.186346	-91.985358
30/09/2021 17:16:18.000	5.938	0009.594	0011.920	0004.540	0004.616	0000.120	0002.025	0006.775	0000.104	0009.819	30.186348	-91.985357
30/09/2021 17:16:18.000	6.000	0009.593	0011.987	0004.535	0004.593	0000.118	0001.975	0006.763	0000.102	0009.818	30.186348	-91.985357
30/09/2021 17:16:18.000	6.063	0009.593	0012.037	0004.535	0004.626	0000.118	0002.025	0006.783	0000.102	0009.818	30.186348	-91.985357
30/09/2021 17:16:18.000	6.500	0009.592	0012.071	0004.530	0004.628	0000.120	0002.112	0006.779	0000.104	0009.817	30.186348	-91.985357
30/09/2021 17:16:19.000	6.250	0009.591	0012.110	0004.250	0004.595	0000.118	0002.112	0006.800	0000.102	0009.816	30.186349	-91.985357
30/09/2021 17:16:19.000	5.938	0009.591	0012.145	0004.250	0004.663	0000.118	0002.112	0006.801	0000.102	0009.816	30.186349	-91.985357
30/09/2021 17:16:19.000	5.938	0009.591	0012.168	0004.250	0004.663	0000.118	0002.013	0006.811	0000.102	0009.816	30.186349	-91.985357
30/09/2021 17:16:19.000	6.063	0009.591	0012.192	0004.260	0004.619	0000.120	0002.100	0006.798	0000.104	0009.816	30.186349	-91.985357
30/09/2021 17:16:20.000	6.063	0009.591	0012.221	0004.250	0004.682	0000.120	0002.138	0006.818	0000.104	0009.816	30.186349	-91.985357
30/09/2021 17:16:20.000	6.063	0009.591	0012.246	0003.985	0004.622	0000.124	0002.237	0006.820	0000.107	0009.816	30.186349	-91.985357
30/09/2021 17:16:20.000	5.938	0009.591	0012.269	0003.995	0004.684	0000.118	0002.175	0006.825	0000.102	0009.816	30.186349	-91.985357
30/09/2021 17:16:20.000	6.063	0009.591	0012.279	0003.995	0004.586	0000.120	0002.213	0006.835	0000.104	0009.816	30.186349	-91.985357
30/09/2021 17:16:21.000	6.000	0009.591	0012.274	0003.985	0004.632	0000.120	0002.250	0006.845	0000.104	0009.816	30.186350	-91.985357
30/09/2021 17:16:21.000	5.938	0009.591	0012.258	0003.775	0004.623	0000.120	0002.225	0006.831	0000.104	0009.816	30.186350	-91.985357
30/09/2021 17:16:21.000	5.938	0009.591	0012.239	0003.735	0004.604	0000.120	0002.250	0006.858	0000.104	0009.816	30.186350	-91.985357
30/09/2021 17:16:21.000	5.938	0009.591	0012.212	0003.760	0004.620	0000.120	0002.138	0006.853	0000.104	0009.816	30.186350	-91.985357
30/09/2021 17:16:22.000	5.875	0009.590	0012.185	0003.765	0004.633	0000.120	0002.150	0006.864	0000.104	0009.815	30.186351	-91.985357
30/09/2021 17:16:22.000	5.938	0009.590	0012.168	0003.760	0004.679	0000.120	0002.138	0006.859	0000.104	0009.815	30.186351	-91.985357
30/09/2021 17:16:22.000	5.938	0009.590	0012.152	0003.620	0004.660	0000.120	0002.275	0006.876	0000.104	0009.815	30.186351	-91.985357
30/09/2021 17:16:22.000	6.063	0009.590	0012.133	0003.630	0004.659	0000.120	0002.163	0006.883	0000.104	0009.815	30.186351	-91.985357
30/09/2021 17:16:23.000	6.063	0009.590	0012.115	0003.630	0004.614	0000.120	0002.163	0006.905	0000.104	0009.815	30.186352	-91.985357
30/09/2021 17:16:23.000	6.063	0009.590	0012.090	0003.630	0004.661	0000.120	0002.362	0006.897	0000.104	0009.815	30.186352	-91.985357
30/09/2021 17:16:23.000	6.125	0009.590	0012.067	0003.625	0004.618	0000.120	0002.175	0006.908	0000.104	0009.815	30.186352	-91.985357
30/09/2021 17:16:23.000	6.250	0009.589	0012.036	0003.515	0004.652	0000.120	0002.188	0006.908	0000.104	0009.814	30.186352	-91.985357
30/09/2021 17:16:24.000	6.375	0009.589	0012.004	0003.515	0004.629	0000.120	0002.188	0006.924	0000.104	0009.814	30.186353	-91.985356
30/09/2021 17:16:24.000	6.500	0009.589	0011.987	0003.515	0004.662	0000.124	0002.088	0006.922	0000.107	0009.814	30.186353	-91.985356
30/09/2021 17:16:24.000	6.250	0009.588	0011.988	0003.525	0004.622	0000.120	0002.112	0006.934	0000.104	0009.813	30.186353	-91.985356
30/09/2021 17:16:24.000	6.063	0009.588	0011.974	0003.490	0004.646	0000.120	0002.088	0006.921	0000.104	0009.813	30.186353	-91.985356
30/09/2021 17:16:25.000	6.063	0009.588	0011.955	0003.510	0004.637	0000.120	0002.288	0006.933	0000.104	0009.813	30.186353	-91.985356
30/09/2021 17:16:25.000	6.000	0009.588	0011.931	0003.500	0004.609	0000.124	0002.138	0006.925	0000.107	0009.813	30.186353	-91.985356
30/09/2021 17:16:25.000	5.938	0009.588	0011.898	0003.495	0004.611	0000.120	0002.075	0006.942	0000.104	0009.813	30.186353	-91.985356
30/09/2021 17:16:25.000	5.938	0009.588	0011.865	0003.490	0004.606	0000.120	0002.000	0006.920	0000.104	0009.813	30.186353	-91.985356
30/09/2021 17:16:26.000	5.938	0009.588	0011.847	0003.450	0004.567	0000.120	0002.125	0006.937	0000.104	0009.813	30.186354	-91.985356
30/09/2021 17:16:26.000	5.938	0009.588	0011.822	0003.450	0004.647	0000.124	0002.063	0006.943	0000.107	0009.813	30.186354	-91.985356
30/09/2021 17:16:26.000	6.125	0009.589	0011.800	0003.450	0004.561	0000.120	0002.000	0006.939	0000.104	0009.814	30.186354	-91.985356
30/09/2021 17:16:26.000	6.125	0009.589	0011.788	0003.455	0004.597	0000.120	0002.088	0006.940	0000.104	0009.814	30.186354	-91.985356
30/09/2021 17:16:27.000	5.750	0009.588	0011.769	0003.435	0004.558	0000.120	0002.088	0006.956	0000.104	0009.813	30.186355	-91.985355
30/09/2021 17:16:27.000	5.813	0009.588	0011.755	0003.415	0004.647	0000.124	0002.100	0006.950	0000.107	0009.813	30.186355	-91.985355
30/09/2021 17:16:27.000	5.625	0009.588	0011.745	0003.415	0004.650	0000.124	0002.075	0006.957	0000.107	0009.813	30.186355	-91.985355
30/09/2021 17:16:27.000	5.625	0009.588	0011.738	0003.410	0004.554	0000.126	0002.075	0006.962	0000.109	0009.813	30.186355	-91.985355
30/09/2021 17:16:28.000	5.875	0009.588	0011.729	0003.415	0004.592	0000.120	0002.075	0006.973	0000.104	0009.813	30.186355	-91.985355
30/09/2021 17:16:28.000	5.625	0009.589	0011.726	0003.325	0004.589	0000.124	0002.075	0006.962	0000.107	0009.814	30.186355	-91.985355
30/09/2021 17:16:28.000	5.563	0009.589	0011.722	0003.320	0004.569	0000.120	0002.050	0006.977	0000.104	0009.814	30.186355	-91.985355
30/09/2021 17:16:28.000	5.625	0009.588	0011.720	0003.310	0004.639	0000.124	0002.100	0006.970	0000.107	0009.813	30.186355	-91.985355
30/09/2021 17:16:29.000	5.563	0009.588	0011.722	0003.315	0004.643	0000.120	0002.050	0006.976	0000.104	0009.813	30.186356	-91.985355
30/09/2021 17:16:29.000	5.500	0009.588	0011.725	0003.315	0004.580	0000.120	0002.050	0006.981	0000.104	0009.813	30.186356	-91.985355
30/09/2021 17:16:29.000	5.625	0009.587	0011.724	0003.200	0004.633	0000.120	0002.013	0006.993	0000.104	0009.812	30.186356	-91.985355
30/09/2021 17:16:29.000	5.688	0009.588	0011.726	0003.205	0004.601	0000.124	0002.063	0006.981	0000.107	0009.813	30.186356	-91.985355
30/09/2021 17:16:30.000	5.625	0009.587	0011.728	0003.200	0004.588	0000.120	0002.050	0006.987	0000.104	0009.812	30.186357	-91.985355
30/09/2021 17:16:30.000	5.625	0009.587	0011.725	0003.205	0004.578	0000.120	0002.038	0006.996	0000.104	0009.812	30.186357	-91.985355
30/09/2021 17:16:30.000	5.563	0009.587	0011.728	0003.195	0004.544	0000.120	0002.000	0006.988	0000.104	0009.812	30.186357	-91.985355
30/09/2021 17:16:30.000	5.813	0009.587	0011.733	0003.065	0004.564	0000.124	0002.000	0006.999	0000.107	0009.812	30.186357	-91.985355
30/09/2021 17:16:31.000	5.750	0009.586	0011.738	0003.065	0004.544	0000.124	0002.025	0007.015	0000.107	0009.811	30.186357	-91.985354
30/09/2021 17:16:31.000	5.688	0009.586	0011.746	0003.060	0004.635	0000.120	0002.038	0007.006	0000.104	0009.811	30.186357	-91.985354
30/09/2021 17:16:31.000	5.563	0009.586	0011.754	0003.075	0004.624	0000.120	0002.075	0007.008	0000.104	0009.811	30.186357	-91.985354
30/09/2021 17:16:31.000	5.563	0009.586	0011.750	0002.970	0004.578	0000.124	0002.050	0007.018	0000.107	0009.811	30.186357	-91.985354
30/09/2021 17:16:32.000	5.563	0009.586	0011.745	0002.945	0004.569	0000.120	0002.025	0007.031	0000.104	0009.811	30.186358	-91.985354
30/09/2021 17:16:32.000	5.688	0009.586	0011.738	0002.970	0004.571	0000.124	0002.038	0007.019	0000.107	0009.811	30.186358	-91.985354
30/09/2021 17:16:32.000	5.688	0009.585	0011.730	0002.965	0004.576	0000.120	0002.050	0007.026	0000.104	0009.810	30.186358	-91.985354
30/09/2021 17:16:32.000	5.813	0009.585	0011.729	0002.970	0004.571	0000.120	0002.050	0007.027	0000.104	0009.810	30.186358	-91.985354
30/09/2021 17:16:33.000	6.063	0009.585	0011.724	0002.825	0004.574	0000.120	0002.050	0007.037	0000.104	0009.810	30.186359	-91.985353
30/09/2021 17:16:33.000	5.688	0009.585	0011.721	0002.830	0004.583	0000.120	0002.025	0007.028	0000.104	0009.810	30.186359	-91.985353
30/09/2021 17:16:33.000	5.625	0009.584	0011.719	0002.840	0004.544	0000.120	0002.025	0007.023	0000.104	0009.809	30.186359	-91.985353
30/09/2021 17:16:33.000	5.563	0009.585	0011.713	0002.835	0004.579	0000.120	0002.025	0007.033	0000.104	0009.810	30.186359	-91.985353
30/09/2021 17:16:34.000	5.563	0009.585	0011.711	0002.775	0004.565	0000.120	0002.100	0007.038	0000.104	0009.810	30.186360	-91.985352
30/09/2021 17:16:34.000	5.875	0009.585	0011.707	0002.735	0004.622	0000.120	0002.013	0007.044	0000.104	0009.810	30.186360	-91.985352
30/09/2021 17:16:34.000	5.813	0009.584	0011.707	0002.735	0004.637	0000.124	0002.025	0007.044	0000.107	0009.809	30.186360	-91.985352
30/09/2021 17:16:34.000	5.938	0009.584	0011.705	0002.735	0004.586	0000.124	0001.988	0007.046	0000.107	0009.809	30.186360	-91.985352
30/09/2021 17:16:35.000	5.875	0009.584	0011.703	0002.745	0004.617	0000.124	0002.013	0007.046	0000.107	0009.809	30.186361	-91.985352
30/09/2021 17:16:35.000	5.813	0009.584	0011.703	0002.665	0004.602	0000.120	0001.975	0007.053	0000.104	0009.809	30.186361	-91.985352
30/09/2021 17:16:35.000	5.688	0009.584	0011.702	0002.660	0004.571	0000.120	0002.050	0007.068	0000.104	0009.809	30.186361	-91.985352
30/09/2021 17:16:35.000	5.688	0009.584	0011.699	0002.665	0004.572	0000.120	0002.213	0007.062	0000.104	0009.809	30.186361	-91.985352
30/09/2021 17:16:36.000	5.625	0009.584	0011.698	0002.660	0004.621	0000.120	0002.125	0007.055	0000.104	0009.809	30.186361	-91.985352
30/09/2021 17:16:36.000	5.563	0009.583	0011.697	0002.650	0004.574	0000.124	0002.025	0007.066	0000.107	0009.808	30.186361	-91.985352
30/09/2021 17:16:36.000	5.563	0009.583	0011.696	0002.620	0004.580	0000.120	0002.050	0007.066	0000.104	0009.808	30.186361	-91.985352
30/09/2021 17:16:36.000	5.563	0009.583	0011.695	0002.610	0004.583	0000.120	0002.063	0007.067	0000.104	0009.808	30.186361	-91.985352
30/09/2021 17:16:37.000	5.563	0009.583	0011.693	0002.615	0004.604	0000.120	0002.088	0007.078	0000.104	0009.808	30.186363	-91.985352
30/09/2021 17:16:37.000	5.563	0009.583	0011.693	0002.610	0004.546	0000.124	0002.038	0007.080	0000.107	0009.808	30.186363	-91.985352
30/09/2021 17:16:37.000	5.563	0009.583	0011.691	0002.545	0004.594	0000.120	0002.063	0007.064	0000.104	0009.808	30.186363	-91.985352
30/09/2021 17:16:37.000	5.625	0009.583	0011.691	0002.580	0004.630	0000.120	0002.088	0007.089	0000.104	0009.808	30.186363	-91.985352
30/09/2021 17:16:38.000	5.688	0009.583	0011.695	0002.590	0004.588	0000.120	0002.088	0007.091	0000.104	0009.808	30.186364	-91.985352
30/09/2021 17:16:38.000	5.563	0009.583	0011.693	0002.580	0004.569	0000.120	0002.000	0007.083	0000.104	0009.808	30.186364	-91.985352
30/09/2021 17:16:38.000	5.563	0009.583	0011.697	0002.580	0004.549	0000.120	0002.075	0007.075	0000.104	0009.808	30.186364	-91.985352
30/09/2021 17:16:38.000	5.563	0009.582	0011.695	0002.545	0004.546	0000.120	0002.038	0007.086	0000.104	0009.807	30.186364	-91.985352
30/09/2021 17:16:39.000	5.688	0009.582	0011.696	0002.545	0004.563	0000.124	0002.075	0007.090	0000.107	0009.807	30.186365	-91.985352
30/09/2021 17:16:39.000	5.688	0009.583	0011.695	0002.545	0004.533	0000.126	0002.050	0007.079	0000.109	0009.808	30.186365	-91.985352
30/09/2021 17:16:39.000	5.563	0009.583	0011.693	0002.545	0004.535	0000.120	0002.050	0007.082	0000.104	0009.808	30.186365	-91.985352
30/09/2021 17:16:39.000	5.563	0009.583	0011.694	0002.550	0004.545	0000.124	0002.050	0007.080	0000.107	0009.808	30.186365	-91.985352
30/09/2021 17:16:40.000	5.563	0009.583	0011.697	0002.490	0004.537	0000.124	0002.088	0007.073	0000.107	0009.808	30.186366	-91.985352
30/09/2021 17:16:40.000	5.688	0009.582	0011.695	0002.495	0004.561	0000.124	0002.000	0007.083	0000.107	0009.807	30.186366	-91.985352
30/09/2021 17:16:40.000	6.063	0009.582	0011.697	0002.495	0004.544	0000.124	0002.038	0007.075	0000.107	0009.807	30.186366	-91.985352
30/09/2021 17:16:40.000	5.938	0009.582	0011.698	0002.495	0004.511	0000.124	0002.088	0007.079	0000.107	0009.807	30.186366	-91.985352
30/09/2021 17:16:41.000	5.813	0009.583	0011.698	0002.325	0004.542	0000.124	0002.000	0007.068	0000.107	0009.808	30.186367	-91.985352
30/09/2021 17:16:41.000	5.688	0009.583	0011.696	0002.420	0004.543	0000.120	0002.063	0007.086	0000.104	0009.808	30.186367	-91.985352
30/09/2021 17:16:41.000	5.625	0009.583	0011.699	0002.415	0004.539	0000.124	0002.075	0007.072	0000.107	0009.808	30.186367	-91.985352
30/09/2021 17:16:41.000	5.625	0009.583	0011.700	0002.405	0004.542	0000.120	0002.038	0007.084	0000.104	0009.808	30.186367	-91.985352
30/09/2021 17:16:42.000	5.688	0009.583	0011.700	0002.410	0004.563	0000.120	0002.050	0007.077	0000.104	0009.808	30.186367	-91.985351
30/09/2021 17:16:42.000	5.813	0009.583	0011.700	0002.345	0004.549	0000.120	0002.025	0007.084	0000.104	0009.808	30.186367	-91.985351
30/09/2021 17:16:42.000	5.813	0009.583	0011.701	0002.360	0004.542	0000.124	0002.075	0007.079	0000.107	0009.808	30.186367	-91.985351
30/09/2021 17:16:42.000	5.875	0009.583	0011.701	0002.360	0004.547	0000.120	0002.050	0007.088	0000.104	0009.808	30.186367	-91.985351
30/09/2021 17:16:43.000	5.688	0009.583	0011.697	0002.350	0004.552	0000.120	0002.050	0007.084	0000.104	0009.808	30.186368	-91.985351
30/09/2021 17:16:43.000	5.563	0009.584	0011.700	0002.360	0004.586	0000.120	0002.088	0007.097	0000.104	0009.809	30.186368	-91.985351
30/09/2021 17:16:43.000	5.500	0009.584	0011.699	0002.320	0004.534	0000.120	0002.063	0007.085	0000.104	0009.809	30.186368	-91.985351
30/09/2021 17:16:43.000	5.688	0009.583	0011.701	0002.315	0004.548	0000.120	0002.075	0007.092	0000.104	0009.808	30.186368	-91.985351
30/09/2021 17:16:44.000	5.750	0009.583	0011.701	0002.325	0004.548	0000.120	0002.100	0007.101	0000.104	0009.808	30.186369	-91.985351
30/09/2021 17:16:44.000	5.688	0009.583	0011.700	0002.305	0004.554	0000.124	0002.050	0007.103	0000.107	0009.808	30.186369	-91.985351
30/09/2021 17:16:44.000	5.688	0009.583	0011.698	0002.200	0004.546	0000.120	0002.038	0007.083	0000.104	0009.808	30.186369	-91.985351
30/09/2021 17:16:44.000	5.688	0009.584	0011.700	0002.275	0004.543	0000.120	0002.138	0007.105	0000.104	0009.809	30.186369	-91.985351
30/09/2021 17:16:45.000	5.813	0009.584	0011.698	0002.260	0004.520	0000.120	0001.963	0007.106	0000.104	0009.809	30.186370	-91.985350
30/09/2021 17:16:45.000	5.875	0009.584	0011.699	0002.260	0004.550	0000.124	0002.050	0007.101	0000.107	0009.809	30.186370	-91.985350
30/09/2021 17:16:45.000	5.938	0009.584	0011.697	0002.265	0004.507	0000.124	0002.050	0007.102	0000.107	0009.809	30.186370	-91.985350
30/09/2021 17:16:45.000	5.875	0009.584	0011.699	0002.240	0004.595	0000.120	0002.050	0007.110	0000.104	0009.809	30.186370	-91.985350
30/09/2021 17:16:46.000	5.875	0009.584	0011.698	0002.230	0004.572	0000.120	0002.112	0007.093	0000.104	0009.809	30.186371	-91.985350
30/09/2021 17:16:46.000	5.750	0009.584	0011.699	0002.230	0004.505	0000.124	0002.025	0007.108	0000.107	0009.809	30.186371	-91.985350
30/09/2021 17:16:46.000	5.688	0009.584	0011.699	0002.235	0004.536	0000.124	0002.063	0007.111	0000.107	0009.809	30.186371	-91.985350
30/09/2021 17:16:46.000	5.625	0009.584	0011.698	0002.230	0004.506	0000.124	0002.013	0007.106	0000.107	0009.809	30.186371	-91.985350
30/09/2021 17:16:47.000	5.688	0009.585	0011.698	0002.205	0004.507	0000.124	0002.025	0007.101	0000.107	0009.810	30.186372	-91.985349
30/09/2021 17:16:47.000	5.938	0009.584	0011.697	0002.205	0004.507	0000.124	0002.025	0007.122	0000.107	0009.809	30.186372	-91.985349
30/09/2021 17:16:47.000	6.000	0009.584	0011.699	0002.205	0004.510	0000.120	0002.013	0007.116	0000.104	0009.809	30.186372	-91.985349
30/09/2021 17:16:47.000	5.813	0009.584	0011.700	0002.205	0004.595	0000.124	0002.025	0007.117	0000.107	0009.809	30.186372	-91.985349
30/09/2021 17:16:48.000	5.813	0009.585	0011.700	0002.160	0004.513	0000.124	0002.025	0007.117	0000.107	0009.810	30.186373	-91.985348
30/09/2021 17:16:48.000	5.813	0009.585	0011.706	0002.155	0004.508	0000.124	0002.025	0007.127	0000.107	0009.810	30.186373	-91.985348
30/09/2021 17:16:48.000	5.813	0009.585	0011.707	0002.160	0004.506	0000.120	0002.050	0007.111	0000.104	0009.810	30.186373	-91.985348
30/09/2021 17:16:48.000	5.688	0009.585	0011.707	0002.150	0004.534	0000.120	0002.063	0007.127	0000.104	0009.810	30.186373	-91.985348
30/09/2021 17:16:49.000	5.688	0009.585	0011.709	0002.160	0004.515	0000.120	0002.063	0007.123	0000.104	0009.810	30.186374	-91.985348
30/09/2021 17:16:49.000	5.625	0009.585	0011.709	0002.085	0004.583	0000.124	0002.000	0007.131	0000.107	0009.810	30.186374	-91.985348
30/09/2021 17:16:49.000	5.563	0009.585	0011.716	0002.085	0004.516	0000.120	0002.050	0007.117	0000.104	0009.810	30.186374	-91.985348
30/09/2021 17:16:49.000	5.625	0009.585	0011.727	0002.085	0004.588	0000.120	0002.050	0007.123	0000.104	0009.810	30.186374	-91.985348
30/09/2021 17:16:50.000	5.625	0009.585	0011.743	0002.090	0004.544	0000.124	0002.038	0007.118	0000.107	0009.810	30.186375	-91.985348
30/09/2021 17:16:50.000	5.625	0009.585	0011.752	0002.075	0004.567	0000.120	0002.025	0007.138	0000.104	0009.810	30.186375	-91.985348
30/09/2021 17:16:50.000	5.688	0009.585	0011.766	0002.050	0004.580	0000.124	0002.112	0007.130	0000.107	0009.810	30.186375	-91.985348
30/09/2021 17:16:50.000	5.875	0009.586	0011.782	0002.050	0004.549	0000.124	0002.038	0007.129	0000.107	0009.811	30.186375	-91.985348
30/09/2021 17:16:51.000	5.750	0009.586	0011.792	0002.050	0004.550	0000.124	0002.075	0007.121	0000.107	0009.811	30.186376	-91.985348
30/09/2021 17:16:51.000	5.688	0009.586	0011.796	0002.050	0004.585	0000.124	0002.050	0007.131	0000.107	0009.811	30.186376	-91.985348
30/09/2021 17:16:51.000	5.750	0009.586	0011.798	0002.020	0004.493	0000.120	0002.075	0007.124	0000.104	0009.811	30.186376	-91.985348
30/09/2021 17:16:51.000	5.750	0009.586	0011.792	0002.015	0004.521	0000.124	0002.038	0007.139	0000.107	0009.811	30.186376	-91.985348
30/09/2021 17:16:52.000	5.938	0009.585	0011.794	0002.025	0004.562	0000.120	0002.063	0007.129	0000.104	0009.810	30.186377	-91.985348
30/09/2021 17:16:52.000	5.938	0009.585	0011.792	0002.025	0004.465	0000.124	0002.063	0007.135	0000.107	0009.810	30.186377	-91.985348
30/09/2021 17:16:52.000	5.688	0009.585	0011.792	0002.020	0004.511	0000.120	0002.088	0007.136	0000.104	0009.810	30.186377	-91.985348
30/09/2021 17:16:52.000	5.563	0009.585	0011.790	0002.000	0004.519	0000.120	0002.075	0007.144	0000.104	0009.810	30.186377	-91.985348
30/09/2021 17:16:53.000	5.500	0009.585	0011.787	0002.000	0004.518	0000.120	0002.063	0007.130	0000.104	0009.810	30.186377	-91.985348
30/09/2021 17:16:53.000	5.563	0009.585	0011.792	0002.000	0004.506	0000.124	0002.075	0007.142	0000.107	0009.810	30.186377	-91.985348
30/09/2021 17:16:53.000	5.688	0009.585	0011.793	0002.000	0004.506	0000.124	0002.075	0007.147	0000.107	0009.810	30.186377	-91.985348
30/09/2021 17:16:53.000	5.813	0009.585	0011.791	0002.005	0004.510	0000.124	0001.975	0007.144	0000.107	0009.810	30.186377	-91.985348
30/09/2021 17:16:54.000	5.813	0009.585	0011.786	0001.990	0004.437	0000.120	0002.025	0007.142	0000.104	0009.810	30.186377	-91.985348
30/09/2021 17:16:54.000	5.875	0009.585	0011.782	0001.985	0004.536	0000.120	0002.075	0007.153	0000.104	0009.810	30.186377	-91.985348
30/09/2021 17:16:54.000	5.813	0009.584	0011.777	0001.990	0004.516	0000.124	0002.138	0007.142	0000.107	0009.809	30.186377	-91.985348
30/09/2021 17:16:54.000	5.688	0009.584	0011.764	0001.985	0004.523	0000.124	0002.088	0007.151	0000.107	0009.809	30.186377	-91.985348
30/09/2021 17:16:55.000	5.688	0009.584	0011.750	0001.965	0004.485	0000.120	0002.163	0007.151	0000.104	0009.809	30.186378	-91.985347
30/09/2021 17:16:55.000	5.750	0009.584	0011.739	0001.955	0004.429	0000.124	0002.150	0007.161	0000.107	0009.809	30.186378	-91.985347
30/09/2021 17:16:55.000	5.688	0009.584	0011.730	0001.965	0004.427	0000.120	0002.050	0007.140	0000.104	0009.809	30.186378	-91.985347
30/09/2021 17:16:55.000	5.688	0009.583	0011.722	0001.955	0004.435	0000.124	0002.088	0007.151	0000.107	0009.808	30.186378	-91.985347
30/09/2021 17:16:56.000	5.563	0009.583	0011.716	0001.960	0004.446	0000.120	0002.050	0007.151	0000.104	0009.808	30.186378	-91.985347
30/09/2021 17:16:56.000	5.563	0009.583	0011.713	0001.935	0004.499	0000.120	0002.163	0007.153	0000.104	0009.808	30.186378	-91.985347
30/09/2021 17:16:56.000	5.563	0009.583	0011.711	0001.930	0004.423	0000.120	0002.112	0007.149	0000.104	0009.808	30.186378	-91.985347
30/09/2021 17:16:56.000	5.625	0009.583	0011.707	0001.935	0004.446	0000.120	0002.000	0007.153	0000.104	0009.808	30.186378	-91.985347
30/09/2021 17:16:57.000	5.688	0009.583	0011.706	0001.940	0004.447	0000.120	0002.063	0007.142	0000.104	0009.808	30.186378	-91.985347
30/09/2021 17:16:57.000	5.813	0009.582	0011.704	0001.935	0004.434	0000.124	0002.075	0007.146	0000.107	0009.807	30.186378	-91.985347
30/09/2021 17:16:57.000	5.813	0009.582	0011.701	0001.910	0004.416	0000.120	0002.025	0007.147	0000.104	0009.807	30.186378	-91.985347
30/09/2021 17:16:57.000	5.688	0009.582	0011.698	0001.910	0004.484	0000.120	0002.050	0007.150	0000.104	0009.807	30.186378	-91.985347
30/09/2021 17:16:58.000	6.375	0009.582	0011.698	0001.910	0004.458	0000.120	0002.088	0007.140	0000.104	0009.807	30.186379	-91.985347
30/09/2021 17:16:58.000	6.125	0009.582	0011.697	0001.910	0004.475	0000.120	0002.063	0007.151	0000.104	0009.807	30.186379	-91.985347
30/09/2021 17:16:58.000	5.688	0009.582	0011.696	0001.885	0004.473	0000.120	0002.075	0007.142	0000.104	0009.807	30.186379	-91.985347
30/09/2021 17:16:58.000	5.563	0009.582	0011.696	0001.890	0004.405	0000.120	0002.075	0007.144	0000.104	0009.807	30.186379	-91.985347
30/09/2021 17:16:59.000	5.750	0009.582	0011.697	0001.880	0004.393	0000.120	0002.075	0007.140	0000.104	0009.807	30.186380	-91.985347
30/09/2021 17:16:59.000	5.750	0009.581	0011.696	0001.875	0004.393	0000.120	0002.088	0007.145	0000.104	0009.805	30.186380	-91.985347
30/09/2021 17:16:59.000	5.688	0009.581	0011.698	0001.885	0004.384	0000.120	0002.088	0007.137	0000.104	0009.805	30.186380	-91.985347
30/09/2021 17:16:59.000	5.688	0009.581	0011.694	0001.855	0004.457	0000.120	0002.088	0007.141	0000.104	0009.805	30.186380	-91.985347
30/09/2021 17:17:00.000	5.688	0009.581	0011.694	0001.855	0004.432	0000.120	0002.038	0007.138	0000.104	0009.805	30.186381	-91.985347
30/09/2021 17:17:00.000	5.813	0009.581	0011.695	0001.855	0004.398	0000.120	0002.050	0007.148	0000.104	0009.805	30.186381	-91.985347
30/09/2021 17:17:00.000	5.875	0009.581	0011.693	0001.855	0004.399	0000.124	0002.112	0007.135	0000.107	0009.805	30.186381	-91.985347
30/09/2021 17:17:00.000	5.813	0009.581	0011.695	0001.855	0004.382	0000.124	0002.088	0007.129	0000.107	0009.805	30.186381	-91.985347
30/09/2021 17:17:01.000	5.688	0009.581	0011.691	0001.830	0004.388	0000.120	0002.138	0007.140	0000.104	0009.805	30.186381	-91.985347
30/09/2021 17:17:01.000	5.688	0009.581	0011.693	0001.835	0004.392	0000.120	0002.112	0007.146	0000.104	0009.805	30.186381	-91.985347
30/09/2021 17:17:01.000	5.688	0009.581	0011.692	0001.835	0004.319	0000.120	0002.088	0007.138	0000.104	0009.805	30.186381	-91.985347
30/09/2021 17:17:01.000	5.688	0009.580	0011.693	0001.835	0004.321	0000.120	0002.075	0007.133	0000.104	0009.804	30.186381	-91.985347
30/09/2021 17:17:02.000	5.688	0009.581	0011.692	0001.820	0004.322	0000.120	0002.100	0007.137	0000.104	0009.805	30.186382	-91.985346
30/09/2021 17:17:02.000	5.625	0009.580	0011.691	0001.820	0004.321	0000.120	0002.075	0007.133	0000.104	0009.804	30.186382	-91.985346
30/09/2021 17:17:02.000	5.750	0009.580	0011.691	0001.825	0004.321	0000.120	0002.088	0007.136	0000.104	0009.804	30.186382	-91.985346
30/09/2021 17:17:02.000	5.688	0009.580	0011.692	0001.825	0004.363	0000.120	0002.088	0007.142	0000.104	0009.804	30.186382	-91.985346
30/09/2021 17:17:03.000	5.750	0009.580	0011.693	0001.825	0004.345	0000.120	0002.075	0007.137	0000.104	0009.804	30.186384	-91.985346
30/09/2021 17:17:03.000	5.688	0009.580	0011.693	0001.800	0004.311	0000.120	0002.063	0007.131	0000.104	0009.804	30.186384	-91.985346
30/09/2021 17:17:03.000	5.625	0009.581	0011.691	0001.800	0004.357	0000.120	0002.050	0007.140	0000.104	0009.805	30.186384	-91.985346
30/09/2021 17:17:03.000	5.563	0009.581	0011.692	0001.795	0004.383	0000.120	0002.013	0007.148	0000.104	0009.805	30.186384	-91.985346
30/09/2021 17:17:04.000	5.625	0009.581	0011.691	0001.790	0004.355	0000.120	0002.313	0007.140	0000.104	0009.805	30.186385	-91.985345
30/09/2021 17:17:04.000	5.688	0009.581	0011.692	0001.745	0004.328	0000.120	0002.112	0007.128	0000.104	0009.805	30.186385	-91.985345
30/09/2021 17:17:04.000	5.750	0009.580	0011.694	0001.770	0004.310	0000.120	0002.088	0007.149	0000.104	0009.804	30.186385	-91.985345
30/09/2021 17:17:04.000	5.750	0009.580	0011.694	0001.780	0004.324	0000.124	0002.125	0007.138	0000.107	0009.804	30.186385	-91.985345
30/09/2021 17:17:05.000	5.625	0009.580	0011.693	0001.775	0004.334	0000.120	0002.063	0007.146	0000.104	0009.804	30.186386	-91.985345
30/09/2021 17:17:05.000	6.063	0009.580	0011.693	0001.780	0004.269	0000.124	0002.075	0007.150	0000.107	0009.804	30.186386	-91.985345
30/09/2021 17:17:05.000	6.375	0009.580	0011.695	0001.765	0004.274	0000.120	0002.063	0007.147	0000.104	0009.804	30.186386	-91.985345
30/09/2021 17:17:05.000	6.125	0009.580	0011.692	0001.765	0004.319	0000.120	0002.063	0007.144	0000.104	0009.804	30.186386	-91.985345
30/09/2021 17:17:06.000	5.688	0009.581	0011.692	0001.765	0004.257	0000.120	0002.013	0007.146	0000.104	0009.805	30.186387	-91.985345
30/09/2021 17:17:06.000	5.563	0009.581	0011.694	0001.765	0004.241	0000.120	0002.088	0007.144	0000.104	0009.805	30.186387	-91.985345
30/09/2021 17:17:06.000	5.688	0009.580	0011.692	0001.765	0004.186	0000.120	0002.050	0007.151	0000.104	0009.804	30.186387	-91.985345
30/09/2021 17:17:06.000	5.688	0009.580	0011.693	0001.755	0004.325	0000.120	0002.100	0007.153	0000.104	0009.804	30.186387	-91.985345
30/09/2021 17:17:07.000	5.750	0009.580	0011.695	0001.755	0004.257	0000.120	0002.088	0007.151	0000.104	0009.804	30.186388	-91.985344
30/09/2021 17:17:07.000	5.813	0009.580	0011.694	0001.755	0004.298	0000.120	0002.063	0007.157	0000.104	0009.804	30.186388	-91.985344
30/09/2021 17:17:07.000	5.813	0009.581	0011.694	0001.755	0004.326	0000.124	0002.063	0007.156	0000.107	0009.805	30.186388	-91.985344
30/09/2021 17:17:07.000	5.813	0009.581	0011.694	0001.680	0004.279	0000.124	0002.075	0007.145	0000.107	0009.805	30.186389	-91.985344
30/09/2021 17:17:08.000	5.938	0009.581	0011.692	0001.740	0004.187	0000.120	0002.112	0007.160	0000.104	0009.805	30.186389	-91.985344
30/09/2021 17:17:08.000	6.375	0009.581	0011.694	0001.745	0004.179	0000.120	0002.075	0007.151	0000.104	0009.805	30.186389	-91.985344
30/09/2021 17:17:08.000	6.500	0009.581	0011.693	0001.745	0004.278	0000.120	0002.112	0007.160	0000.104	0009.805	30.186389	-91.985344
30/09/2021 17:17:08.000	5.938	0009.581	0011.693	0001.755	0004.211	0000.120	0002.075	0007.156	0000.104	0009.805	30.186389	-91.985344
30/09/2021 17:17:09.000	5.813	0009.581	0011.695	0001.745	0004.254	0000.120	0002.063	0007.160	0000.104	0009.805	30.186389	-91.985343
30/09/2021 17:17:09.000	5.813	0009.581	0011.696	0001.740	0004.256	0000.124	0002.038	0007.151	0000.107	0009.805	30.186389	-91.985343
30/09/2021 17:17:09.000	5.688	0009.581	0011.696	0001.740	0004.221	0000.124	0002.025	0007.156	0000.107	0009.805	30.186389	-91.985343
30/09/2021 17:17:09.000	5.813	0009.581	0011.696	0001.745	0004.261	0000.126	0002.225	0007.164	0000.109	0009.805	30.186389	-91.985343
30/09/2021 17:17:10.000	5.625	0009.581	0011.693	0001.745	0004.243	0000.120	0002.138	0007.159	0000.104	0009.805	30.186390	-91.985343
30/09/2021 17:17:10.000	5.563	0009.581	0011.695	0001.735	0004.235	0000.120	0002.163	0007.149	0000.104	0009.805	30.186390	-91.985343
30/09/2021 17:17:10.000	5.563	0009.581	0011.695	0001.730	0004.231	0000.124	0002.112	0007.161	0000.107	0009.805	30.186390	-91.985343
30/09/2021 17:17:10.000	5.563	0009.581	0011.696	0001.725	0004.206	0000.124	0002.075	0007.163	0000.107	0009.805	30.186390	-91.985343
30/09/2021 17:17:11.000	5.563	0009.581	0011.694	0001.735	0004.231	0000.120	0002.112	0007.160	0000.104	0009.805	30.186390	-91.985343
30/09/2021 17:17:11.000	5.625	0009.581	0011.695	0001.655	0004.228	0000.124	0002.125	0007.154	0000.107	0009.805	30.186390	-91.985343
30/09/2021 17:17:11.000	5.625	0009.581	0011.696	0001.735	0004.238	0000.120	0002.125	0007.171	0000.104	0009.805	30.186390	-91.985343
30/09/2021 17:17:11.000	5.625	0009.581	0011.695	0001.730	0004.200	0000.124	0002.025	0007.149	0000.107	0009.805	30.186390	-91.985343
30/09/2021 17:17:12.000	5.563	0009.581	0011.697	0001.735	0004.229	0000.120	0002.100	0007.163	0000.104	0009.805	30.186391	-91.985343
30/09/2021 17:17:12.000	5.688	0009.581	0011.693	0001.740	0004.192	0000.124	0002.138	0007.163	0000.107	0009.805	30.186391	-91.985343
30/09/2021 17:17:12.000	5.688	0009.581	0011.696	0001.720	0004.243	0000.120	0002.175	0007.160	0000.104	0009.805	30.186391	-91.985343
30/09/2021 17:17:12.000	5.563	0009.582	0011.696	0001.715	0004.169	0000.124	0002.100	0007.154	0000.107	0009.807	30.186391	-91.985343
30/09/2021 17:17:13.000	5.563	0009.582	0011.694	0001.715	0004.223	0000.124	0002.063	0007.164	0000.107	0009.807	30.186391	-91.985343
30/09/2021 17:17:13.000	5.625	0009.582	0011.696	0001.715	0004.232	0000.124	0002.013	0007.154	0000.107	0009.807	30.186391	-91.985343
30/09/2021 17:17:13.000	5.625	0009.581	0011.698	0001.715	0004.225	0000.124	0002.325	0007.165	0000.107	0009.805	30.186391	-91.985343
30/09/2021 17:17:13.000	5.688	0009.582	0011.697	0001.715	0004.211	0000.126	0002.163	0007.164	0000.109	0009.807	30.186391	-91.985343
30/09/2021 17:17:14.000	5.938	0009.582	0011.696	0001.705	0004.216	0000.124	0002.088	0007.169	0000.107	0009.807	30.186391	-91.985343
30/09/2021 17:17:14.000	6.313	0009.582	0011.697	0001.705	0004.220	0000.124	0002.075	0007.154	0000.107	0009.807	30.186391	-91.985343
30/09/2021 17:17:14.000	6.125	0009.582	0011.697	0001.710	0004.174	0000.124	0002.038	0007.168	0000.107	0009.807	30.186391	-91.985343
30/09/2021 17:17:14.000	5.875	0009.582	0011.697	0001.625	0004.203	0000.124	0002.075	0007.158	0000.107	0009.807	30.186391	-91.985343
30/09/2021 17:17:15.000	5.875	0009.582	0011.698	0001.705	0004.145	0000.124	0002.050	0007.176	0000.107	0009.807	30.186391	-91.985342
30/09/2021 17:17:15.000	5.625	0009.583	0011.697	0001.700	0004.225	0000.124	0002.050	0007.163	0000.107	0009.808	30.186391	-91.985342
30/09/2021 17:17:15.000	5.563	0009.583	0011.699	0001.700	0004.150	0000.120	0002.100	0007.165	0000.104	0009.808	30.186391	-91.985342
30/09/2021 17:17:15.000	5.563	0009.569	0011.698	0001.690	0004.170	0000.124	0002.050	0007.160	0000.107	0009.793	30.186391	-91.985342
30/09/2021 17:17:16.000	5.750	0009.553	0011.701	0001.695	0004.223	0000.124	0002.088	0007.191	0000.107	0009.777	30.186392	-91.985342
30/09/2021 17:17:16.000	6.063	0009.536	0011.699	0001.690	0004.187	0000.124	0002.013	0007.182	0000.107	0009.759	30.186392	-91.985342
30/09/2021 17:17:16.000	5.813	0009.514	0011.700	0001.690	0004.253	0000.120	0002.175	0007.187	0000.104	0009.737	30.186392	-91.985342
30/09/2021 17:17:16.000	5.938	0009.522	0011.701	0001.685	0004.298	0000.124	0002.112	0007.182	0000.107	0009.745	30.186392	-91.985342
30/09/2021 17:17:17.000	5.625	0009.537	0011.704	0001.695	0004.228	0000.120	0002.075	0007.182	0000.104	0009.760	30.186393	-91.985342
30/09/2021 17:17:17.000	5.500	0009.543	0011.704	0001.675	0004.207	0000.124	0002.112	0007.171	0000.107	0009.767	30.186393	-91.985342
30/09/2021 17:17:17.000	5.813	0009.567	0011.707	0001.680	0004.225	0000.120	0002.025	0007.175	0000.104	0009.791	30.186393	-91.985342
30/09/2021 17:17:17.000	5.625	0009.589	0011.710	0001.685	0004.116	0000.120	0002.025	0007.162	0000.104	0009.814	30.186393	-91.985342
30/09/2021 17:17:18.000	6.063	0009.609	0011.714	0001.670	0004.087	0000.120	0002.163	0007.162	0000.104	0009.834	30.186393	-91.985341
30/09/2021 17:17:18.000	6.125	0009.629	0011.715	0001.645	0004.083	0000.124	0002.112	0007.162	0000.107	0009.855	30.186393	-91.985341
30/09/2021 17:17:18.000	6.000	0009.653	0011.722	0001.690	0004.065	0000.120	0002.075	0007.169	0000.104	0009.879	30.186393	-91.985341
30/09/2021 17:17:18.000	5.688	0009.673	0011.723	0001.680	0004.001	0000.120	0002.050	0007.151	0000.104	0009.900	30.186393	-91.985341
30/09/2021 17:17:19.000	5.813	0009.695	0011.719	0001.675	0004.007	0000.120	0002.138	0007.156	0000.104	0009.922	30.186394	-91.985341
30/09/2021 17:17:19.000	6.375	0009.719	0011.715	0001.680	0003.992	0000.120	0002.100	0007.160	0000.104	0009.947	30.186394	-91.985341
30/09/2021 17:17:19.000	5.688	0009.745	0011.710	0001.660	0003.964	0000.120	0002.038	0007.159	0000.104	0009.973	30.186394	-91.985341
30/09/2021 17:17:19.000	5.625	0009.765	0011.705	0001.660	0003.978	0000.120	0002.050	0007.159	0000.104	0009.994	30.186394	-91.985341
30/09/2021 17:17:20.000	6.000	0009.788	0011.701	0001.655	0003.908	0000.120	0002.025	0007.168	0000.104	0010.017	30.186394	-91.985341
30/09/2021 17:17:20.000	5.688	0009.811	0011.692	0001.660	0003.864	0000.124	0002.050	0007.148	0000.107	0010.041	30.186394	-91.985341
30/09/2021 17:17:20.000	5.563	0009.832	0011.685	0001.660	0003.841	0000.120	0002.050	0007.152	0000.104	0010.062	30.186394	-91.985341
30/09/2021 17:17:20.000	5.875	0009.855	0011.679	0001.645	0003.773	0000.120	0002.063	0007.143	0000.104	0010.086	30.186394	-91.985341
30/09/2021 17:17:21.000	5.813	0009.876	0011.671	0001.640	0003.781	0000.120	0002.075	0007.146	0000.104	0010.107	30.186395	-91.985341
30/09/2021 17:17:21.000	6.063	0009.899	0011.665	0001.645	0003.800	0000.120	0002.100	0007.136	0000.104	0010.131	30.186395	-91.985341
30/09/2021 17:17:21.000	6.750	0009.920	0011.658	0001.635	0003.737	0000.120	0002.050	0007.149	0000.104	0010.152	30.186395	-91.985341
30/09/2021 17:17:21.000	5.688	0009.941	0011.653	0001.615	0003.761	0000.120	0002.138	0007.133	0000.104	0010.174	30.186395	-91.985341
30/09/2021 17:17:22.000	5.750	0009.967	0011.646	0001.635	0003.708	0000.120	0002.138	0007.137	0000.104	0010.201	30.186396	-91.985341
30/09/2021 17:17:22.000	5.688	0009.989	0011.642	0001.635	0003.724	0000.120	0002.075	0007.135	0000.104	0010.223	30.186396	-91.985341
30/09/2021 17:17:22.000	5.563	0010.009	0011.637	0001.645	0003.657	0000.120	0002.088	0007.143	0000.104	0010.244	30.186396	-91.985341
30/09/2021 17:17:22.000	5.625	0010.031	0011.635	0001.640	0003.634	0000.120	0002.088	0007.133	0000.104	0010.266	30.186396	-91.985341
30/09/2021 17:17:23.000	5.563	0010.054	0011.629	0001.600	0003.622	0000.120	0002.088	0007.143	0000.104	0010.290	30.186397	-91.985341
30/09/2021 17:17:23.000	5.563	0010.075	0011.625	0001.615	0003.589	0000.124	0002.163	0007.144	0000.107	0010.311	30.186397	-91.985341
30/09/2021 17:17:23.000	5.500	0010.092	0011.620	0001.610	0003.524	0000.120	0002.088	0007.151	0000.104	0010.328	30.186397	-91.985341
30/09/2021 17:17:23.000	5.563	0010.115	0011.617	0001.615	0003.545	0000.124	0002.088	0007.142	0000.107	0010.352	30.186397	-91.985341
30/09/2021 17:17:24.000	5.563	0010.138	0011.613	0001.615	0003.517	0000.124	0002.050	0007.138	0000.107	0010.376	30.186398	-91.985341
30/09/2021 17:17:24.000	5.625	0010.161	0011.611	0001.610	0003.460	0000.124	0002.075	0007.137	0000.107	0010.399	30.186398	-91.985341
30/09/2021 17:17:24.000	5.688	0010.182	0011.606	0001.615	0003.441	0000.120	0002.025	0007.150	0000.104	0010.421	30.186398	-91.985341
30/09/2021 17:17:24.000	5.688	0010.201	0011.603	0001.610	0003.463	0000.124	0002.400	0007.140	0000.107	0010.440	30.186398	-91.985341
30/09/2021 17:17:25.000	5.750	0010.221	0011.601	0001.615	0003.411	0000.120	0002.163	0007.146	0000.104	0010.460	30.186400	-91.985340
30/09/2021 17:17:25.000	5.688	0010.244	0011.598	0001.605	0003.383	0000.120	0002.125	0007.148	0000.104	0010.484	30.186400	-91.985340
30/09/2021 17:17:25.000	5.688	0010.265	0011.594	0001.605	0003.344	0000.124	0002.138	0007.142	0000.107	0010.506	30.186400	-91.985340
30/09/2021 17:17:25.000	5.688	0010.285	0011.591	0001.600	0003.324	0000.124	0002.138	0007.142	0000.107	0010.526	30.186400	-91.985340
30/09/2021 17:17:26.000	5.813	0010.304	0011.590	0001.605	0003.302	0000.124	0002.125	0007.144	0000.107	0010.545	30.186400	-91.985340
30/09/2021 17:17:26.000	5.750	0010.325	0011.585	0001.600	0003.237	0000.124	0002.063	0007.138	0000.107	0010.567	30.186400	-91.985340
30/09/2021 17:17:26.000	5.688	0010.346	0011.581	0001.600	0003.273	0000.120	0002.100	0007.136	0000.104	0010.588	30.186400	-91.985340
30/09/2021 17:17:26.000	5.813	0010.367	0011.577	0001.595	0003.233	0000.124	0002.075	0007.138	0000.107	0010.610	30.186400	-91.985340
30/09/2021 17:17:27.000	5.750	0010.389	0011.576	0001.590	0003.203	0000.124	0002.063	0007.140	0000.107	0010.632	30.186401	-91.985340
30/09/2021 17:17:27.000	5.750	0010.408	0011.572	0001.590	0003.185	0000.124	0002.088	0007.130	0000.107	0010.652	30.186401	-91.985340
30/09/2021 17:17:27.000	5.688	0010.429	0011.572	0001.595	0003.089	0000.120	0002.050	0007.133	0000.104	0010.673	30.186401	-91.985340
30/09/2021 17:17:27.000	5.563	0010.450	0011.568	0001.585	0003.088	0000.124	0002.063	0007.131	0000.107	0010.695	30.186401	-91.985340
30/09/2021 17:17:28.000	5.563	0010.472	0011.565	0001.580	0003.041	0000.120	0002.088	0007.124	0000.104	0010.717	30.186402	-91.985340
30/09/2021 17:17:28.000	5.625	0010.494	0011.562	0001.585	0003.095	0000.124	0002.088	0007.122	0000.107	0010.740	30.186402	-91.985340
30/09/2021 17:17:28.000	5.563	0010.514	0011.564	0001.590	0003.088	0000.124	0002.112	0007.126	0000.107	0010.760	30.186402	-91.985340
30/09/2021 17:17:28.000	5.563	0010.534	0011.563	0001.580	0003.046	0000.124	0002.050	0007.126	0000.107	0010.781	30.186402	-91.985340
30/09/2021 17:17:29.000	5.563	0010.557	0011.561	0001.565	0003.024	0000.120	0002.188	0007.124	0000.104	0010.804	30.186403	-91.985340
30/09/2021 17:17:29.000	5.500	0010.580	0011.561	0001.580	0003.009	0000.120	0002.150	0007.123	0000.104	0010.828	30.186403	-91.985340
30/09/2021 17:17:29.000	5.625	0010.600	0011.559	0001.580	0002.919	0000.124	0002.175	0007.125	0000.107	0010.848	30.186403	-91.985340
30/09/2021 17:17:29.000	5.750	0010.620	0011.558	0001.575	0002.882	0000.120	0002.112	0007.116	0000.104	0010.869	30.186403	-91.985340
30/09/2021 17:17:30.000	5.500	0010.642	0011.557	0001.570	0002.931	0000.120	0002.075	0007.115	0000.104	0010.891	30.186404	-91.985339
30/09/2021 17:17:30.000	5.688	0010.665	0011.556	0001.580	0002.903	0000.120	0002.075	0007.109	0000.104	0010.915	30.186404	-91.985339
30/09/2021 17:17:30.000	5.563	0010.686	0011.557	0001.570	0002.807	0000.120	0002.075	0007.120	0000.104	0010.936	30.186404	-91.985339
30/09/2021 17:17:30.000	5.438	0010.706	0011.552	0001.575	0002.837	0000.120	0002.075	0007.118	0000.104	0010.957	30.186404	-91.985339
30/09/2021 17:17:31.000	5.375	0010.729	0011.556	0001.585	0002.809	0000.124	0002.088	0007.105	0000.107	0010.980	30.186404	-91.985339
30/09/2021 17:17:31.000	5.375	0010.752	0011.555	0001.560	0002.749	0000.124	0002.050	0007.114	0000.107	0011.004	30.186404	-91.985339
30/09/2021 17:17:31.000	5.313	0010.773	0011.556	0001.565	0002.763	0000.120	0002.100	0007.125	0000.104	0011.025	30.186404	-91.985339
30/09/2021 17:17:31.000	5.313	0010.796	0011.555	0001.560	0002.690	0000.124	0002.038	0007.115	0000.107	0011.049	30.186404	-91.985339
30/09/2021 17:17:32.000	5.313	0010.819	0011.559	0001.570	0002.657	0000.120	0002.112	0007.117	0000.104	0011.072	30.186404	-91.985339
30/09/2021 17:17:32.000	5.375	0010.842	0011.563	0001.560	0002.638	0000.120	0002.050	0007.122	0000.104	0011.096	30.186404	-91.985339
30/09/2021 17:17:32.000	5.500	0010.864	0011.571	0001.560	0002.678	0000.124	0002.025	0007.120	0000.107	0011.119	30.186404	-91.985339
30/09/2021 17:17:32.000	5.438	0010.882	0011.571	0001.560	0002.646	0000.124	0002.075	0007.122	0000.107	0011.137	30.186404	-91.985339
30/09/2021 17:17:33.000	5.438	0010.905	0011.573	0001.555	0002.636	0000.124	0002.112	0007.128	0000.107	0011.161	30.186405	-91.985339
30/09/2021 17:17:33.000	5.438	0010.925	0011.571	0001.560	0002.528	0000.124	0002.163	0007.126	0000.107	0011.181	30.186405	-91.985339
30/09/2021 17:17:33.000	5.813	0010.947	0011.568	0001.560	0002.587	0000.120	0002.075	0007.115	0000.104	0011.203	30.186405	-91.985339
30/09/2021 17:17:33.000	5.625	0010.968	0011.566	0001.565	0002.559	0000.124	0002.075	0007.122	0000.107	0011.225	30.186405	-91.985339
30/09/2021 17:17:34.000	5.438	0010.987	0011.568	0001.560	0002.537	0000.124	0002.050	0007.124	0000.107	0011.244	30.186406	-91.985339
30/09/2021 17:17:34.000	5.438	0011.011	0011.569	0001.565	0002.518	0000.124	0002.075	0007.116	0000.107	0011.269	30.186406	-91.985339
30/09/2021 17:17:34.000	5.500	0011.031	0011.571	0001.550	0002.497	0000.120	0002.000	0007.113	0000.104	0011.289	30.186406	-91.985339
30/09/2021 17:17:34.000	5.563	0011.052	0011.571	0001.550	0002.474	0000.118	0002.050	0007.124	0000.102	0011.311	30.186406	-91.985339
30/09/2021 17:17:35.000	5.313	0011.072	0011.573	0001.550	0002.455	0000.124	0002.213	0007.116	0000.107	0011.331	30.186406	-91.985338
30/09/2021 17:17:35.000	5.313	0011.092	0011.575	0001.555	0002.412	0000.124	0002.088	0007.114	0000.107	0011.352	30.186406	-91.985338
30/09/2021 17:17:35.000	5.563	0011.113	0011.573	0001.555	0002.360	0000.124	0002.138	0007.119	0000.107	0011.373	30.186406	-91.985338
30/09/2021 17:17:35.000	5.375	0011.135	0011.566	0001.535	0002.371	0000.124	0002.088	0007.119	0000.107	0011.396	30.186406	-91.985338
30/09/2021 17:17:36.000	5.313	0011.154	0011.567	0001.550	0002.318	0000.120	0002.112	0007.115	0000.104	0011.415	30.186407	-91.985338
30/09/2021 17:17:36.000	5.375	0011.175	0011.564	0001.550	0002.293	0000.124	0002.112	0007.120	0000.107	0011.437	30.186407	-91.985338
30/09/2021 17:17:36.000	5.375	0011.196	0011.560	0001.545	0002.307	0000.126	0002.075	0007.115	0000.109	0011.458	30.186407	-91.985338
30/09/2021 17:17:36.000	5.438	0011.215	0011.557	0001.550	0002.279	0000.126	0002.075	0007.113	0000.109	0011.478	30.186407	-91.985338
30/09/2021 17:17:37.000	5.438	0011.236	0011.555	0001.545	0002.224	0000.124	0002.100	0007.102	0000.107	0011.499	30.186408	-91.985338
30/09/2021 17:17:37.000	5.438	0011.255	0011.551	0001.545	0002.219	0000.124	0002.025	0007.105	0000.107	0011.519	30.186408	-91.985338
30/09/2021 17:17:37.000	5.563	0011.275	0011.549	0001.545	0002.218	0000.124	0002.100	0007.105	0000.107	0011.539	30.186408	-91.985338
30/09/2021 17:17:37.000	5.438	0011.297	0011.549	0001.540	0002.171	0000.124	0002.100	0007.108	0000.107	0011.562	30.186408	-91.985338
30/09/2021 17:17:38.000	5.500	0011.319	0011.547	0001.515	0002.153	0000.126	0002.075	0007.092	0000.109	0011.584	30.186409	-91.985338
30/09/2021 17:17:38.000	5.438	0011.336	0011.543	0001.545	0002.147	0000.126	0002.125	0007.114	0000.109	0011.602	30.186409	-91.985338
30/09/2021 17:17:38.000	5.438	0011.359	0011.544	0001.545	0002.119	0000.124	0002.112	0007.097	0000.107	0011.625	30.186409	-91.985338
30/09/2021 17:17:38.000	5.563	0011.381	0011.543	0001.545	0002.045	0000.126	0002.138	0007.103	0000.109	0011.648	30.186409	-91.985338
30/09/2021 17:17:39.000	5.688	0011.402	0011.541	0001.545	0002.047	0000.124	0002.237	0007.100	0000.107	0011.669	30.186410	-91.985338
30/09/2021 17:17:39.000	5.375	0011.420	0011.540	0001.535	0001.996	0000.126	0002.175	0007.104	0000.109	0011.688	30.186410	-91.985338
30/09/2021 17:17:39.000	5.438	0011.441	0011.538	0001.540	0002.041	0000.126	0002.163	0007.093	0000.109	0011.709	30.186410	-91.985338
30/09/2021 17:17:39.000	5.375	0011.463	0011.540	0001.535	0002.015	0000.124	0002.075	0007.104	0000.107	0011.732	30.186410	-91.985338
30/09/2021 17:17:40.000	5.313	0011.483	0011.538	0001.535	0001.953	0000.124	0002.075	0007.105	0000.107	0011.752	30.186410	-91.985337
30/09/2021 17:17:40.000	5.250	0011.507	0011.538	0001.545	0001.943	0000.126	0002.138	0007.100	0000.109	0011.777	30.186410	-91.985337
30/09/2021 17:17:40.000	5.188	0011.528	0011.536	0001.525	0001.863	0000.124	0002.075	0007.091	0000.107	0011.798	30.186410	-91.985337
30/09/2021 17:17:40.000	5.125	0011.550	0011.536	0001.535	0001.888	0000.126	0002.225	0007.102	0000.109	0011.821	30.186410	-91.985337
30/09/2021 17:17:41.000	5.250	0011.572	0011.536	0001.535	0001.843	0000.124	0002.350	0007.088	0000.107	0011.843	30.186411	-91.985338
30/09/2021 17:17:41.000	5.125	0011.595	0011.535	0001.535	0001.814	0000.126	0002.213	0007.094	0000.109	0011.867	30.186411	-91.985338
30/09/2021 17:17:41.000	5.063	0011.616	0011.535	0001.495	0001.854	0000.126	0002.163	0007.087	0000.109	0011.888	30.186411	-91.985338
30/09/2021 17:17:41.000	5.000	0011.637	0011.531	0001.535	0001.833	0000.126	0002.100	0007.105	0000.109	0011.910	30.186411	-91.985338
30/09/2021 17:17:42.000	5.125	0011.657	0011.528	0001.535	0001.810	0000.126	0002.138	0007.084	0000.109	0011.930	30.186412	-91.985338
30/09/2021 17:17:42.000	5.250	0011.678	0011.526	0001.525	0001.731	0000.126	0002.112	0007.101	0000.109	0011.952	30.186412	-91.985338
30/09/2021 17:17:42.000	5.375	0011.699	0011.526	0001.525	0001.680	0000.124	0002.088	0007.100	0000.107	0011.973	30.186412	-91.985338
30/09/2021 17:17:42.000	5.250	0011.722	0011.527	0001.525	0001.667	0000.124	0002.088	0007.102	0000.107	0011.997	30.186412	-91.985338
30/09/2021 17:17:43.000	5.188	0011.745	0011.525	0001.535	0001.644	0000.124	0002.088	0007.091	0000.107	0012.020	30.186412	-91.985338
30/09/2021 17:17:43.000	5.125	0011.767	0011.525	0001.535	0001.625	0000.126	0002.000	0007.097	0000.109	0012.043	30.186412	-91.985338
30/09/2021 17:17:43.000	5.250	0011.790	0011.524	0001.535	0001.637	0000.124	0002.075	0007.092	0000.107	0012.066	30.186412	-91.985338
30/09/2021 17:17:43.000	5.188	0011.811	0011.525	0001.535	0001.653	0000.126	0002.063	0007.100	0000.109	0012.088	30.186412	-91.985338
30/09/2021 17:17:44.000	5.250	0011.831	0011.526	0001.525	0001.617	0000.124	0002.050	0007.093	0000.107	0012.108	30.186413	-91.985338
30/09/2021 17:17:44.000	5.188	0011.850	0011.526	0001.530	0001.518	0000.126	0002.050	0007.098	0000.109	0012.128	30.186413	-91.985338
30/09/2021 17:17:44.000	5.188	0011.872	0011.525	0001.525	0001.570	0000.124	0002.088	0007.097	0000.107	0012.150	30.186413	-91.985338
30/09/2021 17:17:44.000	5.125	0011.894	0011.526	0001.540	0001.538	0000.126	0002.038	0007.102	0000.109	0012.173	30.186413	-91.985338
30/09/2021 17:17:45.000	5.125	0011.913	0011.524	0001.460	0001.464	0000.124	0002.112	0007.092	0000.107	0012.192	30.186414	-91.985338
30/09/2021 17:17:45.000	5.125	0011.937	0011.523	0001.520	0001.437	0000.124	0002.075	0007.111	0000.107	0012.217	30.186414	-91.985338
30/09/2021 17:17:45.000	5.063	0011.956	0011.522	0001.525	0001.418	0000.126	0002.225	0007.096	0000.109	0012.236	30.186414	-91.985338
30/09/2021 17:17:45.000	5.188	0011.975	0011.519	0001.525	0001.466	0000.124	0002.088	0007.102	0000.107	0012.256	30.186414	-91.985338
30/09/2021 17:17:46.000	5.125	0011.995	0011.515	0001.525	0001.445	0000.124	0002.088	0007.103	0000.107	0012.276	30.186415	-91.985338
30/09/2021 17:17:46.000	5.063	0012.015	0011.516	0001.515	0001.337	0000.126	0002.013	0007.105	0000.109	0012.297	30.186415	-91.985338
30/09/2021 17:17:46.000	5.000	0012.036	0011.513	0001.530	0001.398	0000.124	0002.075	0007.088	0000.107	0012.318	30.186415	-91.985338
30/09/2021 17:17:46.000	5.125	0012.056	0011.513	0001.530	0001.338	0000.124	0002.000	0007.101	0000.107	0012.338	30.186415	-91.985338
30/09/2021 17:17:47.000	5.375	0012.078	0011.511	0001.525	0001.362	0000.124	0002.088	0007.098	0000.107	0012.361	30.186417	-91.985337
30/09/2021 17:17:47.000	5.250	0012.098	0011.512	0001.525	0001.335	0000.124	0002.050	0007.097	0000.107	0012.381	30.186417	-91.985337
30/09/2021 17:17:47.000	4.875	0012.118	0011.511	0001.525	0001.311	0000.124	0002.138	0007.083	0000.107	0012.402	30.186417	-91.985337
30/09/2021 17:17:47.000	5.063	0012.139	0011.512	0001.525	0001.294	0000.124	0002.063	0007.094	0000.107	0012.423	30.186417	-91.985337
30/09/2021 17:17:48.000	4.938	0012.160	0011.509	0001.525	0001.201	0000.124	0002.175	0007.092	0000.107	0012.445	30.186417	-91.985336
30/09/2021 17:17:48.000	5.000	0012.166	0011.509	0001.525	0001.258	0000.124	0002.088	0007.093	0000.107	0012.451	30.186417	-91.985336
30/09/2021 17:17:48.000	4.875	0012.175	0011.511	0001.445	0001.211	0000.126	0002.050	0007.086	0000.109	0012.460	30.186417	-91.985336
30/09/2021 17:17:48.000	5.000	0012.174	0011.507	0001.505	0001.262	0000.128	0002.538	0007.099	0000.111	0012.459	30.186417	-91.985336
30/09/2021 17:17:49.000	4.875	0012.174	0011.505	0001.525	0001.259	0000.124	0002.225	0007.082	0000.107	0012.459	30.186418	-91.985336
30/09/2021 17:17:49.000	4.875	0012.174	0011.502	0001.520	0001.205	0000.126	0002.112	0007.093	0000.109	0012.459	30.186418	-91.985336
30/09/2021 17:17:49.000	5.063	0012.173	0011.501	0001.515	0001.190	0000.124	0002.138	0007.091	0000.107	0012.458	30.186418	-91.985336
30/09/2021 17:17:49.000	5.125	0012.132	0011.502	0001.520	0001.262	0000.124	0002.025	0007.092	0000.107	0012.416	30.186418	-91.985336
30/09/2021 17:17:50.000	5.250	0012.103	0011.503	0001.515	0001.328	0000.124	0002.188	0007.088	0000.107	0012.387	30.186419	-91.985336
30/09/2021 17:17:50.000	5.313	0012.030	0011.503	0001.515	0001.410	0000.124	0002.112	0007.084	0000.107	0012.312	30.186419	-91.985336
30/09/2021 17:17:50.000	5.250	0011.937	0011.505	0001.520	0001.418	0000.126	0002.150	0007.074	0000.109	0012.217	30.186419	-91.985336
30/09/2021 17:17:50.000	5.125	0011.839	0011.505	0001.520	0001.577	0000.126	0002.088	0007.091	0000.109	0012.116	30.186419	-91.985336
30/09/2021 17:17:51.000	5.000	0011.750	0011.507	0001.515	0001.636	0000.124	0001.988	0007.080	0000.107	0012.025	30.186420	-91.985336
30/09/2021 17:17:51.000	4.938	0011.665	0011.508	0001.515	0001.770	0000.124	0002.125	0007.085	0000.107	0011.938	30.186420	-91.985336
30/09/2021 17:17:51.000	5.000	0011.578	0011.504	0001.510	0001.858	0000.126	0002.112	0007.084	0000.109	0011.849	30.186420	-91.985336
30/09/2021 17:17:51.000	5.000	0011.486	0011.502	0001.520	0001.969	0000.124	0002.050	0007.077	0000.107	0011.755	30.186420	-91.985336
30/09/2021 17:17:52.000	5.063	0011.408	0011.500	0001.485	0001.979	0000.126	0002.063	0007.068	0000.109	0011.675	30.186420	-91.985335
30/09/2021 17:17:52.000	5.000	0011.334	0011.505	0001.500	0002.122	0000.126	0002.050	0007.075	0000.109	0011.600	30.186420	-91.985335
30/09/2021 17:17:52.000	4.938	0011.241	0011.503	0001.515	0002.150	0000.126	0002.050	0007.051	0000.109	0011.504	30.186420	-91.985335
30/09/2021 17:17:52.000	5.000	0011.158	0011.503	0001.510	0002.246	0000.126	0002.025	0007.045	0000.109	0011.419	30.186420	-91.985335
30/09/2021 17:17:53.000	4.875	0011.085	0011.503	0001.515	0002.412	0000.124	0002.075	0007.046	0000.107	0011.345	30.186421	-91.985335
30/09/2021 17:17:53.000	5.000	0011.000	0011.502	0001.500	0002.465	0000.124	0002.138	0007.058	0000.107	0011.258	30.186421	-91.985335
30/09/2021 17:17:53.000	4.938	0010.908	0011.501	0001.500	0002.577	0000.124	0002.175	0007.037	0000.107	0011.164	30.186421	-91.985335
30/09/2021 17:17:53.000	5.063	0010.817	0011.501	0001.500	0002.671	0000.124	0002.200	0007.053	0000.107	0011.070	30.186421	-91.985335
30/09/2021 17:17:54.000	5.125	0010.736	0011.501	0001.505	0002.702	0000.124	0001.938	0007.052	0000.107	0010.988	30.186422	-91.985335
30/09/2021 17:17:54.000	5.375	0010.653	0011.501	0001.495	0002.809	0000.126	0002.088	0007.039	0000.109	0010.903	30.186422	-91.985335
30/09/2021 17:17:54.000	5.438	0010.566	0011.497	0001.500	0002.910	0000.124	0002.188	0007.039	0000.107	0010.814	30.186422	-91.985335
30/09/2021 17:17:54.000	5.188	0010.483	0011.500	0001.500	0003.028	0000.126	0002.000	0007.059	0000.109	0010.729	30.186422	-91.985335
30/09/2021 17:17:55.000	5.063	0010.393	0011.502	0001.495	0003.066	0000.126	0002.213	0007.046	0000.109	0010.637	30.186422	-91.985335
30/09/2021 17:17:55.000	5.125	0010.318	0011.503	0001.495	0003.144	0000.128	0002.025	0007.054	0000.111	0010.560	30.186422	-91.985335
30/09/2021 17:17:55.000	5.375	0010.230	0011.503	0001.480	0003.255	0000.124	0002.112	0007.046	0000.107	0010.470	30.186422	-91.985335
30/09/2021 17:17:55.000	5.188	0010.143	0011.504	0001.495	0003.297	0000.126	0002.188	0007.056	0000.109	0010.381	30.186422	-91.985335
30/09/2021 17:17:56.000	5.188	0010.059	0011.505	0001.495	0003.425	0000.126	0002.112	0007.044	0000.109	0010.295	30.186422	-91.985335
30/09/2021 17:17:56.000	5.125	0009.972	0011.508	0001.490	0003.514	0000.126	0002.088	0007.050	0000.109	0010.206	30.186422	-91.985335
30/09/2021 17:17:56.000	5.000	0009.879	0011.504	0001.490	0003.608	0000.124	0002.075	0007.053	0000.107	0010.110	30.186422	-91.985335
30/09/2021 17:17:56.000	5.125	0009.792	0011.506	0001.495	0003.697	0000.126	0002.112	0007.067	0000.109	0010.021	30.186422	-91.985335
30/09/2021 17:17:57.000	5.125	0009.699	0011.508	0001.490	0003.791	0000.124	0002.112	0007.059	0000.107	0009.926	30.186423	-91.985335
30/09/2021 17:17:57.000	5.125	0009.614	0011.507	0001.490	0003.869	0000.124	0002.050	0007.057	0000.107	0009.839	30.186423	-91.985335
30/09/2021 17:17:57.000	5.250	0009.532	0011.507	0001.490	0004.040	0000.124	0002.112	0007.055	0000.107	0009.755	30.186423	-91.985335
30/09/2021 17:17:57.000	5.313	0009.444	0011.508	0001.485	0004.072	0000.124	0002.050	0007.068	0000.107	0009.665	30.186423	-91.985335
30/09/2021 17:17:58.000	5.188	0009.357	0011.511	0001.495	0004.180	0000.124	0002.050	0007.056	0000.107	0009.576	30.186424	-91.985335
30/09/2021 17:17:58.000	5.313	0009.265	0011.514	0001.490	0004.316	0000.124	0002.075	0007.060	0000.107	0009.482	30.186424	-91.985335
30/09/2021 17:17:58.000	5.313	0009.184	0011.516	0001.495	0004.438	0000.124	0002.088	0007.057	0000.107	0009.399	30.186424	-91.985335
30/09/2021 17:17:58.000	5.375	0009.090	0011.520	0001.490	0004.442	0000.124	0002.100	0007.044	0000.107	0009.303	30.186424	-91.985335
30/09/2021 17:17:59.000	5.250	0009.012	0011.521	0001.505	0004.495	0000.124	0002.025	0007.041	0000.107	0009.223	30.186424	-91.985335
30/09/2021 17:17:59.000	5.313	0008.925	0011.525	0001.490	0004.708	0000.124	0002.100	0007.051	0000.107	0009.134	30.186424	-91.985335
30/09/2021 17:17:59.000	5.250	0008.836	0011.530	0001.490	0004.785	0000.120	0002.100	0007.035	0000.104	0009.043	30.186424	-91.985335
30/09/2021 17:17:59.000	5.438	0008.748	0011.535	0001.500	0004.885	0000.124	0002.112	0007.035	0000.107	0008.953	30.186424	-91.985335
30/09/2021 17:18:00.000	5.563	0008.653	0011.541	0001.490	0004.900	0000.120	0002.063	0007.043	0000.104	0008.856	30.186425	-91.985335
30/09/2021 17:18:00.000	5.500	0008.565	0011.551	0001.490	0005.027	0000.124	0002.075	0007.047	0000.107	0008.766	30.186425	-91.985335
30/09/2021 17:18:00.000	5.563	0008.474	0011.561	0001.490	0005.125	0000.124	0002.112	0007.048	0000.107	0008.673	30.186425	-91.985335
30/09/2021 17:18:00.000	5.625	0008.385	0011.574	0001.490	0005.181	0000.124	0002.063	0007.057	0000.107	0008.581	30.186425	-91.985335
30/09/2021 17:18:01.000	5.375	0008.296	0011.579	0001.495	0005.338	0000.126	0002.112	0007.059	0000.109	0008.490	30.186425	-91.985335
30/09/2021 17:18:01.000	5.438	0008.215	0011.586	0001.490	0005.407	0000.124	0002.075	0007.063	0000.107	0008.407	30.186425	-91.985335
30/09/2021 17:18:01.000	5.563	0008.126	0011.591	0001.485	0005.483	0000.120	0002.112	0007.070	0000.104	0008.316	30.186425	-91.985335
30/09/2021 17:18:01.000	5.563	0008.046	0011.600	0001.490	0005.552	0000.120	0002.038	0007.076	0000.104	0008.235	30.186425	-91.985335
30/09/2021 17:18:02.000	5.438	0007.960	0011.604	0001.485	0005.700	0000.126	0002.050	0007.073	0000.109	0008.147	30.186425	-91.985334
30/09/2021 17:18:02.000	5.625	0007.880	0011.612	0001.495	0005.744	0000.124	0002.063	0007.076	0000.107	0008.065	30.186425	-91.985334
30/09/2021 17:18:02.000	5.438	0007.782	0011.612	0001.490	0005.862	0000.124	0002.075	0007.072	0000.107	0007.964	30.186425	-91.985334
30/09/2021 17:18:02.000	5.438	0007.702	0011.612	0001.490	0005.908	0000.124	0002.088	0007.073	0000.107	0007.882	30.186425	-91.985334
30/09/2021 17:18:03.000	5.563	0007.603	0011.610	0001.480	0006.022	0000.124	0002.112	0007.076	0000.107	0007.781	30.186426	-91.985334
30/09/2021 17:18:03.000	5.688	0007.507	0011.609	0001.480	0006.129	0000.120	0002.063	0007.077	0000.104	0007.683	30.186426	-91.985334
30/09/2021 17:18:03.000	5.625	0007.420	0011.615	0001.480	0006.211	0000.124	0002.075	0007.071	0000.107	0007.594	30.186426	-91.985334
30/09/2021 17:18:03.000	5.688	0007.335	0011.627	0001.475	0006.378	0000.120	0002.088	0007.085	0000.104	0007.507	30.186426	-91.985334
30/09/2021 17:18:04.000	5.688	0007.248	0011.641	0001.485	0006.403	0000.118	0002.150	0007.076	0000.102	0007.418	30.186427	-91.985334
30/09/2021 17:18:04.000	5.688	0007.170	0011.663	0001.480	0006.547	0000.120	0002.138	0007.079	0000.104	0007.338	30.186427	-91.985334
30/09/2021 17:18:04.000	6.625	0007.081	0011.690	0001.485	0006.564	0000.120	0002.138	0007.086	0000.104	0007.247	30.186427	-91.985334
30/09/2021 17:18:04.000	6.313	0006.992	0011.714	0001.475	0006.646	0000.120	0002.150	0007.102	0000.104	0007.156	30.186427	-91.985334
30/09/2021 17:18:05.000	6.125	0006.905	0011.734	0001.500	0006.826	0000.118	0002.100	0007.084	0000.102	0007.067	30.186428	-91.985333
30/09/2021 17:18:05.000	6.125	0006.814	0011.764	0001.495	0006.863	0000.120	0002.125	0007.097	0000.104	0006.974	30.186428	-91.985333
30/09/2021 17:18:05.000	6.125	0006.717	0011.779	0001.495	0007.035	0000.120	0002.112	0007.106	0000.104	0006.874	30.186428	-91.985333
30/09/2021 17:18:05.000	6.125	0006.627	0011.831	0001.500	0007.072	0000.118	0002.150	0007.097	0000.102	0006.782	30.186428	-91.985333
30/09/2021 17:18:06.000	6.313	0006.543	0011.943	0001.495	0007.161	0000.118	0002.163	0007.106	0000.102	0006.696	30.186428	-91.985333
30/09/2021 17:18:06.000	6.813	0006.452	0012.046	0001.490	0007.214	0000.118	0002.213	0007.122	0000.102	0006.603	30.186428	-91.985333
30/09/2021 17:18:06.000	6.750	0006.366	0012.122	0001.500	0007.369	0000.118	0002.163	0007.117	0000.102	0006.515	30.186428	-91.985333
30/09/2021 17:18:06.000	6.750	0006.281	0012.182	0001.495	0007.520	0000.120	0002.200	0007.110	0000.104	0006.428	30.186428	-91.985333
30/09/2021 17:18:07.000	6.750	0006.194	0012.243	0001.495	0007.474	0000.118	0002.200	0007.118	0000.102	0006.339	30.186428	-91.985333
30/09/2021 17:18:07.000	7.063	0006.120	0012.316	0001.465	0007.578	0000.118	0002.250	0007.113	0000.102	0006.263	30.186428	-91.985333
30/09/2021 17:18:07.000	7.063	0006.024	0012.392	0001.460	0007.662	0000.118	0002.425	0007.126	0000.102	0006.165	30.186428	-91.985333
30/09/2021 17:18:07.000	6.875	0005.933	0012.460	0001.465	0007.822	0000.118	0002.487	0007.128	0000.102	0006.072	30.186428	-91.985333
30/09/2021 17:18:08.000	7.188	0005.843	0012.522	0001.460	0007.824	0000.118	0002.463	0007.133	0000.102	0005.980	30.186428	-91.985333
30/09/2021 17:18:08.000	7.188	0005.756	0012.586	0001.450	0007.951	0000.118	0002.475	0007.113	0000.102	0005.891	30.186428	-91.985333
30/09/2021 17:18:08.000	7.063	0005.681	0012.670	0001.505	0008.064	0000.118	0002.413	0007.133	0000.102	0005.814	30.186428	-91.985333
30/09/2021 17:18:08.000	7.313	0005.590	0012.771	0001.510	0008.224	0000.118	0002.487	0007.129	0000.102	0005.721	30.186428	-91.985333
30/09/2021 17:18:09.000	8.000	0005.501	0012.926	0001.510	0008.250	0000.118	0002.413	0007.121	0000.102	0005.630	30.186429	-91.985333
30/09/2021 17:18:09.000	8.000	0005.428	0013.231	0001.510	0008.361	0000.118	0002.475	0007.116	0000.102	0005.555	30.186429	-91.985333
30/09/2021 17:18:09.000	8.125	0005.337	0013.623	0001.525	0008.497	0000.118	0002.663	0007.111	0000.102	0005.462	30.186429	-91.985333
30/09/2021 17:18:09.000	8.438	0005.248	0013.967	0001.535	0008.564	0000.118	0002.625	0007.110	0000.102	0005.371	30.186429	-91.985333
30/09/2021 17:18:10.000	8.125	0005.174	0014.257	0001.535	0008.583	0000.118	0002.550	0007.115	0000.102	0005.295	30.186429	-91.985333
30/09/2021 17:18:10.000	8.563	0005.089	0014.442	0001.525	0008.785	0000.118	0002.575	0007.111	0000.102	0005.208	30.186429	-91.985333
30/09/2021 17:18:10.000	8.688	0004.997	0014.452	0001.535	0008.812	0000.118	0002.713	0007.109	0000.102	0005.114	30.186429	-91.985333
30/09/2021 17:18:10.000	8.250	0004.919	0014.455	0001.515	0008.934	0000.118	0002.825	0007.100	0000.102	0005.034	30.186429	-91.985333
30/09/2021 17:18:11.000	8.563	0004.838	0014.500	0001.515	0008.948	0000.118	0002.663	0007.108	0000.102	0004.951	30.186429	-91.985333
30/09/2021 17:18:11.000	8.438	0004.753	0014.543	0001.515	0009.090	0000.118	0002.763	0007.099	0000.102	0004.864	30.186429	-91.985333
30/09/2021 17:18:11.000	8.375	0004.663	0014.562	0001.515	0009.143	0000.118	0002.763	0007.099	0000.102	0004.772	30.186429	-91.985333
30/09/2021 17:18:11.000	9.000	0004.585	0014.578	0001.510	0009.296	0000.118	0002.838	0007.091	0000.102	0004.692	30.186429	-91.985333
30/09/2021 17:18:12.000	8.313	0004.491	0014.658	0001.680	0009.323	0000.120	0002.925	0007.109	0000.104	0004.596	30.186430	-91.985333
30/09/2021 17:18:12.000	8.625	0004.413	0014.782	0001.675	0009.384	0000.120	0002.750	0007.106	0000.104	0004.516	30.186430	-91.985333
30/09/2021 17:18:12.000	8.313	0004.334	0014.898	0001.670	0009.484	0000.120	0002.763	0007.127	0000.104	0004.436	30.186430	-91.985333
30/09/2021 17:18:12.000	8.188	0004.246	0014.982	0001.680	0009.651	0000.120	0002.875	0007.127	0000.104	0004.345	30.186430	-91.985333
30/09/2021 17:18:13.000	7.938	0004.160	0015.129	0001.515	0009.630	0000.120	0003.025	0007.141	0000.104	0004.257	30.186430	-91.985333
30/09/2021 17:18:13.000	7.938	0004.072	0015.272	0001.500	0009.725	0000.120	0002.925	0007.135	0000.104	0004.167	30.186430	-91.985333
30/09/2021 17:18:13.000	8.000	0003.987	0015.404	0001.500	0009.841	0000.118	0003.475	0007.138	0000.102	0004.080	30.186430	-91.985333
30/09/2021 17:18:13.000	8.000	0003.906	0015.577	0001.510	0009.915	0000.120	0003.550	0007.127	0000.104	0003.998	30.186430	-91.985333
30/09/2021 17:18:14.000	8.125	0003.832	0015.836	0001.505	0009.998	0000.120	0003.813	0007.140	0000.104	0003.922	30.186431	-91.985333
30/09/2021 17:18:14.000	7.875	0003.753	0016.110	0001.395	0010.079	0000.120	0003.975	0007.124	0000.104	0003.841	30.186431	-91.985333
30/09/2021 17:18:14.000	7.875	0003.662	0016.416	0001.400	0010.197	0000.120	0004.138	0007.149	0000.104	0003.748	30.186431	-91.985333
30/09/2021 17:18:14.000	7.750	0003.588	0016.713	0001.395	0010.276	0000.120	0004.125	0007.146	0000.104	0003.672	30.186431	-91.985333
30/09/2021 17:18:15.000	8.063	0003.504	0016.971	0001.400	0010.368	0000.118	0004.200	0007.138	0000.102	0003.586	30.186431	-91.985333
30/09/2021 17:18:15.000	8.188	0003.419	0017.414	0001.515	0010.466	0000.118	0004.325	0007.136	0000.102	0003.499	30.186431	-91.985333
30/09/2021 17:18:15.000	7.938	0003.363	0017.872	0001.890	0010.545	0000.118	0004.463	0007.165	0000.102	0003.442	30.186431	-91.985333
30/09/2021 17:18:15.000	7.750	0003.261	0018.258	0001.880	0010.608	0000.116	0004.513	0007.177	0000.100	0003.337	30.186431	-91.985333
30/09/2021 17:18:16.000	7.625	0003.190	0018.622	0001.890	0010.698	0000.116	0004.313	0007.207	0000.100	0003.265	30.186431	-91.985333
30/09/2021 17:18:16.000	7.750	0003.107	0018.942	0001.885	0010.795	0000.116	0004.138	0007.218	0000.100	0003.180	30.186431	-91.985333
30/09/2021 17:18:16.000	7.500	0003.014	0019.422	0002.840	0010.856	0000.116	0003.925	0007.249	0000.100	0003.085	30.186431	-91.985333
30/09/2021 17:18:16.000	7.438	0002.932	0019.935	0002.850	0010.901	0000.114	0004.162	0007.259	0000.098	0003.001	30.186431	-91.985333
30/09/2021 17:18:17.000	7.188	0002.850	0020.672	0002.850	0011.049	0000.110	0004.313	0007.291	0000.095	0002.917	30.186432	-91.985333
30/09/2021 17:18:17.000	7.000	0002.775	0021.498	0002.850	0011.073	0000.108	0004.700	0007.301	0000.093	0002.840	30.186432	-91.985333
30/09/2021 17:18:17.000	6.500	0002.686	0022.226	0002.850	0011.167	0000.106	0005.175	0007.324	0000.091	0002.749	30.186432	-91.985333
30/09/2021 17:18:17.000	6.438	0002.611	0022.796	0005.875	0011.202	0000.108	0005.875	0007.349	0000.093	0002.672	30.186432	-91.985333
30/09/2021 17:18:18.000	6.438	0002.535	0023.161	0005.875	0011.332	0000.106	0006.125	0007.370	0000.091	0002.594	30.186433	-91.985334
30/09/2021 17:18:18.000	5.938	0002.434	0023.347	0005.875	0011.437	0000.108	0006.988	0007.388	0000.093	0002.491	30.186433	-91.985334
30/09/2021 17:18:18.000	5.813	0002.355	0023.360	0005.870	0011.497	0000.106	0007.287	0007.426	0000.091	0002.410	30.186433	-91.985334
30/09/2021 17:18:18.000	5.750	0002.272	0023.371	0009.790	0011.553	0000.106	0007.150	0007.422	0000.091	0002.325	30.186433	-91.985334
30/09/2021 17:18:19.000	6.000	0002.185	0023.497	0014.580	0011.729	0000.108	0007.050	0007.453	0000.093	0002.236	30.186433	-91.985334
30/09/2021 17:18:19.000	5.813	0002.089	0023.651	0014.580	0011.814	0000.110	0007.063	0007.446	0000.095	0002.138	30.186433	-91.985334
30/09/2021 17:18:19.000	5.688	0002.020	0023.726	0014.585	0011.902	0000.108	0007.350	0007.458	0000.093	0002.067	30.186433	-91.985334
30/09/2021 17:18:19.000	5.938	0001.960	0023.814	0014.585	0011.991	0000.106	0007.838	0007.452	0000.091	0002.006	30.186433	-91.985334
30/09/2021 17:18:20.000	5.688	0001.874	0023.908	0022.290	0012.062	0000.106	0008.250	0007.456	0000.091	0001.918	30.186434	-91.985334
30/09/2021 17:18:20.000	5.688	0001.781	0023.985	0022.300	0012.156	0000.106	0007.725	0007.456	0000.091	0001.823	30.186434	-91.985334
30/09/2021 17:18:20.000	5.563	0001.703	0024.011	0022.300	0012.237	0000.104	0008.088	0007.469	0000.089	0001.743	30.186434	-91.985334
30/09/2021 17:18:20.000	5.563	0001.630	0024.033	0022.305	0012.312	0000.104	0008.300	0007.471	0000.089	0001.668	30.186434	-91.985334
30/09/2021 17:18:21.000	5.563	0001.546	0024.085	0022.295	0012.364	0000.104	0008.500	0007.511	0000.089	0001.582	30.186434	-91.985334
30/09/2021 17:18:21.000	5.563	0001.466	0024.151	0028.155	0012.503	0000.106	0008.988	0007.525	0000.091	0001.500	30.186434	-91.985334
30/09/2021 17:18:21.000	5.688	0001.380	0024.208	0028.155	0012.571	0000.104	0009.825	0007.538	0000.089	0001.412	30.186434	-91.985334
30/09/2021 17:18:21.000	5.563	0001.303	0024.240	0028.160	0012.586	0000.104	0010.275	0007.539	0000.089	0001.334	30.186434	-91.985334
30/09/2021 17:18:22.000	5.500	0001.220	0024.296	0028.160	0012.734	0000.104	0011.800	0007.556	0000.089	0001.249	30.186435	-91.985333
30/09/2021 17:18:22.000	5.563	0001.135	0024.378	0030.660	0012.823	0000.102	0012.763	0007.563	0000.087	0001.162	30.186435	-91.985333
30/09/2021 17:18:22.000	5.625	0001.056	0024.472	0033.185	0012.881	0000.102	0014.000	0007.588	0000.087	0001.081	30.186435	-91.985333
30/09/2021 17:18:22.000	5.563	0001.015	0024.551	0033.185	0012.959	0000.102	0014.038	0007.601	0000.087	0001.039	30.186435	-91.985333
30/09/2021 17:18:23.000	5.500	0000.986	0024.667	0033.185	0013.010	0000.100	0014.350	0007.555	0000.085	0001.009	30.186435	-91.985333
30/09/2021 17:18:23.000	5.688	0000.955	0024.831	0033.185	0013.019	0000.102	0015.187	0007.624	0000.087	0000.977	30.186435	-91.985333
30/09/2021 17:18:23.000	5.938	0000.934	0024.993	0038.580	0013.035	0000.100	0015.925	0007.716	0000.085	0000.956	30.186435	-91.985333
30/09/2021 17:18:23.000	5.938	0000.919	0025.138	0038.590	0013.055	0000.102	0016.125	0007.733	0000.087	0000.941	30.186435	-91.985333
30/09/2021 17:18:24.000	5.875	0000.896	0025.262	0038.585	0013.078	0000.100	0016.712	0007.764	0000.085	0000.917	30.186435	-91.985333
30/09/2021 17:18:24.000	5.938	0000.874	0025.363	0038.585	0013.103	0000.102	0015.588	0007.810	0000.087	0000.894	30.186435	-91.985333
30/09/2021 17:18:24.000	5.938	0000.852	0025.467	0038.595	0013.093	0000.100	0015.125	0007.840	0000.085	0000.872	30.186435	-91.985333
30/09/2021 17:18:24.000	6.063	0000.828	0025.545	0048.620	0013.150	0000.102	0014.775	0007.875	0000.087	0000.847	30.186435	-91.985333
30/09/2021 17:18:25.000	5.938	0000.809	0025.605	0048.610	0013.214	0000.102	0015.137	0007.917	0000.087	0000.828	30.186436	-91.985333
30/09/2021 17:18:25.000	5.938	0000.787	0025.645	0048.610	0013.162	0000.100	0015.075	0007.944	0000.085	0000.805	30.186436	-91.985333
30/09/2021 17:18:25.000	6.000	0000.768	0025.675	0048.620	0013.174	0000.100	0013.863	0007.967	0000.085	0000.786	30.186436	-91.985333
30/09/2021 17:18:25.000	5.938	0000.746	0025.712	0050.060	0013.169	0000.102	0013.675	0007.989	0000.087	0000.763	30.186436	-91.985333
30/09/2021 17:18:26.000	6.063	0000.728	0025.748	0054.840	0013.288	0000.100	0012.513	0007.999	0000.085	0000.745	30.186436	-91.985334
30/09/2021 17:18:26.000	5.875	0000.706	0025.768	0054.855	0013.279	0000.102	0012.275	0008.023	0000.087	0000.723	30.186436	-91.985334
30/09/2021 17:18:26.000	5.938	0000.682	0025.789	0054.860	0013.366	0000.102	0012.550	0008.036	0000.087	0000.698	30.186436	-91.985334
30/09/2021 17:18:26.000	5.875	0000.659	0025.820	0054.850	0013.308	0000.102	0012.225	0008.045	0000.087	0000.674	30.186436	-91.985334
30/09/2021 17:18:27.000	5.813	0000.636	0025.861	0059.195	0013.360	0000.100	0012.988	0008.058	0000.085	0000.651	30.186437	-91.985333
30/09/2021 17:18:27.000	5.875	0000.615	0025.904	0059.195	0013.417	0000.100	0013.200	0008.087	0000.085	0000.629	30.186437	-91.985333
30/09/2021 17:18:27.000	5.813	0000.593	0025.937	0059.195	0013.406	0000.100	0012.550	0008.088	0000.085	0000.607	30.186437	-91.985333
30/09/2021 17:18:27.000	5.813	0000.574	0025.945	0059.200	0013.385	0000.100	0012.038	0008.094	0000.085	0000.587	30.186437	-91.985333
30/09/2021 17:18:28.000	5.938	0000.550	0025.944	0059.195	0013.370	0000.100	0011.700	0008.095	0000.085	0000.563	30.186437	-91.985333
30/09/2021 17:18:28.000	5.813	0000.523	0025.938	0061.710	0013.445	0000.102	0012.150	0008.116	0000.087	0000.535	30.186437	-91.985333
30/09/2021 17:18:28.000	6.000	0000.503	0025.932	0061.720	0013.532	0000.100	0012.188	0008.126	0000.085	0000.515	30.186437	-91.985333
30/09/2021 17:18:28.000	5.938	0000.482	0025.913	0061.720	0013.468	0000.100	0012.500	0008.141	0000.085	0000.493	30.186438	-91.985333
30/09/2021 17:18:29.000	5.750	0000.459	0025.900	0061.725	0013.549	0000.100	0013.450	0008.146	0000.085	0000.470	30.186438	-91.985333
30/09/2021 17:18:29.000	5.875	0000.445	0025.892	0063.310	0013.534	0000.100	0013.200	0008.158	0000.085	0000.455	30.186438	-91.985333
30/09/2021 17:18:29.000	5.750	0000.422	0025.886	0065.480	0013.567	0000.100	0013.363	0008.178	0000.085	0000.432	30.186438	-91.985333
30/09/2021 17:18:29.000	5.563	0000.403	0025.881	0065.475	0013.583	0000.102	0013.487	0008.170	0000.087	0000.412	30.186438	-91.985333
30/09/2021 17:18:30.000	5.563	0000.383	0025.876	0065.475	0013.556	0000.100	0013.687	0008.164	0000.085	0000.392	30.186438	-91.985333
30/09/2021 17:18:30.000	5.625	0000.363	0025.875	0065.475	0013.583	0000.100	0014.688	0008.171	0000.085	0000.372	30.186438	-91.985333
30/09/2021 17:18:30.000	5.750	0000.339	0025.878	0067.160	0013.653	0000.100	0013.025	0008.175	0000.085	0000.347	30.186438	-91.985333
30/09/2021 17:18:30.000	5.813	0000.319	0025.877	0067.165	0013.751	0000.100	0012.687	0008.186	0000.085	0000.326	30.186438	-91.985333
30/09/2021 17:18:31.000	5.750	0000.296	0025.875	0067.165	0013.618	0000.100	0011.550	0008.178	0000.085	0000.303	30.186438	-91.985333
30/09/2021 17:18:31.000	5.688	0000.280	0025.873	0067.170	0013.633	0000.102	0011.375	0008.175	0000.087	0000.287	30.186438	-91.985333
30/09/2021 17:18:31.000	5.688	0000.259	0025.872	0067.155	0013.722	0000.102	0011.113	0008.166	0000.087	0000.265	30.186438	-91.985333
30/09/2021 17:18:31.000	5.688	0000.240	0025.876	0068.155	0013.767	0000.102	0011.000	0008.164	0000.087	0000.246	30.186438	-91.985333
30/09/2021 17:18:32.000	5.625	0000.224	0025.885	0068.155	0013.704	0000.100	0010.625	0008.157	0000.085	0000.229	30.186438	-91.985333
30/09/2021 17:18:32.000	5.875	0000.202	0025.891	0068.155	0013.733	0000.102	0010.100	0008.163	0000.087	0000.207	30.186438	-91.985333
30/09/2021 17:18:32.000	5.813	0000.181	0025.897	0068.155	0013.792	0000.100	0010.488	0008.164	0000.085	0000.185	30.186438	-91.985333
30/09/2021 17:18:32.000	5.563	0000.159	0025.900	0068.785	0013.808	0000.102	0010.475	0008.207	0000.087	0000.163	30.186438	-91.985333
30/09/2021 17:18:33.000	5.563	0000.141	0025.907	0071.185	0013.785	0000.100	0010.788	0008.166	0000.085	0000.144	30.186439	-91.985333
30/09/2021 17:18:33.000	5.625	0000.115	0025.911	0071.185	0013.854	0000.100	0010.313	0008.178	0000.085	0000.118	30.186439	-91.985333
30/09/2021 17:18:33.000	5.563	0000.100	0025.926	0071.185	0013.858	0000.102	0009.975	0008.168	0000.087	0000.102	30.186439	-91.985333
30/09/2021 17:18:33.000	5.563	0000.079	0025.924	0071.175	0013.957	0000.102	0010.150	0008.153	0000.087	0000.081	30.186439	-91.985333
30/09/2021 17:18:34.000	5.625	0000.048	0025.907	0074.210	0013.882	0000.100	0010.263	0008.179	0000.085	0000.049	30.186439	-91.985333
30/09/2021 17:18:34.000	5.563	0000.037	0025.886	0074.210	0013.983	0000.102	0010.200	0008.172	0000.087	0000.038	30.186439	-91.985333
30/09/2021 17:18:34.000	5.375	0000.013	0025.852	0074.205	0013.942	0000.100	0010.638	0008.154	0000.085	0000.013	30.186439	-91.985333
30/09/2021 17:18:34.000	5.375	0000.000	0025.824	0074.205	0014.056	0000.102	0010.500	0008.178	0000.087	0000.000	30.186439	-91.985333
30/09/2021 17:18:35.000	5.438	-000.013	0025.802	0074.210	0014.084	0000.100	0010.825	0008.267	0000.085	-000.013	30.186440	-91.985333
30/09/2021 17:18:35.000	5.563	-000.031	0025.792	0075.400	0014.002	0000.102	0010.612	0008.204	0000.087	-000.032	30.186440	-91.985333
30/09/2021 17:18:35.000	5.500	-000.032	0025.795	0075.405	0013.939	0000.100	0011.762	0008.208	0000.085	-000.033	30.186440	-91.985333
30/09/2021 17:18:35.000	5.563	-000.034	0025.792	0075.405	0014.027	0000.100	0011.738	0008.222	0000.085	-000.035	30.186440	-91.985333
30/09/2021 17:18:36.000	5.563	-000.035	0025.787	0075.415	0014.026	0000.100	0011.525	0008.228	0000.085	-000.036	30.186441	-91.985333
30/09/2021 17:18:36.000	5.688	-000.035	0025.774	0076.340	0014.017	0000.102	0011.163	0008.240	0000.087	-000.036	30.186441	-91.985333
30/09/2021 17:18:36.000	5.625	-000.033	0025.755	0077.045	0014.010	0000.100	0010.938	0008.247	0000.085	-000.034	30.186441	-91.985333
30/09/2021 17:18:36.000	5.625	-000.033	0025.746	0077.045	0014.012	0000.100	0011.000	0008.256	0000.085	-000.034	30.186441	-91.985333
30/09/2021 17:18:37.000	5.750	-000.032	0025.745	0077.050	0014.073	0000.100	0010.938	0008.281	0000.085	-000.033	30.186442	-91.985333
30/09/2021 17:18:37.000	5.563	-000.033	0025.746	0077.045	0014.042	0000.100	0010.812	0008.300	0000.085	-000.034	30.186442	-91.985333
30/09/2021 17:18:37.000	5.688	-000.033	0025.753	0078.895	0013.952	0000.100	0010.475	0008.301	0000.085	-000.034	30.186442	-91.985333
30/09/2021 17:18:37.000	5.563	-000.034	0025.760	0078.895	0013.988	0000.100	0010.725	0008.303	0000.085	-000.035	30.186442	-91.985333
30/09/2021 17:18:38.000	5.563	-000.034	0025.761	0078.895	0014.001	0000.100	0010.387	0008.312	0000.085	-000.035	30.186443	-91.985334
30/09/2021 17:18:38.000	5.500	-000.034	0025.760	0078.895	0014.000	0000.100	0010.775	0008.315	0000.085	-000.035	30.186443	-91.985334
30/09/2021 17:18:38.000	5.563	-000.033	0025.763	0078.895	0014.061	0000.100	0011.125	0008.305	0000.085	-000.034	30.186443	-91.985334
30/09/2021 17:18:38.000	5.625	-000.033	0025.769	0079.150	0014.055	0000.100	0011.375	0008.324	0000.085	-000.034	30.186443	-91.985334
30/09/2021 17:18:39.000	5.563	-000.033	0025.770	0079.145	0013.976	0000.100	0011.075	0008.334	0000.085	-000.034	30.186445	-91.985333
30/09/2021 17:18:39.000	5.688	-000.033	0025.768	0079.145	0013.995	0000.100	0010.863	0008.339	0000.085	-000.034	30.186445	-91.985333
30/09/2021 17:18:39.000	5.563	-000.033	0025.765	0079.150	0013.963	0000.100	0010.800	0008.344	0000.085	-000.034	30.186445	-91.985333
30/09/2021 17:18:39.000	5.563	-000.033	0025.767	0079.355	0014.064	0000.100	0010.438	0008.346	0000.085	-000.034	30.186445	-91.985333
30/09/2021 17:18:40.000	5.500	-000.033	0025.772	0079.960	0013.974	0000.100	0010.800	0008.350	0000.085	-000.034	30.186446	-91.985333
30/09/2021 17:18:40.000	5.438	-000.033	0025.784	0079.960	0013.962	0000.100	0010.638	0008.356	0000.085	-000.034	30.186446	-91.985333
30/09/2021 17:18:40.000	5.438	-000.032	0025.801	0079.950	0014.023	0000.102	0010.625	0008.357	0000.087	-000.033	30.186446	-91.985333
30/09/2021 17:18:40.000	5.563	-000.033	0025.820	0079.950	0014.053	0000.100	0010.125	0008.357	0000.085	-000.034	30.186446	-91.985333
30/09/2021 17:18:41.000	5.500	-000.032	0025.853	0080.660	0014.031	0000.100	0010.500	0008.357	0000.085	-000.033	30.186447	-91.985333
30/09/2021 17:18:41.000	5.438	-000.033	0025.888	0080.655	0013.979	0000.100	0010.525	0008.359	0000.085	-000.034	30.186447	-91.985333
30/09/2021 17:18:41.000	5.500	-000.032	0025.924	0080.655	0014.142	0000.100	0010.688	0008.363	0000.085	-000.033	30.186447	-91.985333
