Date / Time	TURBIDITY;FTU	PRESSURE;DBAR	TEMPERATURE;C	DISSOLVED OXYGEN;SAT%	ALTITUDE;M	CONDUCTIVITY;MS/CM	FLUOROMETER (C);UG/L	PH;PH	Calc. SALINITY; PSU	Calc. DEPTH;M	LATITUDE;DEG	LONGITUDE;DEG
07/10/2022 16:44:07.000	986.875	0000.016	0024.866	0092.690	0096.011	0039.260	0001.800	0008.403	0048.973	0000.016	30.160701	-89.045494
07/10/2022 16:44:08.000	1863.750	0000.016	0024.865	0092.690	0007.398	0014.260	0001.863	0008.406	0016.102	0000.016	30.160697	-89.045486
07/10/2022 16:44:08.000	1678.313	0000.017	0024.868	0092.695	0007.463	0003.028	0001.575	0008.402	0003.060	0000.017	30.160695	-89.045481
07/10/2022 16:44:08.000	1400.313	0000.021	0024.867	0092.710	0089.078	0006.908	0001.488	0008.424	0007.376	0000.021	30.160693	-89.045477
07/10/2022 16:44:08.000	2484.875	0000.021	0024.870	0092.710	0088.295	0030.638	0001.538	0008.416	0037.141	0000.021	30.160692	-89.045473
07/10/2022 16:44:09.000	1821.938	0000.024	0024.870	0092.710	0091.463	0028.946	0001.725	0008.410	0034.880	0000.024	30.160690	-89.045468
07/10/2022 16:44:09.000	901.438	0000.092	0024.869	0092.710	0007.382	0036.822	0001.438	0008.401	0045.574	0000.092	30.160687	-89.045460
07/10/2022 16:44:09.000	194.937	0000.238	0024.865	0092.715	0007.272	0040.474	0001.400	0008.412	0050.681	0000.237	30.160686	-89.045456
07/10/2022 16:44:09.000	170.125	0000.317	0024.859	0092.755	0007.177	0041.862	0001.288	0008.393	0052.647	0000.316	30.160685	-89.045453
07/10/2022 16:44:10.000	78.625	0000.357	0024.842	0092.755	0007.147	0041.866	0001.313	0008.396	0052.653	0000.356	30.160682	-89.045445
07/10/2022 16:44:10.000	10.938	0000.408	0024.823	0092.755	0007.189	0041.848	0001.350	0008.400	0052.627	0000.407	30.160680	-89.045442
07/10/2022 16:44:10.000	5.188	0000.440	0024.809	0092.760	0007.247	0041.846	0001.363	0008.404	0052.624	0000.439	30.160678	-89.045439
07/10/2022 16:44:10.000	4.500	0000.503	0024.802	0091.950	0007.609	0041.854	0001.337	0008.402	0052.636	0000.501	30.160676	-89.045436
07/10/2022 16:44:11.000	4.313	0000.582	0024.791	0092.795	0008.052	0041.842	0001.337	0008.402	0052.619	0000.580	30.160672	-89.045430
07/10/2022 16:44:11.000	4.375	0000.646	0024.790	0092.790	0008.338	0041.842	0001.425	0008.401	0052.619	0000.644	30.160670	-89.045428
07/10/2022 16:44:11.000	4.188	0000.748	0024.802	0092.800	0008.238	0041.858	0001.400	0008.403	0052.641	0000.746	30.160669	-89.045425
07/10/2022 16:44:11.000	4.125	0000.879	0024.785	0092.790	0008.043	0041.904	0001.375	0008.402	0052.707	0000.876	30.160667	-89.045423
07/10/2022 16:44:12.000	4.063	0000.982	0024.764	0092.780	0007.951	0041.988	0001.363	0008.401	0052.826	0000.979	30.160666	-89.045417
07/10/2022 16:44:12.000	4.000	0001.074	0024.742	0092.775	0007.769	0042.086	0001.313	0008.401	0052.966	0001.071	30.160665	-89.045415
07/10/2022 16:44:12.000	3.938	0001.131	0024.731	0092.775	0007.711	0042.224	0001.200	0008.400	0053.162	0001.127	30.160664	-89.045412
07/10/2022 16:44:12.000	4.000	0001.203	0024.722	0092.775	0007.602	0042.274	0001.263	0008.399	0053.233	0001.199	30.160663	-89.045409
07/10/2022 16:44:13.000	3.875	0001.267	0024.712	0092.770	0007.203	0042.610	0001.238	0008.396	0053.712	0001.263	30.160662	-89.045406
07/10/2022 16:44:13.000	3.750	0001.318	0024.707	0092.700	0007.301	0042.630	0001.225	0008.396	0053.741	0001.314	30.160660	-89.045402
07/10/2022 16:44:13.000	3.750	0001.391	0024.698	0092.690	0007.178	0042.574	0001.263	0008.396	0053.661	0001.387	30.160658	-89.045401
07/10/2022 16:44:13.000	3.750	0001.487	0024.694	0092.690	0007.011	0042.716	0001.325	0008.395	0053.864	0001.482	30.160657	-89.045399
07/10/2022 16:44:14.000	3.688	0001.585	0024.694	0092.690	0007.128	0043.542	0001.475	0008.389	0055.046	0001.580	30.160655	-89.045394
07/10/2022 16:44:14.000	3.750	0001.684	0024.722	0091.895	0006.806	0044.868	0001.563	0008.385	0056.954	0001.679	30.160654	-89.045392
07/10/2022 16:44:14.000	3.625	0001.792	0024.799	0092.470	0006.752	0045.930	0001.938	0008.390	0058.491	0001.786	30.160653	-89.045390
07/10/2022 16:44:14.000	3.813	0001.892	0024.883	0092.470	0006.457	0046.592	0002.188	0008.394	0059.454	0001.886	30.160652	-89.045388
07/10/2022 16:44:15.000	3.813	0002.007	0024.953	0092.465	0006.290	0046.786	0002.650	0008.399	0059.737	0002.001	30.160650	-89.045385
07/10/2022 16:44:15.000	3.875	0002.089	0025.006	0092.465	0006.205	0047.214	0003.038	0008.403	0060.362	0002.082	30.160649	-89.045383
07/10/2022 16:44:15.000	3.875	0002.159	0025.049	0093.705	0006.062	0048.198	0003.713	0008.409	0061.804	0002.152	30.160648	-89.045382
07/10/2022 16:44:15.000	4.125	0002.236	0025.091	0093.710	0005.872	0048.342	0003.538	0008.415	0062.015	0002.229	30.160647	-89.045380
07/10/2022 16:44:16.000	4.000	0002.340	0025.126	0093.705	0005.771	0048.390	0003.250	0008.420	0062.086	0002.333	30.160645	-89.045377
07/10/2022 16:44:16.000	4.063	0002.455	0025.160	0093.710	0005.515	0048.474	0003.313	0008.424	0062.210	0002.447	30.160645	-89.045375
07/10/2022 16:44:16.000	4.313	0002.570	0025.191	0093.710	0005.445	0048.478	0004.075	0008.427	0062.215	0002.562	30.160644	-89.045373
07/10/2022 16:44:16.000	3.938	0002.687	0025.214	0096.025	0005.194	0048.478	0004.050	0008.430	0062.215	0002.679	30.160644	-89.045372
07/10/2022 16:44:17.000	3.875	0002.795	0025.229	0096.015	0005.183	0048.464	0003.963	0008.431	0062.195	0002.786	30.160643	-89.045370
07/10/2022 16:44:17.000	4.063	0002.891	0025.234	0096.020	0004.965	0048.460	0003.775	0008.433	0062.189	0002.882	30.160641	-89.045367
07/10/2022 16:44:17.000	3.875	0002.990	0025.236	0096.020	0004.782	0048.470	0004.213	0008.434	0062.204	0002.981	30.160640	-89.045366
07/10/2022 16:44:17.000	4.063	0003.078	0025.232	0095.590	0004.718	0048.460	0003.650	0008.432	0062.189	0003.068	30.160639	-89.045365
07/10/2022 16:44:18.000	4.563	0003.153	0025.228	0097.825	0004.705	0048.452	0003.888	0008.437	0062.177	0003.143	30.160637	-89.045363
07/10/2022 16:44:18.000	4.188	0003.256	0025.223	0097.840	0004.503	0048.456	0003.813	0008.437	0062.183	0003.246	30.160636	-89.045362
07/10/2022 16:44:18.000	4.188	0003.310	0025.221	0097.840	0004.390	0048.454	0004.050	0008.437	0062.180	0003.300	30.160636	-89.045361
07/10/2022 16:44:18.000	4.313	0003.343	0025.221	0097.835	0004.380	0048.460	0004.188	0008.438	0062.189	0003.333	30.160635	-89.045359
07/10/2022 16:44:19.000	4.188	0003.362	0025.220	0098.375	0004.312	0048.462	0004.188	0008.438	0062.192	0003.352	30.160634	-89.045357
07/10/2022 16:44:19.000	4.438	0003.368	0025.219	0098.385	0004.258	0048.458	0004.000	0008.440	0062.186	0003.357	30.160634	-89.045355
07/10/2022 16:44:19.000	4.563	0003.368	0025.219	0098.385	0004.318	0048.460	0004.188	0008.441	0062.189	0003.357	30.160633	-89.045354
07/10/2022 16:44:19.000	4.250	0003.366	0025.220	0098.390	0004.233	0048.456	0004.363	0008.441	0062.183	0003.356	30.160633	-89.045353
07/10/2022 16:44:20.000	4.188	0003.357	0025.218	0098.390	0004.251	0048.462	0004.450	0008.442	0062.192	0003.347	30.160631	-89.045351
07/10/2022 16:44:20.000	4.625	0003.355	0025.219	0098.585	0004.316	0048.460	0003.900	0008.442	0062.189	0003.345	30.160630	-89.045350
07/10/2022 16:44:20.000	4.375	0003.363	0025.218	0098.585	0004.249	0048.462	0004.875	0008.443	0062.192	0003.353	30.160629	-89.045350
07/10/2022 16:44:20.000	4.938	0003.376	0025.219	0098.590	0004.227	0048.464	0003.500	0008.442	0062.195	0003.365	30.160628	-89.045349
07/10/2022 16:44:21.000	4.563	0003.397	0025.220	0098.585	0004.190	0048.466	0005.375	0008.444	0062.198	0003.386	30.160627	-89.045348
07/10/2022 16:44:21.000	4.000	0003.420	0025.220	0097.610	0004.145	0048.462	0004.350	0008.442	0062.192	0003.409	30.160626	-89.045346
07/10/2022 16:44:21.000	4.438	0003.449	0025.222	0098.655	0004.147	0048.466	0004.450	0008.445	0062.198	0003.438	30.160626	-89.045345
07/10/2022 16:44:21.000	4.063	0003.459	0025.221	0098.660	0004.062	0048.462	0004.613	0008.446	0062.192	0003.448	30.160626	-89.045344
07/10/2022 16:44:22.000	4.000	0003.459	0025.221	0098.660	0004.072	0048.460	0004.138	0008.445	0062.189	0003.448	30.160624	-89.045342
07/10/2022 16:44:22.000	4.438	0003.435	0025.221	0098.650	0004.128	0048.460	0004.650	0008.446	0062.189	0003.424	30.160623	-89.045341
07/10/2022 16:44:22.000	4.000	0003.406	0025.219	0098.705	0004.117	0048.458	0003.725	0008.446	0062.186	0003.395	30.160623	-89.045341
07/10/2022 16:44:22.000	4.000	0003.389	0025.219	0098.715	0004.128	0048.458	0005.650	0008.446	0062.186	0003.378	30.160622	-89.045340
07/10/2022 16:44:23.000	4.000	0003.390	0025.220	0098.715	0004.114	0048.462	0006.338	0008.447	0062.192	0003.379	30.160621	-89.045338
07/10/2022 16:44:23.000	4.438	0003.417	0025.220	0098.715	0004.103	0048.460	0005.888	0008.447	0062.189	0003.406	30.160620	-89.045338
07/10/2022 16:44:23.000	5.000	0003.454	0025.219	0098.715	0004.079	0048.462	0004.775	0008.447	0062.192	0003.443	30.160620	-89.045337
07/10/2022 16:44:23.000	4.563	0003.478	0025.220	0098.735	0004.030	0048.462	0005.350	0008.448	0062.192	0003.467	30.160619	-89.045336
07/10/2022 16:44:24.000	3.938	0003.489	0025.220	0098.720	0004.001	0048.460	0004.338	0008.448	0062.189	0003.478	30.160618	-89.045335
07/10/2022 16:44:24.000	4.563	0003.487	0025.217	0098.720	0004.052	0048.462	0003.638	0008.449	0062.192	0003.476	30.160618	-89.045334
07/10/2022 16:44:24.000	4.500	0003.473	0025.219	0098.720	0004.045	0048.462	0003.638	0008.449	0062.192	0003.462	30.160617	-89.045334
07/10/2022 16:44:24.000	4.563	0003.456	0025.218	0097.655	0004.031	0048.458	0003.775	0008.448	0062.186	0003.445	30.160617	-89.045333
07/10/2022 16:44:25.000	3.938	0003.439	0025.219	0098.795	0004.077	0048.462	0003.825	0008.450	0062.192	0003.428	30.160616	-89.045332
07/10/2022 16:44:25.000	4.438	0003.426	0025.219	0098.800	0004.077	0048.462	0005.500	0008.448	0062.192	0003.415	30.160614	-89.045331
07/10/2022 16:44:25.000	4.563	0003.425	0025.219	0098.805	0004.092	0048.456	0004.638	0008.450	0062.183	0003.414	30.160614	-89.045331
07/10/2022 16:44:25.000	4.438	0003.437	0025.219	0098.805	0004.134	0048.454	0004.400	0008.451	0062.180	0003.426	30.160613	-89.045330
07/10/2022 16:44:26.000	4.000	0003.463	0025.218	0098.820	0004.087	0048.460	0004.263	0008.450	0062.189	0003.452	30.160612	-89.045329
07/10/2022 16:44:26.000	4.063	0003.493	0025.219	0098.825	0004.017	0048.460	0003.925	0008.451	0062.189	0003.482	30.160612	-89.045328
07/10/2022 16:44:26.000	3.938	0003.509	0025.218	0098.825	0003.998	0048.460	0004.325	0008.450	0062.189	0003.498	30.160612	-89.045328
07/10/2022 16:44:26.000	4.063	0003.510	0025.219	0098.820	0004.004	0048.464	0004.013	0008.451	0062.195	0003.499	30.160612	-89.045327
07/10/2022 16:44:27.000	4.000	0003.491	0025.218	0098.820	0003.974	0048.464	0003.925	0008.451	0062.195	0003.480	30.160610	-89.045326
07/10/2022 16:44:27.000	4.313	0003.463	0025.220	0098.905	0004.035	0048.462	0003.700	0008.451	0062.192	0003.452	30.160610	-89.045326
07/10/2022 16:44:27.000	4.125	0003.447	0025.218	0098.900	0004.060	0048.460	0003.200	0008.451	0062.189	0003.436	30.160609	-89.045326
07/10/2022 16:44:27.000	4.375	0003.447	0025.219	0098.905	0004.061	0048.462	0005.675	0008.452	0062.192	0003.436	30.160608	-89.045325
07/10/2022 16:44:28.000	4.188	0003.462	0025.218	0098.915	0004.083	0048.462	0004.900	0008.453	0062.192	0003.451	30.160607	-89.045324
07/10/2022 16:44:28.000	4.250	0003.482	0025.219	0097.765	0004.005	0048.464	0005.200	0008.450	0062.195	0003.471	30.160607	-89.045324
07/10/2022 16:44:28.000	4.000	0003.498	0025.218	0098.955	0004.004	0048.464	0005.513	0008.453	0062.195	0003.487	30.160606	-89.045323
07/10/2022 16:44:28.000	4.750	0003.507	0025.220	0098.955	0003.980	0048.462	0004.625	0008.452	0062.192	0003.496	30.160606	-89.045323
07/10/2022 16:44:29.000	4.313	0003.506	0025.221	0098.960	0003.970	0048.462	0004.375	0008.451	0062.192	0003.495	30.160605	-89.045323
07/10/2022 16:44:29.000	4.563	0003.492	0025.220	0098.955	0003.980	0048.462	0005.150	0008.453	0062.192	0003.481	30.160604	-89.045322
07/10/2022 16:44:29.000	4.125	0003.478	0025.221	0098.925	0004.013	0048.462	0005.775	0008.452	0062.192	0003.467	30.160604	-89.045321
07/10/2022 16:44:29.000	4.313	0003.471	0025.221	0098.925	0004.007	0048.460	0004.713	0008.454	0062.189	0003.460	30.160603	-89.045321
07/10/2022 16:44:30.000	4.438	0003.470	0025.220	0098.925	0004.019	0048.462	0003.500	0008.453	0062.192	0003.459	30.160603	-89.045320
07/10/2022 16:44:30.000	4.438	0003.478	0025.219	0098.930	0004.016	0048.460	0004.350	0008.453	0062.189	0003.467	30.160602	-89.045320
07/10/2022 16:44:30.000	4.438	0003.489	0025.220	0098.930	0004.007	0048.462	0005.400	0008.453	0062.192	0003.478	30.160601	-89.045320
07/10/2022 16:44:30.000	4.000	0003.495	0025.219	0098.960	0004.004	0048.462	0004.912	0008.453	0062.192	0003.484	30.160601	-89.045319
07/10/2022 16:44:31.000	4.000	0003.497	0025.219	0098.955	0004.032	0048.460	0004.488	0008.453	0062.189	0003.486	30.160600	-89.045319
07/10/2022 16:44:31.000	4.063	0003.496	0025.221	0098.960	0004.009	0048.460	0004.263	0008.453	0062.189	0003.485	30.160599	-89.045318
07/10/2022 16:44:31.000	4.688	0003.491	0025.220	0098.960	0004.004	0048.460	0004.150	0008.453	0062.189	0003.480	30.160599	-89.045318
07/10/2022 16:44:31.000	3.875	0003.486	0025.220	0097.795	0004.027	0048.460	0004.025	0008.453	0062.189	0003.475	30.160598	-89.045318
07/10/2022 16:44:32.000	3.875	0003.482	0025.219	0098.945	0004.022	0048.460	0003.825	0008.454	0062.189	0003.471	30.160598	-89.045317
07/10/2022 16:44:32.000	4.375	0003.480	0025.220	0098.950	0004.021	0048.462	0004.638	0008.454	0062.192	0003.469	30.160597	-89.045317
07/10/2022 16:44:32.000	4.063	0003.480	0025.219	0098.950	0004.028	0048.462	0004.963	0008.454	0062.192	0003.469	30.160597	-89.045316
07/10/2022 16:44:32.000	3.938	0003.478	0025.220	0098.950	0004.057	0048.460	0005.750	0008.454	0062.189	0003.467	30.160596	-89.045316
07/10/2022 16:44:33.000	4.125	0003.478	0025.220	0098.960	0004.020	0048.460	0004.800	0008.454	0062.189	0003.467	30.160596	-89.045316
07/10/2022 16:44:33.000	4.563	0003.480	0025.221	0098.955	0004.012	0048.462	0005.350	0008.454	0062.192	0003.469	30.160595	-89.045316
07/10/2022 16:44:33.000	4.875	0003.494	0025.220	0098.960	0004.010	0048.462	0004.450	0008.454	0062.192	0003.483	30.160594	-89.045315
07/10/2022 16:44:33.000	4.813	0003.507	0025.219	0098.960	0003.992	0048.462	0004.550	0008.455	0062.192	0003.496	30.160594	-89.045315
07/10/2022 16:44:34.000	4.063	0003.515	0025.221	0098.950	0003.963	0048.462	0004.850	0008.455	0062.192	0003.504	30.160593	-89.045314
07/10/2022 16:44:34.000	4.438	0003.520	0025.221	0098.995	0003.992	0048.462	0005.425	0008.455	0062.192	0003.509	30.160593	-89.045314
07/10/2022 16:44:34.000	5.250	0003.510	0025.221	0099.000	0003.981	0048.462	0004.162	0008.455	0062.192	0003.499	30.160592	-89.045314
07/10/2022 16:44:34.000	4.313	0003.488	0025.223	0099.005	0003.987	0048.462	0003.200	0008.456	0062.192	0003.477	30.160592	-89.045314
07/10/2022 16:44:35.000	3.875	0003.469	0025.222	0099.005	0004.020	0048.462	0003.988	0008.455	0062.192	0003.458	30.160591	-89.045313
07/10/2022 16:44:35.000	4.188	0003.459	0025.222	0097.905	0004.036	0048.462	0004.150	0008.454	0062.192	0003.448	30.160590	-89.045313
07/10/2022 16:44:35.000	4.188	0003.470	0025.221	0099.010	0004.034	0048.462	0003.813	0008.456	0062.192	0003.459	30.160590	-89.045313
07/10/2022 16:44:35.000	4.625	0003.498	0025.223	0099.005	0004.005	0048.464	0003.425	0008.455	0062.195	0003.487	30.160589	-89.045313
07/10/2022 16:44:36.000	4.313	0003.518	0025.221	0099.010	0003.998	0048.462	0004.513	0008.455	0062.192	0003.507	30.160588	-89.045313
07/10/2022 16:44:36.000	5.000	0003.522	0025.221	0099.015	0003.980	0048.462	0004.425	0008.455	0062.192	0003.511	30.160588	-89.045313
07/10/2022 16:44:36.000	4.813	0003.512	0025.221	0099.010	0003.975	0048.460	0004.775	0008.455	0062.189	0003.501	30.160587	-89.045312
07/10/2022 16:44:36.000	4.313	0003.491	0025.222	0099.005	0004.004	0048.462	0004.662	0008.456	0062.192	0003.480	30.160587	-89.045312
07/10/2022 16:44:37.000	4.000	0003.475	0025.222	0099.000	0004.019	0048.462	0004.250	0008.455	0062.192	0003.464	30.160587	-89.045312
07/10/2022 16:44:37.000	5.000	0003.466	0025.221	0099.005	0004.038	0048.462	0005.888	0008.456	0062.192	0003.455	30.160586	-89.045311
07/10/2022 16:44:37.000	4.625	0003.466	0025.220	0099.005	0004.028	0048.462	0004.838	0008.456	0062.192	0003.455	30.160586	-89.045311
07/10/2022 16:44:37.000	5.125	0003.485	0025.220	0099.060	0004.034	0048.460	0006.563	0008.455	0062.189	0003.474	30.160585	-89.045311
07/10/2022 16:44:38.000	4.563	0003.506	0025.221	0099.060	0004.004	0048.462	0005.000	0008.456	0062.192	0003.495	30.160584	-89.045311
07/10/2022 16:44:38.000	4.250	0003.523	0025.221	0099.055	0003.962	0048.460	0004.075	0008.457	0062.189	0003.512	30.160583	-89.045311
07/10/2022 16:44:38.000	4.625	0003.525	0025.221	0099.060	0003.947	0048.462	0005.313	0008.456	0062.192	0003.514	30.160583	-89.045311
07/10/2022 16:44:38.000	4.375	0003.498	0025.221	0097.870	0003.992	0048.462	0003.913	0008.454	0062.192	0003.487	30.160582	-89.045311
07/10/2022 16:44:39.000	4.188	0003.472	0025.220	0099.050	0004.020	0048.462	0004.338	0008.457	0062.192	0003.461	30.160582	-89.045310
07/10/2022 16:44:39.000	5.938	0003.462	0025.220	0099.050	0004.026	0048.462	0003.975	0008.457	0062.192	0003.451	30.160581	-89.045310
07/10/2022 16:44:39.000	5.125	0003.470	0025.221	0099.050	0004.040	0048.462	0003.888	0008.455	0062.192	0003.459	30.160581	-89.045310
07/10/2022 16:44:39.000	4.188	0003.493	0025.220	0099.055	0004.006	0048.462	0004.025	0008.457	0062.192	0003.482	30.160581	-89.045310
07/10/2022 16:44:40.000	4.750	0003.516	0025.220	0099.085	0003.982	0048.460	0003.663	0008.455	0062.189	0003.505	30.160580	-89.045310
07/10/2022 16:44:40.000	4.063	0003.525	0025.221	0099.080	0003.961	0048.460	0004.713	0008.457	0062.189	0003.514	30.160580	-89.045310
07/10/2022 16:44:40.000	3.938	0003.526	0025.220	0099.090	0003.963	0048.462	0004.063	0008.456	0062.192	0003.515	30.160579	-89.045310
07/10/2022 16:44:40.000	3.875	0003.518	0025.220	0099.085	0003.973	0048.462	0003.213	0008.456	0062.192	0003.507	30.160579	-89.045309
07/10/2022 16:44:41.000	4.375	0003.498	0025.220	0099.075	0003.974	0048.458	0005.075	0008.456	0062.186	0003.487	30.160578	-89.045309
07/10/2022 16:44:41.000	4.188	0003.475	0025.220	0099.065	0004.025	0048.460	0004.475	0008.456	0062.189	0003.464	30.160577	-89.045309
07/10/2022 16:44:41.000	4.125	0003.457	0025.219	0099.070	0004.023	0048.460	0005.287	0008.457	0062.189	0003.446	30.160576	-89.045309
07/10/2022 16:44:41.000	3.938	0003.458	0025.218	0099.070	0004.034	0048.458	0004.775	0008.455	0062.186	0003.447	30.160576	-89.045309
07/10/2022 16:44:42.000	3.875	0003.495	0025.220	0099.070	0004.023	0048.462	0004.638	0008.457	0062.192	0003.484	30.160576	-89.045309
07/10/2022 16:44:42.000	3.938	0003.527	0025.220	0097.945	0003.990	0048.462	0005.963	0008.455	0062.192	0003.516	30.160576	-89.045309
07/10/2022 16:44:42.000	4.438	0003.540	0025.220	0099.020	0003.961	0048.460	0006.300	0008.456	0062.189	0003.529	30.160575	-89.045309
07/10/2022 16:44:42.000	4.250	0003.536	0025.221	0099.015	0003.968	0048.460	0008.988	0008.457	0062.189	0003.525	30.160575	-89.045309
07/10/2022 16:44:43.000	4.438	0003.505	0025.219	0099.015	0004.017	0048.462	0007.662	0008.456	0062.192	0003.494	30.160574	-89.045309
07/10/2022 16:44:43.000	4.500	0003.475	0025.220	0099.010	0004.041	0048.460	0006.063	0008.456	0062.189	0003.464	30.160574	-89.045309
07/10/2022 16:44:43.000	4.000	0003.458	0025.221	0098.970	0004.045	0048.458	0006.287	0008.457	0062.186	0003.447	30.160573	-89.045309
07/10/2022 16:44:43.000	4.063	0003.455	0025.220	0098.960	0004.049	0048.458	0004.263	0008.456	0062.186	0003.444	30.160572	-89.045309
07/10/2022 16:44:44.000	4.063	0003.464	0025.221	0098.965	0004.068	0048.460	0004.412	0008.457	0062.189	0003.453	30.160572	-89.045309
07/10/2022 16:44:44.000	4.063	0003.485	0025.221	0098.965	0004.016	0048.460	0005.125	0008.457	0062.189	0003.474	30.160571	-89.045309
07/10/2022 16:44:44.000	3.938	0003.509	0025.220	0098.955	0004.006	0048.458	0004.850	0008.457	0062.186	0003.498	30.160571	-89.045309
07/10/2022 16:44:44.000	4.125	0003.530	0025.221	0098.950	0003.956	0048.458	0004.475	0008.456	0062.186	0003.519	30.160570	-89.045309
07/10/2022 16:44:45.000	4.375	0003.541	0025.221	0098.950	0003.937	0048.460	0005.588	0008.457	0062.189	0003.530	30.160570	-89.045309
07/10/2022 16:44:45.000	4.188	0003.536	0025.221	0098.950	0003.938	0048.456	0004.925	0008.458	0062.183	0003.525	30.160570	-89.045309
07/10/2022 16:44:45.000	4.063	0003.505	0025.217	0098.940	0003.964	0048.458	0005.313	0008.456	0062.186	0003.494	30.160569	-89.045308
07/10/2022 16:44:45.000	4.063	0003.470	0025.219	0097.760	0003.993	0048.460	0004.225	0008.456	0062.189	0003.459	30.160568	-89.045308
07/10/2022 16:44:46.000	4.250	0003.448	0025.218	0098.940	0004.033	0048.460	0004.638	0008.457	0062.189	0003.437	30.160568	-89.045308
07/10/2022 16:44:46.000	4.063	0003.449	0025.219	0098.945	0004.048	0048.458	0005.263	0008.457	0062.186	0003.438	30.160568	-89.045309
07/10/2022 16:44:46.000	3.813	0003.495	0025.218	0098.950	0004.022	0048.460	0004.100	0008.457	0062.189	0003.484	30.160567	-89.045309
07/10/2022 16:44:46.000	4.313	0003.535	0025.218	0098.945	0003.978	0048.458	0004.263	0008.457	0062.186	0003.524	30.160567	-89.045309
07/10/2022 16:44:47.000	3.938	0003.557	0025.220	0098.940	0003.976	0048.458	0004.850	0008.457	0062.186	0003.546	30.160566	-89.045309
07/10/2022 16:44:47.000	4.188	0003.554	0025.219	0098.945	0003.929	0048.458	0004.775	0008.457	0062.186	0003.543	30.160566	-89.045309
07/10/2022 16:44:47.000	4.813	0003.502	0025.219	0098.945	0003.966	0048.456	0005.588	0008.457	0062.183	0003.491	30.160565	-89.045308
07/10/2022 16:44:47.000	4.125	0003.461	0025.218	0098.955	0004.014	0048.456	0004.725	0008.457	0062.183	0003.450	30.160565	-89.045308
07/10/2022 16:44:48.000	4.125	0003.439	0025.218	0098.950	0004.054	0048.456	0006.287	0008.457	0062.183	0003.428	30.160564	-89.045308
07/10/2022 16:44:48.000	4.188	0003.460	0025.219	0098.980	0004.058	0048.458	0005.213	0008.458	0062.186	0003.449	30.160564	-89.045309
07/10/2022 16:44:48.000	4.000	0003.506	0025.217	0098.975	0004.009	0048.458	0004.950	0008.457	0062.186	0003.495	30.160564	-89.045309
07/10/2022 16:44:48.000	4.250	0003.537	0025.218	0098.970	0003.964	0048.456	0004.750	0008.457	0062.183	0003.526	30.160563	-89.045309
07/10/2022 16:44:49.000	4.188	0003.544	0025.218	0098.970	0003.941	0048.458	0003.913	0008.457	0062.186	0003.533	30.160562	-89.045309
07/10/2022 16:44:49.000	4.375	0003.526	0025.218	0097.805	0003.946	0048.456	0003.775	0008.455	0062.183	0003.515	30.160562	-89.045309
07/10/2022 16:44:49.000	4.125	0003.493	0025.218	0098.935	0003.992	0048.454	0003.575	0008.459	0062.180	0003.482	30.160561	-89.045309
07/10/2022 16:44:49.000	3.875	0003.469	0025.217	0098.925	0004.028	0048.452	0004.250	0008.457	0062.177	0003.458	30.160561	-89.045309
07/10/2022 16:44:50.000	3.875	0003.460	0025.218	0098.935	0004.023	0048.456	0005.725	0008.457	0062.183	0003.449	30.160561	-89.045309
07/10/2022 16:44:50.000	4.125	0003.467	0025.216	0098.930	0004.023	0048.456	0005.713	0008.457	0062.183	0003.456	30.160561	-89.045309
07/10/2022 16:44:50.000	4.313	0003.500	0025.217	0098.925	0003.999	0048.458	0004.363	0008.457	0062.186	0003.489	30.160560	-89.045309
07/10/2022 16:44:50.000	4.188	0003.526	0025.218	0098.920	0003.970	0048.456	0004.037	0008.457	0062.183	0003.515	30.160560	-89.045310
07/10/2022 16:44:51.000	4.438	0003.539	0025.217	0098.915	0003.986	0048.456	0003.838	0008.457	0062.183	0003.528	30.160559	-89.045310
07/10/2022 16:44:51.000	4.313	0003.531	0025.217	0098.915	0003.969	0048.452	0004.063	0008.458	0062.177	0003.520	30.160558	-89.045310
07/10/2022 16:44:51.000	4.438	0003.501	0025.217	0098.925	0003.975	0048.452	0006.363	0008.457	0062.177	0003.490	30.160558	-89.045309
07/10/2022 16:44:51.000	4.625	0003.475	0025.217	0098.940	0004.012	0048.454	0007.813	0008.458	0062.180	0003.464	30.160557	-89.045309
07/10/2022 16:44:52.000	4.188	0003.468	0025.216	0098.935	0004.035	0048.456	0009.188	0008.459	0062.183	0003.457	30.160557	-89.045310
07/10/2022 16:44:52.000	4.063	0003.489	0025.217	0098.935	0004.003	0048.454	0005.125	0008.457	0062.180	0003.478	30.160557	-89.045310
07/10/2022 16:44:52.000	3.938	0003.512	0025.216	0098.935	0003.969	0048.454	0003.313	0008.458	0062.180	0003.501	30.160556	-89.045310
07/10/2022 16:44:52.000	4.063	0003.530	0025.216	0097.710	0003.967	0048.454	0005.412	0008.457	0062.180	0003.519	30.160556	-89.045310
07/10/2022 16:44:53.000	4.875	0003.532	0025.217	0098.870	0003.951	0048.454	0004.550	0008.459	0062.180	0003.521	30.160555	-89.045310
07/10/2022 16:44:53.000	4.375	0003.521	0025.214	0098.870	0003.956	0048.450	0004.513	0008.458	0062.174	0003.510	30.160555	-89.045310
07/10/2022 16:44:53.000	5.813	0003.502	0025.214	0098.880	0003.984	0048.454	0004.425	0008.459	0062.180	0003.491	30.160555	-89.045310
07/10/2022 16:44:53.000	4.750	0003.479	0025.215	0098.875	0004.000	0048.452	0005.138	0008.457	0062.177	0003.468	30.160554	-89.045310
07/10/2022 16:44:54.000	4.438	0003.463	0025.216	0098.860	0004.018	0048.454	0005.588	0008.457	0062.180	0003.452	30.160553	-89.045310
07/10/2022 16:44:54.000	4.125	0003.461	0025.216	0098.860	0004.031	0048.454	0005.175	0008.458	0062.180	0003.450	30.160553	-89.045311
07/10/2022 16:44:54.000	3.813	0003.476	0025.217	0098.855	0004.024	0048.454	0006.438	0008.457	0062.180	0003.465	30.160553	-89.045311
07/10/2022 16:44:54.000	4.500	0003.511	0025.217	0098.850	0004.010	0048.454	0004.300	0008.458	0062.180	0003.500	30.160552	-89.045311
07/10/2022 16:44:55.000	4.188	0003.537	0025.215	0098.860	0004.001	0048.454	0004.787	0008.457	0062.180	0003.526	30.160552	-89.045311
07/10/2022 16:44:55.000	3.938	0003.551	0025.214	0098.880	0003.965	0048.452	0003.788	0008.458	0062.177	0003.540	30.160552	-89.045311
07/10/2022 16:44:55.000	3.938	0003.543	0025.216	0098.875	0003.938	0048.452	0003.463	0008.458	0062.177	0003.532	30.160551	-89.045311
07/10/2022 16:44:55.000	3.938	0003.505	0025.215	0098.880	0003.993	0048.452	0003.888	0008.457	0062.177	0003.494	30.160551	-89.045310
07/10/2022 16:44:56.000	3.875	0003.460	0025.213	0098.880	0004.052	0048.450	0003.500	0008.458	0062.174	0003.449	30.160550	-89.045311
07/10/2022 16:44:56.000	3.625	0003.434	0025.215	0097.695	0004.068	0048.450	0005.688	0008.457	0062.174	0003.423	30.160550	-89.045311
07/10/2022 16:44:56.000	3.875	0003.445	0025.213	0098.815	0004.056	0048.452	0004.225	0008.459	0062.177	0003.434	30.160549	-89.045312
07/10/2022 16:44:56.000	4.188	0003.490	0025.215	0098.820	0004.051	0048.454	0004.488	0008.458	0062.180	0003.479	30.160549	-89.045312
07/10/2022 16:44:57.000	3.938	0003.541	0025.216	0098.820	0003.973	0048.456	0005.938	0008.458	0062.183	0003.530	30.160548	-89.045313
07/10/2022 16:44:57.000	4.313	0003.570	0025.217	0098.825	0003.917	0048.454	0006.325	0008.458	0062.180	0003.559	30.160548	-89.045312
07/10/2022 16:44:57.000	4.438	0003.570	0025.215	0098.815	0003.912	0048.454	0005.488	0008.457	0062.180	0003.559	30.160548	-89.045312
07/10/2022 16:44:57.000	3.875	0003.528	0025.216	0098.800	0003.971	0048.452	0005.013	0008.458	0062.177	0003.517	30.160548	-89.045312
07/10/2022 16:44:58.000	3.938	0003.478	0025.214	0098.795	0003.988	0048.450	0004.125	0008.457	0062.174	0003.467	30.160547	-89.045312
07/10/2022 16:44:58.000	3.750	0003.439	0025.216	0098.795	0004.037	0048.450	0004.550	0008.457	0062.174	0003.428	30.160547	-89.045312
07/10/2022 16:44:58.000	3.813	0003.437	0025.215	0098.800	0004.064	0048.452	0004.575	0008.458	0062.177	0003.426	30.160547	-89.045312
07/10/2022 16:44:58.000	3.875	0003.487	0025.217	0098.825	0004.032	0048.454	0006.638	0008.457	0062.180	0003.476	30.160546	-89.045313
07/10/2022 16:44:59.000	4.063	0003.527	0025.217	0098.825	0004.020	0048.454	0005.763	0008.458	0062.180	0003.516	30.160545	-89.045314
07/10/2022 16:44:59.000	3.938	0003.547	0025.218	0098.825	0003.940	0048.454	0005.263	0008.458	0062.180	0003.536	30.160545	-89.045314
07/10/2022 16:44:59.000	3.938	0003.546	0025.215	0098.825	0003.952	0048.454	0005.225	0008.458	0062.180	0003.535	30.160544	-89.045314
07/10/2022 16:44:59.000	3.875	0003.513	0025.218	0097.605	0003.964	0048.454	0004.650	0008.456	0062.180	0003.502	30.160544	-89.045313
07/10/2022 16:45:00.000	3.875	0003.493	0025.216	0098.775	0004.009	0048.454	0003.725	0008.459	0062.180	0003.482	30.160544	-89.045313
07/10/2022 16:45:00.000	3.750	0003.479	0025.219	0098.775	0004.017	0048.456	0003.450	0008.459	0062.183	0003.468	30.160543	-89.045313
07/10/2022 16:45:00.000	4.125	0003.479	0025.217	0098.775	0004.019	0048.458	0003.413	0008.457	0062.186	0003.468	30.160543	-89.045313
07/10/2022 16:45:00.000	3.813	0003.489	0025.218	0098.775	0004.023	0048.456	0004.463	0008.459	0062.183	0003.478	30.160543	-89.045314
07/10/2022 16:45:01.000	3.688	0003.494	0025.218	0098.730	0003.984	0048.454	0004.513	0008.459	0062.180	0003.483	30.160542	-89.045315
07/10/2022 16:45:01.000	3.938	0003.498	0025.218	0098.740	0003.989	0048.458	0004.113	0008.458	0062.186	0003.487	30.160542	-89.045315
07/10/2022 16:45:01.000	3.750	0003.498	0025.218	0098.735	0003.980	0048.458	0005.675	0008.459	0062.186	0003.487	30.160541	-89.045315
07/10/2022 16:45:01.000	3.813	0003.504	0025.217	0098.730	0003.978	0048.456	0006.100	0008.459	0062.183	0003.493	30.160541	-89.045315
07/10/2022 16:45:02.000	4.000	0003.516	0025.218	0098.740	0003.974	0048.456	0004.513	0008.459	0062.183	0003.505	30.160540	-89.045315
07/10/2022 16:45:02.000	4.125	0003.523	0025.218	0098.705	0003.956	0048.456	0004.350	0008.459	0062.183	0003.512	30.160540	-89.045315
07/10/2022 16:45:02.000	3.875	0003.522	0025.217	0098.705	0003.945	0048.458	0004.713	0008.459	0062.186	0003.511	30.160540	-89.045315
07/10/2022 16:45:02.000	4.438	0003.504	0025.219	0098.705	0003.997	0048.458	0004.162	0008.459	0062.186	0003.493	30.160540	-89.045316
07/10/2022 16:45:03.000	4.563	0003.489	0025.218	0098.705	0003.981	0048.456	0006.825	0008.459	0062.183	0003.478	30.160539	-89.045316
07/10/2022 16:45:03.000	3.750	0003.480	0025.218	0097.520	0004.023	0048.456	0005.438	0008.458	0062.183	0003.469	30.160538	-89.045316
07/10/2022 16:45:03.000	3.875	0003.475	0025.219	0098.665	0004.010	0048.458	0004.713	0008.458	0062.186	0003.464	30.160538	-89.045317
07/10/2022 16:45:03.000	3.625	0003.479	0025.216	0098.675	0004.015	0048.456	0005.138	0008.459	0062.183	0003.468	30.160537	-89.045317
07/10/2022 16:45:04.000	3.875	0003.494	0025.217	0098.675	0004.013	0048.458	0003.850	0008.458	0062.186	0003.483	30.160537	-89.045317
07/10/2022 16:45:04.000	4.313	0003.511	0025.216	0098.665	0003.980	0048.454	0004.162	0008.459	0062.180	0003.500	30.160537	-89.045317
07/10/2022 16:45:04.000	3.813	0003.523	0025.217	0098.635	0004.007	0048.456	0005.588	0008.459	0062.183	0003.512	30.160537	-89.045317
07/10/2022 16:45:04.000	3.750	0003.526	0025.216	0098.640	0003.972	0048.454	0005.113	0008.459	0062.180	0003.515	30.160537	-89.045317
07/10/2022 16:45:05.000	4.000	0003.516	0025.216	0098.640	0003.969	0048.454	0005.563	0008.459	0062.180	0003.505	30.160536	-89.045318
07/10/2022 16:45:05.000	4.000	0003.497	0025.217	0098.635	0003.986	0048.452	0006.150	0008.458	0062.177	0003.486	30.160535	-89.045318
07/10/2022 16:45:05.000	3.938	0003.485	0025.215	0098.640	0004.041	0048.452	0006.075	0008.459	0062.177	0003.474	30.160535	-89.045318
07/10/2022 16:45:05.000	4.188	0003.480	0025.217	0098.695	0004.040	0048.452	0006.850	0008.458	0062.177	0003.469	30.160535	-89.045318
07/10/2022 16:45:06.000	3.625	0003.493	0025.216	0098.695	0004.001	0048.456	0004.638	0008.459	0062.183	0003.482	30.160534	-89.045319
07/10/2022 16:45:06.000	4.000	0003.511	0025.216	0098.695	0003.980	0048.454	0006.363	0008.459	0062.180	0003.500	30.160534	-89.045319
07/10/2022 16:45:06.000	3.938	0003.518	0025.217	0098.690	0003.968	0048.454	0005.188	0008.457	0062.180	0003.507	30.160533	-89.045319
07/10/2022 16:45:06.000	4.188	0003.515	0025.216	0097.550	0003.969	0048.456	0004.500	0008.457	0062.183	0003.504	30.160533	-89.045319
07/10/2022 16:45:07.000	3.938	0003.500	0025.215	0098.780	0003.982	0048.452	0002.850	0008.459	0062.177	0003.489	30.160532	-89.045320
07/10/2022 16:45:07.000	3.875	0003.492	0025.215	0098.780	0004.001	0048.454	0003.313	0008.458	0062.180	0003.481	30.160532	-89.045320
07/10/2022 16:45:07.000	4.125	0003.500	0025.215	0098.775	0004.009	0048.454	0004.063	0008.459	0062.180	0003.489	30.160532	-89.045320
07/10/2022 16:45:07.000	3.813	0003.524	0025.217	0098.780	0003.999	0048.452	0008.500	0008.458	0062.177	0003.513	30.160532	-89.045320
07/10/2022 16:45:08.000	3.750	0003.531	0025.215	0098.770	0003.974	0048.456	0004.850	0008.459	0062.183	0003.520	30.160531	-89.045320
07/10/2022 16:45:08.000	3.875	0003.514	0025.214	0098.775	0003.960	0048.454	0004.250	0008.458	0062.180	0003.503	30.160531	-89.045320
07/10/2022 16:45:08.000	5.188	0003.475	0025.215	0098.770	0004.008	0048.454	0006.100	0008.459	0062.180	0003.464	30.160530	-89.045321
07/10/2022 16:45:08.000	4.938	0003.447	0025.214	0098.775	0004.041	0048.454	0005.800	0008.458	0062.180	0003.436	30.160530	-89.045321
07/10/2022 16:45:09.000	4.000	0003.444	0025.215	0098.775	0004.055	0048.454	0003.725	0008.459	0062.180	0003.433	30.160529	-89.045322
07/10/2022 16:45:09.000	3.750	0003.473	0025.215	0098.730	0004.052	0048.454	0007.425	0008.459	0062.180	0003.462	30.160529	-89.045322
07/10/2022 16:45:09.000	4.000	0003.524	0025.215	0098.725	0003.994	0048.456	0008.125	0008.457	0062.183	0003.513	30.160529	-89.045323
07/10/2022 16:45:09.000	4.188	0003.552	0025.215	0098.720	0003.938	0048.454	0006.325	0008.459	0062.180	0003.541	30.160529	-89.045323
07/10/2022 16:45:10.000	4.313	0003.563	0025.215	0098.720	0003.921	0048.456	0006.300	0008.457	0062.183	0003.552	30.160528	-89.045323
07/10/2022 16:45:10.000	4.188	0003.546	0025.214	0097.530	0003.911	0048.454	0007.063	0008.457	0062.180	0003.535	30.160528	-89.045323
07/10/2022 16:45:10.000	4.000	0003.508	0025.215	0098.695	0003.946	0048.456	0007.525	0008.459	0062.183	0003.497	30.160527	-89.045323
07/10/2022 16:45:10.000	4.000	0003.472	0025.215	0098.705	0003.985	0048.454	0005.013	0008.459	0062.180	0003.461	30.160527	-89.045323
07/10/2022 16:45:11.000	4.125	0003.457	0025.215	0098.705	0004.020	0048.452	0006.338	0008.458	0062.177	0003.446	30.160526	-89.045324
07/10/2022 16:45:11.000	4.438	0003.464	0025.214	0098.705	0004.020	0048.450	0005.063	0008.459	0062.174	0003.453	30.160526	-89.045324
07/10/2022 16:45:11.000	4.563	0003.497	0025.216	0098.795	0004.005	0048.456	0006.450	0008.459	0062.183	0003.486	30.160526	-89.045324
07/10/2022 16:45:11.000	4.625	0003.521	0025.216	0098.790	0003.967	0048.454	0004.912	0008.459	0062.180	0003.510	30.160526	-89.045325
07/10/2022 16:45:12.000	3.875	0003.529	0025.215	0098.795	0003.941	0048.454	0005.588	0008.459	0062.180	0003.518	30.160525	-89.045325
07/10/2022 16:45:12.000	4.063	0003.523	0025.215	0098.785	0003.957	0048.452	0006.988	0008.458	0062.177	0003.512	30.160524	-89.045325
07/10/2022 16:45:12.000	4.250	0003.504	0025.214	0098.795	0003.953	0048.450	0005.575	0008.458	0062.174	0003.493	30.160524	-89.045325
07/10/2022 16:45:12.000	4.375	0003.491	0025.214	0098.930	0003.976	0048.450	0005.350	0008.459	0062.174	0003.480	30.160524	-89.045325
07/10/2022 16:45:13.000	4.063	0003.491	0025.213	0098.925	0003.987	0048.452	0004.450	0008.458	0062.177	0003.480	30.160524	-89.045326
07/10/2022 16:45:13.000	3.750	0003.505	0025.213	0098.925	0003.964	0048.450	0004.050	0008.459	0062.174	0003.494	30.160523	-89.045326
07/10/2022 16:45:13.000	3.938	0003.513	0025.214	0098.925	0003.958	0048.450	0003.938	0008.459	0062.174	0003.502	30.160523	-89.045326
07/10/2022 16:45:13.000	3.750	0003.519	0025.213	0098.055	0003.968	0048.450	0003.612	0008.457	0062.174	0003.508	30.160523	-89.045327
07/10/2022 16:45:14.000	4.063	0003.511	0025.212	0098.860	0003.954	0048.450	0003.388	0008.459	0062.174	0003.500	30.160522	-89.045327
07/10/2022 16:45:14.000	4.125	0003.498	0025.210	0098.860	0003.976	0048.448	0003.463	0008.459	0062.171	0003.487	30.160522	-89.045327
07/10/2022 16:45:14.000	3.750	0003.488	0025.212	0098.855	0003.992	0048.448	0003.888	0008.459	0062.171	0003.477	30.160521	-89.045328
07/10/2022 16:45:14.000	3.875	0003.489	0025.211	0098.860	0004.001	0048.446	0007.300	0008.457	0062.168	0003.478	30.160521	-89.045328
07/10/2022 16:45:15.000	3.750	0003.496	0025.210	0098.730	0003.982	0048.448	0006.275	0008.459	0062.171	0003.485	30.160520	-89.045329
07/10/2022 16:45:15.000	4.313	0003.501	0025.210	0098.725	0003.992	0048.446	0005.400	0008.457	0062.168	0003.490	30.160520	-89.045329
07/10/2022 16:45:15.000	4.063	0003.500	0025.208	0098.725	0003.986	0048.446	0004.800	0008.458	0062.168	0003.489	30.160520	-89.045329
07/10/2022 16:45:15.000	4.250	0003.491	0025.207	0098.730	0003.985	0048.448	0005.438	0008.457	0062.171	0003.480	30.160520	-89.045329
07/10/2022 16:45:16.000	4.000	0003.493	0025.208	0098.730	0003.999	0048.446	0005.138	0008.457	0062.168	0003.482	30.160520	-89.045329
07/10/2022 16:45:16.000	3.938	0003.514	0025.206	0098.625	0003.976	0048.446	0004.900	0008.457	0062.168	0003.503	30.160519	-89.045330
07/10/2022 16:45:16.000	3.750	0003.533	0025.209	0098.625	0003.961	0048.448	0004.050	0008.457	0062.171	0003.522	30.160519	-89.045330
07/10/2022 16:45:16.000	3.563	0003.532	0025.208	0098.620	0003.938	0048.448	0003.950	0008.457	0062.171	0003.521	30.160518	-89.045330
07/10/2022 16:45:17.000	3.688	0003.495	0025.207	0098.620	0003.962	0048.446	0006.350	0008.457	0062.168	0003.484	30.160517	-89.045331
07/10/2022 16:45:17.000	3.938	0003.463	0025.208	0097.585	0003.999	0048.446	0003.788	0008.457	0062.168	0003.452	30.160517	-89.045331
07/10/2022 16:45:17.000	3.625	0003.454	0025.208	0098.490	0004.038	0048.446	0005.238	0008.458	0062.168	0003.443	30.160517	-89.045332
07/10/2022 16:45:17.000	3.875	0003.484	0025.208	0098.490	0004.022	0048.448	0005.500	0008.457	0062.171	0003.473	30.160517	-89.045332
07/10/2022 16:45:18.000	4.063	0003.529	0025.209	0098.500	0003.978	0048.446	0004.662	0008.458	0062.168	0003.518	30.160517	-89.045332
07/10/2022 16:45:18.000	3.750	0003.561	0025.209	0098.490	0003.938	0048.444	0004.188	0008.457	0062.165	0003.550	30.160516	-89.045332
07/10/2022 16:45:18.000	3.938	0003.563	0025.207	0098.430	0003.916	0048.448	0004.188	0008.457	0062.171	0003.552	30.160516	-89.045332
07/10/2022 16:45:18.000	4.063	0003.568	0025.208	0098.430	0003.909	0048.446	0003.425	0008.457	0062.168	0003.557	30.160516	-89.045332
07/10/2022 16:45:19.000	3.813	0003.539	0025.209	0098.425	0003.938	0048.446	0003.388	0008.457	0062.168	0003.528	30.160515	-89.045333
07/10/2022 16:45:19.000	4.313	0003.511	0025.208	0098.425	0003.964	0048.446	0004.463	0008.457	0062.168	0003.500	30.160514	-89.045334
07/10/2022 16:45:19.000	3.750	0003.515	0025.209	0098.430	0004.001	0048.446	0004.200	0008.457	0062.168	0003.504	30.160514	-89.045334
07/10/2022 16:45:19.000	4.250	0003.585	0025.207	0098.395	0003.942	0048.448	0004.938	0008.457	0062.171	0003.574	30.160514	-89.045335
07/10/2022 16:45:20.000	3.938	0003.668	0025.207	0098.395	0003.876	0048.448	0004.463	0008.456	0062.171	0003.657	30.160514	-89.045335
07/10/2022 16:45:20.000	3.875	0003.747	0025.207	0098.390	0003.783	0048.448	0004.662	0008.457	0062.171	0003.735	30.160513	-89.045335
07/10/2022 16:45:20.000	3.813	0003.779	0025.208	0098.400	0003.701	0048.448	0005.625	0008.457	0062.171	0003.767	30.160513	-89.045335
07/10/2022 16:45:20.000	3.875	0003.767	0025.210	0097.220	0003.739	0048.446	0004.838	0008.456	0062.168	0003.755	30.160512	-89.045335
07/10/2022 16:45:21.000	4.000	0003.721	0025.208	0098.365	0003.751	0048.448	0005.363	0008.458	0062.171	0003.709	30.160511	-89.045336
07/10/2022 16:45:21.000	3.938	0003.688	0025.205	0098.355	0003.818	0048.446	0005.363	0008.457	0062.168	0003.676	30.160511	-89.045336
07/10/2022 16:45:21.000	4.125	0003.707	0025.207	0098.355	0003.850	0048.448	0004.638	0008.457	0062.171	0003.695	30.160511	-89.045337
07/10/2022 16:45:21.000	3.938	0003.778	0025.208	0098.355	0003.773	0048.446	0004.525	0008.457	0062.168	0003.766	30.160511	-89.045337
07/10/2022 16:45:22.000	4.188	0003.839	0025.209	0098.365	0003.683	0048.448	0004.500	0008.457	0062.171	0003.827	30.160510	-89.045338
07/10/2022 16:45:22.000	4.063	0003.883	0025.207	0098.365	0003.629	0048.446	0005.063	0008.457	0062.168	0003.871	30.160510	-89.045338
07/10/2022 16:45:22.000	3.875	0003.900	0025.207	0098.355	0003.592	0048.448	0006.050	0008.458	0062.171	0003.888	30.160510	-89.045338
07/10/2022 16:45:22.000	4.000	0003.901	0025.205	0098.365	0003.608	0048.444	0010.250	0008.457	0062.165	0003.889	30.160509	-89.045338
07/10/2022 16:45:23.000	3.938	0003.920	0025.207	0098.365	0003.596	0048.448	0010.150	0008.457	0062.171	0003.908	30.160509	-89.045339
07/10/2022 16:45:23.000	4.188	0003.960	0025.205	0098.280	0003.568	0048.446	0006.938	0008.458	0062.168	0003.948	30.160509	-89.045340
07/10/2022 16:45:23.000	4.188	0003.999	0025.205	0098.285	0003.509	0048.446	0005.600	0008.458	0062.168	0003.987	30.160508	-89.045340
07/10/2022 16:45:23.000	5.063	0004.025	0025.206	0098.285	0003.477	0048.446	0006.725	0008.458	0062.168	0004.012	30.160508	-89.045340
07/10/2022 16:45:24.000	4.875	0004.042	0025.206	0098.275	0003.470	0048.446	0005.200	0008.458	0062.168	0004.029	30.160507	-89.045340
07/10/2022 16:45:24.000	5.125	0004.054	0025.206	0097.135	0003.444	0048.446	0003.850	0008.456	0062.168	0004.041	30.160507	-89.045341
07/10/2022 16:45:24.000	4.750	0004.069	0025.206	0098.325	0003.425	0048.446	0005.162	0008.458	0062.168	0004.056	30.160507	-89.045341
07/10/2022 16:45:24.000	4.313	0004.097	0025.206	0098.325	0003.401	0048.446	0004.650	0008.458	0062.168	0004.084	30.160506	-89.045342
07/10/2022 16:45:25.000	4.000	0004.135	0025.207	0098.325	0003.372	0048.446	0008.400	0008.457	0062.168	0004.122	30.160506	-89.045342
07/10/2022 16:45:25.000	4.063	0004.169	0025.205	0098.320	0003.333	0048.446	0005.525	0008.456	0062.168	0004.156	30.160505	-89.045342
07/10/2022 16:45:25.000	4.188	0004.209	0025.204	0098.355	0003.314	0048.446	0005.375	0008.457	0062.168	0004.196	30.160505	-89.045343
07/10/2022 16:45:25.000	5.313	0004.242	0025.206	0098.345	0003.263	0048.444	0005.275	0008.457	0062.165	0004.229	30.160505	-89.045343
07/10/2022 16:45:26.000	4.500	0004.261	0025.207	0098.355	0003.234	0048.448	0003.775	0008.457	0062.171	0004.248	30.160505	-89.045343
07/10/2022 16:45:26.000	4.438	0004.267	0025.207	0098.355	0003.224	0048.446	0007.300	0008.458	0062.168	0004.254	30.160504	-89.045343
07/10/2022 16:45:26.000	4.438	0004.266	0025.203	0098.350	0003.232	0048.448	0005.025	0008.457	0062.171	0004.253	30.160504	-89.045344
07/10/2022 16:45:26.000	4.063	0004.265	0025.206	0098.285	0003.240	0048.446	0004.412	0008.457	0062.168	0004.252	30.160503	-89.045344
07/10/2022 16:45:27.000	4.188	0004.293	0025.205	0098.280	0003.234	0048.444	0004.162	0008.457	0062.165	0004.280	30.160503	-89.045345
07/10/2022 16:45:27.000	5.500	0004.339	0025.204	0098.280	0003.203	0048.446	0004.200	0008.457	0062.168	0004.325	30.160503	-89.045346
07/10/2022 16:45:27.000	4.313	0004.386	0025.202	0098.280	0003.161	0048.444	0004.888	0008.456	0062.165	0004.372	30.160502	-89.045346
07/10/2022 16:45:27.000	4.125	0004.423	0025.204	0097.145	0003.106	0048.446	0004.625	0008.457	0062.168	0004.409	30.160502	-89.045346
07/10/2022 16:45:28.000	5.313	0004.451	0025.205	0098.300	0003.072	0048.446	0004.363	0008.459	0062.168	0004.437	30.160502	-89.045347
07/10/2022 16:45:28.000	4.563	0004.467	0025.205	0098.290	0003.043	0048.444	0004.125	0008.457	0062.165	0004.453	30.160501	-89.045347
07/10/2022 16:45:28.000	4.188	0004.477	0025.204	0098.295	0003.032	0048.446	0004.750	0008.457	0062.168	0004.463	30.160501	-89.045347
07/10/2022 16:45:28.000	5.750	0004.483	0025.204	0098.305	0003.062	0048.446	0005.350	0008.457	0062.168	0004.469	30.160500	-89.045347
07/10/2022 16:45:29.000	5.000	0004.490	0025.204	0098.255	0003.011	0048.446	0005.975	0008.458	0062.168	0004.476	30.160500	-89.045348
07/10/2022 16:45:29.000	4.500	0004.511	0025.204	0098.245	0003.003	0048.446	0005.063	0008.457	0062.168	0004.497	30.160500	-89.045349
07/10/2022 16:45:29.000	4.063	0004.549	0025.205	0098.250	0002.994	0048.446	0004.388	0008.458	0062.168	0004.535	30.160499	-89.045349
07/10/2022 16:45:29.000	4.813	0004.594	0025.201	0098.250	0002.945	0048.446	0003.850	0008.457	0062.168	0004.580	30.160499	-89.045350
07/10/2022 16:45:30.000	5.063	0004.633	0025.205	0098.245	0002.900	0048.448	0005.488	0008.457	0062.171	0004.619	30.160498	-89.045350
07/10/2022 16:45:30.000	4.188	0004.658	0025.205	0098.265	0002.848	0048.446	0005.975	0008.457	0062.168	0004.643	30.160498	-89.045350
07/10/2022 16:45:30.000	4.313	0004.665	0025.205	0098.265	0002.835	0048.448	0005.438	0008.456	0062.171	0004.650	30.160498	-89.045350
07/10/2022 16:45:30.000	3.875	0004.667	0025.202	0098.270	0002.850	0048.446	0004.813	0008.457	0062.168	0004.652	30.160497	-89.045351
07/10/2022 16:45:31.000	4.188	0004.690	0025.203	0098.270	0002.827	0048.446	0005.275	0008.457	0062.168	0004.675	30.160497	-89.045352
07/10/2022 16:45:31.000	4.500	0004.731	0025.204	0097.105	0002.811	0048.446	0004.600	0008.455	0062.168	0004.716	30.160497	-89.045352
07/10/2022 16:45:31.000	4.750	0004.764	0025.202	0098.255	0002.781	0048.446	0005.350	0008.457	0062.168	0004.749	30.160497	-89.045352
07/10/2022 16:45:31.000	4.000	0004.795	0025.203	0098.265	0002.715	0048.446	0005.537	0008.456	0062.168	0004.780	30.160496	-89.045352
07/10/2022 16:45:32.000	5.250	0004.809	0025.203	0098.260	0002.693	0048.446	0005.037	0008.457	0062.168	0004.794	30.160495	-89.045353
07/10/2022 16:45:32.000	5.563	0004.811	0025.202	0098.260	0002.694	0048.444	0008.213	0008.457	0062.165	0004.796	30.160495	-89.045353
07/10/2022 16:45:32.000	4.438	0004.812	0025.201	0098.190	0002.710	0048.442	0005.400	0008.457	0062.162	0004.797	30.160495	-89.045354
07/10/2022 16:45:32.000	7.125	0004.827	0025.202	0098.190	0002.697	0048.446	0006.338	0008.457	0062.168	0004.812	30.160494	-89.045354
07/10/2022 16:45:33.000	7.750	0004.858	0025.200	0098.190	0002.679	0048.448	0005.175	0008.457	0062.171	0004.843	30.160494	-89.045355
07/10/2022 16:45:33.000	4.438	0004.917	0025.203	0098.190	0002.635	0048.446	0005.263	0008.457	0062.168	0004.902	30.160494	-89.045355
07/10/2022 16:45:33.000	4.500	0004.971	0025.201	0098.190	0002.584	0048.444	0005.738	0008.456	0062.165	0004.955	30.160494	-89.045355
07/10/2022 16:45:33.000	3.938	0005.026	0025.200	0098.170	0002.511	0048.442	0007.488	0008.456	0062.162	0005.010	30.160494	-89.045356
07/10/2022 16:45:34.000	4.813	0005.048	0025.200	0098.165	0002.467	0048.444	0008.475	0008.455	0062.165	0005.032	30.160493	-89.045356
07/10/2022 16:45:34.000	6.750	0005.048	0025.201	0098.165	0002.467	0048.446	0005.063	0008.456	0062.168	0005.032	30.160492	-89.045357
07/10/2022 16:45:34.000	5.125	0005.024	0025.200	0098.170	0002.491	0048.446	0005.550	0008.456	0062.168	0005.008	30.160492	-89.045358
07/10/2022 16:45:34.000	4.125	0005.007	0025.201	0097.020	0002.518	0048.442	0006.825	0008.454	0062.162	0004.991	30.160491	-89.045358
07/10/2022 16:45:35.000	4.750	0005.016	0025.199	0098.095	0002.525	0048.444	0006.300	0008.456	0062.165	0005.000	30.160491	-89.045359
07/10/2022 16:45:35.000	4.375	0005.068	0025.201	0098.100	0002.494	0048.442	0008.113	0008.456	0062.162	0005.052	30.160491	-89.045359
07/10/2022 16:45:35.000	4.313	0005.125	0025.200	0098.100	0002.441	0048.442	0006.263	0008.456	0062.162	0005.109	30.160491	-89.045360
07/10/2022 16:45:35.000	5.500	0005.199	0025.200	0098.100	0002.367	0048.442	0004.425	0008.455	0062.162	0005.183	30.160491	-89.045360
07/10/2022 16:45:36.000	5.000	0005.254	0025.202	0098.055	0002.315	0048.444	0005.575	0008.456	0062.165	0005.238	30.160490	-89.045360
07/10/2022 16:45:36.000	4.375	0005.282	0025.200	0098.045	0002.245	0048.440	0005.275	0008.455	0062.159	0005.266	30.160490	-89.045361
07/10/2022 16:45:36.000	4.500	0005.294	0025.201	0098.045	0002.219	0048.444	0004.287	0008.456	0062.165	0005.277	30.160489	-89.045361
07/10/2022 16:45:36.000	4.875	0005.294	0025.198	0098.045	0002.235	0048.444	0004.463	0008.456	0062.165	0005.277	30.160489	-89.045361
07/10/2022 16:45:37.000	4.188	0005.282	0025.200	0098.045	0002.235	0048.444	0007.563	0008.455	0062.165	0005.266	30.160488	-89.045362
07/10/2022 16:45:37.000	4.375	0005.277	0025.200	0097.975	0002.236	0048.444	0005.150	0008.455	0062.165	0005.261	30.160488	-89.045362
07/10/2022 16:45:37.000	6.938	0005.291	0025.199	0097.970	0002.251	0048.446	0005.375	0008.455	0062.168	0005.275	30.160488	-89.045363
07/10/2022 16:45:37.000	4.625	0005.329	0025.200	0097.975	0002.205	0048.446	0004.188	0008.455	0062.168	0005.312	30.160487	-89.045364
07/10/2022 16:45:38.000	4.375	0005.394	0025.201	0097.975	0002.156	0048.446	0005.838	0008.455	0062.168	0005.377	30.160487	-89.045364
07/10/2022 16:45:38.000	4.125	0005.462	0025.202	0096.750	0002.095	0048.444	0005.725	0008.455	0062.165	0005.445	30.160487	-89.045365
07/10/2022 16:45:38.000	6.250	0005.511	0025.200	0097.815	0002.020	0048.446	0004.775	0008.457	0062.168	0005.494	30.160486	-89.045365
07/10/2022 16:45:38.000	4.750	0005.533	0025.202	0097.815	0001.982	0048.444	0004.888	0008.455	0062.165	0005.516	30.160486	-89.045365
07/10/2022 16:45:39.000	5.000	0005.526	0025.203	0097.815	0001.998	0048.442	0004.250	0008.456	0062.162	0005.509	30.160485	-89.045365
07/10/2022 16:45:39.000	5.125	0005.494	0025.201	0097.815	0002.015	0048.442	0004.638	0008.455	0062.162	0005.477	30.160485	-89.045366
07/10/2022 16:45:39.000	6.813	0005.478	0025.203	0097.790	0002.051	0048.442	0003.313	0008.456	0062.162	0005.461	30.160485	-89.045366
07/10/2022 16:45:39.000	4.188	0005.486	0025.202	0097.785	0002.059	0048.442	0006.162	0008.456	0062.162	0005.469	30.160485	-89.045367
07/10/2022 16:45:40.000	4.563	0005.532	0025.200	0097.790	0002.047	0048.442	0005.238	0008.457	0062.162	0005.515	30.160484	-89.045368
07/10/2022 16:45:40.000	4.188	0005.587	0025.199	0097.785	0001.976	0048.442	0007.013	0008.455	0062.162	0005.570	30.160484	-89.045368
07/10/2022 16:45:40.000	4.188	0005.626	0025.197	0097.790	0001.946	0048.442	0005.475	0008.456	0062.162	0005.608	30.160484	-89.045369
07/10/2022 16:45:40.000	5.688	0005.642	0025.197	0097.825	0001.915	0048.442	0004.625	0008.457	0062.162	0005.624	30.160483	-89.045369
07/10/2022 16:45:41.000	4.313	0005.647	0025.197	0097.815	0001.900	0048.440	0005.838	0008.456	0062.159	0005.629	30.160483	-89.045370
07/10/2022 16:45:41.000	5.438	0005.634	0025.196	0097.820	0001.923	0048.442	0005.650	0008.456	0062.162	0005.616	30.160483	-89.045370
07/10/2022 16:45:41.000	4.375	0005.631	0025.199	0097.815	0001.947	0048.440	0005.100	0008.455	0062.159	0005.613	30.160482	-89.045370
07/10/2022 16:45:41.000	4.813	0005.633	0025.198	0096.755	0001.960	0048.440	0004.688	0008.454	0062.159	0005.615	30.160482	-89.045371
07/10/2022 16:45:42.000	4.500	0005.626	0025.198	0097.835	0001.900	0048.438	0004.975	0008.456	0062.157	0005.608	30.160482	-89.045372
07/10/2022 16:45:42.000	4.000	0005.611	0025.198	0097.835	0001.914	0048.438	0004.912	0008.455	0062.157	0005.594	30.160481	-89.045372
07/10/2022 16:45:42.000	4.188	0005.623	0025.196	0097.835	0001.910	0048.436	0007.750	0008.455	0062.154	0005.605	30.160481	-89.045372
07/10/2022 16:45:42.000	5.000	0005.653	0025.198	0097.840	0001.894	0048.436	0006.938	0008.454	0062.154	0005.635	30.160481	-89.045373
07/10/2022 16:45:43.000	4.188	0005.696	0025.199	0097.600	0001.850	0048.436	0005.150	0008.454	0062.154	0005.678	30.160480	-89.045373
07/10/2022 16:45:43.000	4.563	0005.743	0025.197	0097.600	0001.782	0048.434	0005.263	0008.454	0062.151	0005.725	30.160480	-89.045374
07/10/2022 16:45:43.000	5.000	0005.766	0025.197	0097.595	0001.760	0048.434	0006.550	0008.455	0062.151	0005.748	30.160480	-89.045374
07/10/2022 16:45:43.000	4.563	0005.744	0025.196	0097.595	0001.778	0048.434	0012.450	0008.454	0062.151	0005.726	30.160479	-89.045375
07/10/2022 16:45:44.000	4.750	0005.725	0025.194	0097.600	0001.791	0048.400	0007.463	0008.454	0062.101	0005.707	30.160479	-89.045375
07/10/2022 16:45:44.000	5.563	0005.742	0025.195	0097.400	0001.793	0048.432	0006.525	0008.454	0062.148	0005.724	30.160479	-89.045376
07/10/2022 16:45:44.000	4.313	0005.745	0025.193	0097.395	0001.787	0048.436	0007.238	0008.453	0062.154	0005.727	30.160478	-89.045376
07/10/2022 16:45:44.000	3.875	0005.767	0025.192	0097.405	0001.772	0048.436	0005.525	0008.453	0062.154	0005.749	30.160478	-89.045377
07/10/2022 16:45:45.000	4.563	0005.785	0025.193	0097.400	0001.758	0048.438	0004.188	0008.453	0062.157	0005.767	30.160477	-89.045377
07/10/2022 16:45:45.000	4.563	0005.789	0025.192	0096.240	0001.746	0048.436	0003.950	0008.452	0062.154	0005.771	30.160477	-89.045378
07/10/2022 16:45:45.000	4.313	0005.815	0025.193	0097.305	0001.745	0048.436	0006.113	0008.453	0062.154	0005.797	30.160477	-89.045378
07/10/2022 16:45:45.000	4.500	0005.848	0025.192	0097.300	0001.694	0048.436	0004.600	0008.453	0062.154	0005.830	30.160477	-89.045379
07/10/2022 16:45:46.000	7.375	0005.871	0025.191	0097.300	0001.667	0048.436	0004.713	0008.452	0062.154	0005.853	30.160476	-89.045379
07/10/2022 16:45:46.000	4.875	0005.889	0025.194	0097.300	0001.644	0048.438	0004.713	0008.453	0062.157	0005.871	30.160476	-89.045379
07/10/2022 16:45:46.000	4.313	0005.888	0025.193	0097.145	0001.641	0048.436	0005.925	0008.453	0062.154	0005.870	30.160475	-89.045380
07/10/2022 16:45:46.000	4.688	0005.868	0025.193	0097.145	0001.650	0048.436	0009.363	0008.453	0062.154	0005.850	30.160475	-89.045381
07/10/2022 16:45:47.000	4.750	0005.890	0025.192	0097.145	0001.677	0048.440	0007.225	0008.453	0062.159	0005.872	30.160475	-89.045381
07/10/2022 16:45:47.000	4.625	0005.912	0025.193	0097.145	0001.631	0048.438	0004.912	0008.453	0062.157	0005.894	30.160475	-89.045382
07/10/2022 16:45:47.000	4.813	0005.923	0025.192	0097.150	0001.620	0048.438	0003.838	0008.453	0062.157	0005.905	30.160474	-89.045383
07/10/2022 16:45:47.000	4.500	0005.919	0025.192	0097.020	0001.655	0048.436	0007.525	0008.452	0062.154	0005.901	30.160474	-89.045383
07/10/2022 16:45:48.000	4.813	0005.918	0025.193	0097.015	0001.612	0048.436	0005.375	0008.453	0062.154	0005.900	30.160473	-89.045383
07/10/2022 16:45:48.000	4.375	0005.918	0025.193	0097.020	0001.631	0048.438	0005.050	0008.452	0062.157	0005.900	30.160473	-89.045384
07/10/2022 16:45:48.000	6.625	0005.936	0025.193	0097.020	0001.627	0048.438	0005.412	0008.452	0062.157	0005.917	30.160473	-89.045384
07/10/2022 16:45:48.000	4.625	0005.948	0025.193	0095.930	0001.584	0048.442	0005.425	0008.451	0062.162	0005.929	30.160472	-89.045385
07/10/2022 16:45:49.000	4.250	0005.952	0025.194	0096.885	0001.578	0048.442	0004.500	0008.453	0062.162	0005.933	30.160472	-89.045385
07/10/2022 16:45:49.000	5.000	0005.943	0025.193	0096.890	0001.576	0048.442	0004.912	0008.453	0062.162	0005.924	30.160472	-89.045385
07/10/2022 16:45:49.000	4.188	0005.945	0025.195	0096.900	0001.586	0048.442	0006.250	0008.452	0062.162	0005.926	30.160472	-89.045386
07/10/2022 16:45:49.000	5.625	0005.955	0025.194	0096.895	0001.589	0048.440	0006.825	0008.453	0062.159	0005.936	30.160471	-89.045387
07/10/2022 16:45:50.000	4.625	0005.994	0025.194	0096.835	0001.569	0048.440	0005.550	0008.452	0062.159	0005.975	30.160471	-89.045387
07/10/2022 16:45:50.000	4.563	0006.011	0025.194	0096.840	0001.537	0048.442	0005.325	0008.453	0062.162	0005.992	30.160471	-89.045388
07/10/2022 16:45:50.000	4.125	0006.008	0025.191	0096.835	0001.533	0048.446	0005.300	0008.453	0062.168	0005.989	30.160470	-89.045388
07/10/2022 16:45:50.000	4.750	0005.971	0025.194	0096.835	0001.556	0048.444	0006.338	0008.453	0062.165	0005.952	30.160469	-89.045389
07/10/2022 16:45:51.000	4.938	0005.943	0025.195	0096.830	0001.594	0048.444	0003.388	0008.453	0062.165	0005.924	30.160469	-89.045389
07/10/2022 16:45:51.000	4.500	0005.930	0025.194	0096.835	0001.623	0048.446	0005.863	0008.453	0062.168	0005.912	30.160469	-89.045390
07/10/2022 16:45:51.000	4.438	0005.970	0025.196	0096.830	0001.627	0048.446	0006.063	0008.453	0062.168	0005.951	30.160469	-89.045391
07/10/2022 16:45:51.000	4.875	0006.032	0025.197	0096.840	0001.560	0048.444	0004.938	0008.453	0062.165	0006.013	30.160469	-89.045391
07/10/2022 16:45:52.000	4.625	0006.077	0025.197	0096.840	0001.497	0048.444	0005.275	0008.454	0062.165	0006.058	30.160468	-89.045391
07/10/2022 16:45:52.000	4.813	0006.083	0025.196	0095.745	0001.462	0048.442	0004.037	0008.453	0062.162	0006.064	30.160468	-89.045392
07/10/2022 16:45:52.000	5.250	0006.060	0025.197	0096.785	0001.444	0048.444	0003.950	0008.454	0062.165	0006.041	30.160467	-89.045392
07/10/2022 16:45:52.000	4.500	0006.016	0025.196	0096.785	0001.499	0048.444	0004.713	0008.455	0062.165	0005.997	30.160467	-89.045393
07/10/2022 16:45:53.000	4.188	0005.992	0025.197	0096.785	0001.546	0048.446	0005.363	0008.453	0062.168	0005.973	30.160466	-89.045393
07/10/2022 16:45:53.000	4.438	0006.002	0025.197	0096.785	0001.540	0048.440	0004.575	0008.454	0062.159	0005.983	30.160466	-89.045394
07/10/2022 16:45:53.000	4.188	0006.016	0025.195	0096.985	0001.571	0048.444	0005.475	0008.454	0062.165	0005.997	30.160466	-89.045395
07/10/2022 16:45:53.000	4.875	0006.041	0025.197	0096.985	0001.530	0048.442	0005.287	0008.455	0062.162	0006.022	30.160466	-89.045395
07/10/2022 16:45:54.000	4.813	0006.080	0025.197	0096.985	0001.482	0048.440	0004.763	0008.454	0062.159	0006.061	30.160465	-89.045396
07/10/2022 16:45:54.000	4.563	0006.110	0025.198	0096.980	0001.454	0048.440	0004.825	0008.454	0062.159	0006.091	30.160465	-89.045396
07/10/2022 16:45:54.000	6.000	0006.107	0025.198	0096.985	0001.451	0048.440	0005.613	0008.454	0062.159	0006.088	30.160464	-89.045397
07/10/2022 16:45:54.000	5.063	0006.111	0025.197	0097.150	0001.448	0048.440	0006.975	0008.455	0062.159	0006.092	30.160464	-89.045397
07/10/2022 16:45:55.000	6.688	0006.061	0025.197	0097.150	0001.490	0048.436	0004.525	0008.454	0062.154	0006.042	30.160464	-89.045398
07/10/2022 16:45:55.000	6.688	0006.015	0025.197	0097.145	0001.535	0048.438	0004.813	0008.454	0062.157	0005.996	30.160463	-89.045398
07/10/2022 16:45:55.000	5.000	0006.009	0025.197	0097.155	0001.572	0048.440	0007.063	0008.455	0062.159	0005.990	30.160463	-89.045399
07/10/2022 16:45:55.000	4.438	0006.028	0025.195	0096.255	0001.555	0048.438	0004.775	0008.453	0062.157	0006.009	30.160463	-89.045400
07/10/2022 16:45:56.000	4.563	0006.094	0025.196	0097.290	0001.524	0048.440	0005.700	0008.455	0062.159	0006.075	30.160463	-89.045400
07/10/2022 16:45:56.000	4.375	0006.160	0025.195	0097.290	0001.423	0048.442	0005.138	0008.455	0062.162	0006.141	30.160463	-89.045401
07/10/2022 16:45:56.000	4.563	0006.193	0025.196	0097.290	0001.381	0048.442	0004.675	0008.455	0062.162	0006.174	30.160462	-89.045401
07/10/2022 16:45:56.000	4.563	0006.197	0025.198	0097.285	0001.334	0048.440	0005.263	0008.454	0062.159	0006.178	30.160461	-89.045402
07/10/2022 16:45:57.000	5.938	0006.163	0025.196	0097.270	0001.355	0048.440	0004.388	0008.454	0062.159	0006.144	30.160461	-89.045402
07/10/2022 16:45:57.000	5.000	0006.114	0025.197	0097.270	0001.399	0048.440	0005.037	0008.454	0062.159	0006.095	30.160461	-89.045403
07/10/2022 16:45:57.000	4.625	0006.092	0025.197	0097.270	0001.454	0048.440	0003.938	0008.453	0062.159	0006.073	30.160460	-89.045403
07/10/2022 16:45:57.000	4.563	0006.102	0025.196	0097.270	0001.454	0048.438	0004.675	0008.454	0062.157	0006.083	30.160460	-89.045404
07/10/2022 16:45:58.000	4.625	0006.131	0025.196	0097.270	0001.418	0048.436	0006.000	0008.454	0062.154	0006.112	30.160460	-89.045404
07/10/2022 16:45:58.000	4.125	0006.159	0025.196	0097.290	0001.397	0048.438	0007.037	0008.454	0062.157	0006.140	30.160460	-89.045405
07/10/2022 16:45:58.000	4.438	0006.195	0025.194	0097.285	0001.357	0048.434	0004.625	0008.454	0062.151	0006.176	30.160459	-89.045406
07/10/2022 16:45:58.000	4.063	0006.210	0025.193	0097.285	0001.322	0048.434	0004.963	0008.453	0062.151	0006.191	30.160459	-89.045406
07/10/2022 16:45:59.000	4.563	0006.192	0025.192	0097.280	0001.326	0048.434	0007.925	0008.453	0062.151	0006.173	30.160459	-89.045406
07/10/2022 16:45:59.000	4.313	0006.191	0025.191	0096.155	0001.326	0048.434	0009.387	0008.451	0062.151	0006.172	30.160458	-89.045407
07/10/2022 16:45:59.000	5.438	0006.169	0025.191	0097.185	0001.358	0048.434	0009.313	0008.453	0062.151	0006.150	30.160458	-89.045407
07/10/2022 16:45:59.000	5.250	0006.151	0025.192	0097.190	0001.388	0048.434	0005.600	0008.451	0062.151	0006.132	30.160458	-89.045408
07/10/2022 16:46:00.000	5.313	0006.155	0025.189	0097.185	0001.390	0048.434	0005.300	0008.451	0062.151	0006.136	30.160457	-89.045408
07/10/2022 16:46:00.000	4.500	0006.181	0025.191	0097.190	0001.397	0048.434	0007.125	0008.451	0062.151	0006.162	30.160457	-89.045409
07/10/2022 16:46:00.000	4.625	0006.210	0025.190	0096.920	0001.373	0048.434	0005.162	0008.451	0062.151	0006.191	30.160457	-89.045410
07/10/2022 16:46:00.000	12.000	0006.245	0025.191	0096.925	0001.317	0048.432	0005.213	0008.451	0062.148	0006.226	30.160456	-89.045411
07/10/2022 16:46:01.000	7.625	0006.249	0025.190	0096.925	0001.307	0048.434	0004.500	0008.450	0062.151	0006.230	30.160456	-89.045411
07/10/2022 16:46:01.000	4.625	0006.221	0025.188	0096.925	0001.343	0048.432	0008.713	0008.451	0062.148	0006.202	30.160456	-89.045412
07/10/2022 16:46:01.000	5.188	0006.201	0025.190	0096.925	0001.373	0048.434	0007.787	0008.451	0062.151	0006.182	30.160455	-89.045412
07/10/2022 16:46:01.000	4.313	0006.199	0025.189	0096.695	0001.379	0048.432	0007.475	0008.452	0062.148	0006.180	30.160455	-89.045413
07/10/2022 16:46:02.000	4.563	0006.240	0025.188	0096.685	0001.349	0048.432	0008.700	0008.450	0062.148	0006.221	30.160455	-89.045413
07/10/2022 16:46:02.000	4.188	0006.284	0025.189	0096.690	0001.279	0048.432	0005.863	0008.451	0062.148	0006.264	30.160455	-89.045414
07/10/2022 16:46:02.000	5.625	0006.302	0025.190	0096.685	0001.234	0048.434	0005.738	0008.450	0062.151	0006.282	30.160454	-89.045415
07/10/2022 16:46:02.000	4.750	0006.276	0025.189	0095.565	0001.230	0048.434	0004.875	0008.450	0062.151	0006.256	30.160453	-89.045415
07/10/2022 16:46:03.000	4.438	0006.243	0025.191	0096.435	0001.274	0048.434	0004.963	0008.451	0062.151	0006.224	30.160453	-89.045415
07/10/2022 16:46:03.000	4.750	0006.209	0025.189	0096.450	0001.323	0048.434	0005.900	0008.450	0062.151	0006.190	30.160453	-89.045416
07/10/2022 16:46:03.000	4.500	0006.225	0025.190	0096.455	0001.346	0048.434	0004.550	0008.450	0062.151	0006.206	30.160453	-89.045417
07/10/2022 16:46:03.000	4.688	0006.274	0025.190	0096.445	0001.292	0048.434	0005.063	0008.450	0062.151	0006.254	30.160453	-89.045417
07/10/2022 16:46:04.000	5.000	0006.328	0025.188	0096.280	0001.231	0048.434	0005.813	0008.450	0062.151	0006.308	30.160452	-89.045418
07/10/2022 16:46:04.000	4.938	0006.357	0025.191	0096.280	0001.185	0048.434	0006.300	0008.450	0062.151	0006.337	30.160452	-89.045418
07/10/2022 16:46:04.000	4.625	0006.364	0025.189	0096.280	0001.161	0048.434	0005.000	0008.450	0062.151	0006.344	30.160452	-89.045419
07/10/2022 16:46:04.000	5.813	0006.333	0025.188	0096.280	0001.182	0048.430	0005.488	0008.449	0062.145	0006.313	30.160451	-89.045419
07/10/2022 16:46:05.000	5.750	0006.293	0025.189	0096.280	0001.234	0048.432	0005.850	0008.450	0062.148	0006.273	30.160450	-89.045420
07/10/2022 16:46:05.000	5.563	0006.274	0025.189	0096.200	0001.260	0048.432	0010.325	0008.450	0062.148	0006.254	30.160450	-89.045420
07/10/2022 16:46:05.000	4.438	0006.272	0025.188	0096.195	0001.284	0048.428	0007.313	0008.450	0062.142	0006.252	30.160450	-89.045421
07/10/2022 16:46:05.000	4.063	0006.282	0025.191	0096.195	0001.267	0048.432	0005.000	0008.450	0062.148	0006.262	30.160450	-89.045422
07/10/2022 16:46:06.000	4.188	0006.309	0025.188	0096.195	0001.241	0048.432	0006.088	0008.450	0062.148	0006.289	30.160450	-89.045423
07/10/2022 16:46:06.000	4.375	0006.330	0025.188	0095.135	0001.203	0048.430	0006.875	0008.450	0062.145	0006.310	30.160449	-89.045423
07/10/2022 16:46:06.000	6.438	0006.337	0025.188	0096.110	0001.199	0048.430	0005.750	0008.450	0062.145	0006.317	30.160449	-89.045423
07/10/2022 16:46:06.000	5.938	0006.363	0025.188	0096.105	0001.171	0048.434	0005.800	0008.450	0062.151	0006.343	30.160448	-89.045424
07/10/2022 16:46:07.000	4.625	0006.357	0025.189	0096.115	0001.173	0048.436	0012.625	0008.450	0062.154	0006.337	30.160448	-89.045424
07/10/2022 16:46:07.000	4.125	0006.357	0025.188	0096.105	0001.169	0048.436	0006.950	0008.450	0062.154	0006.337	30.160448	-89.045425
07/10/2022 16:46:07.000	4.188	0006.376	0025.190	0096.040	0001.187	0048.436	0005.363	0008.450	0062.154	0006.356	30.160447	-89.045426
07/10/2022 16:46:07.000	4.063	0006.404	0025.190	0096.035	0001.143	0048.436	0006.250	0008.449	0062.154	0006.384	30.160447	-89.045427
07/10/2022 16:46:08.000	4.188	0006.423	0025.191	0096.035	0001.119	0048.436	0006.037	0008.450	0062.154	0006.403	30.160447	-89.045427
07/10/2022 16:46:08.000	4.188	0006.441	0025.189	0096.040	0001.110	0048.432	0007.650	0008.449	0062.148	0006.421	30.160447	-89.045428
07/10/2022 16:46:08.000	4.563	0006.435	0025.191	0096.030	0001.101	0048.432	0005.500	0008.449	0062.148	0006.415	30.160446	-89.045428
07/10/2022 16:46:08.000	4.250	0006.401	0025.188	0095.970	0001.118	0048.430	0007.037	0008.449	0062.145	0006.381	30.160446	-89.045429
07/10/2022 16:46:09.000	4.375	0006.404	0025.190	0095.960	0001.128	0048.428	0006.050	0008.450	0062.142	0006.384	30.160445	-89.045429
07/10/2022 16:46:09.000	4.188	0006.430	0025.189	0095.965	0001.127	0048.430	0006.075	0008.451	0062.145	0006.410	30.160445	-89.045430
07/10/2022 16:46:09.000	5.000	0006.478	0025.189	0095.960	0001.080	0048.430	0005.350	0008.450	0062.145	0006.458	30.160445	-89.045430
07/10/2022 16:46:09.000	5.063	0006.546	0025.189	0095.085	0001.021	0048.428	0006.075	0008.449	0062.142	0006.526	30.160445	-89.045431
07/10/2022 16:46:10.000	4.438	0006.594	0025.190	0095.940	0000.948	0048.432	0005.787	0008.450	0062.148	0006.573	30.160445	-89.045431
07/10/2022 16:46:10.000	4.875	0006.589	0025.190	0095.945	0000.926	0048.438	0004.900	0008.450	0062.157	0006.568	30.160444	-89.045432
07/10/2022 16:46:10.000	4.313	0006.522	0025.190	0095.950	0000.967	0048.436	0004.338	0008.450	0062.154	0006.502	30.160443	-89.045433
07/10/2022 16:46:10.000	5.000	0006.477	0025.190	0095.945	0001.013	0048.434	0004.650	0008.451	0062.151	0006.457	30.160442	-89.045433
07/10/2022 16:46:11.000	4.563	0006.405	0025.190	0095.960	0001.079	0048.436	0004.625	0008.450	0062.154	0006.385	30.160442	-89.045434
07/10/2022 16:46:11.000	4.375	0006.326	0025.188	0095.955	0001.177	0048.436	0006.550	0008.451	0062.154	0006.306	30.160442	-89.045435
07/10/2022 16:46:11.000	5.313	0006.292	0025.190	0095.960	0001.238	0048.434	0005.287	0008.451	0062.151	0006.272	30.160442	-89.045436
07/10/2022 16:46:11.000	4.438	0006.259	0025.191	0095.960	0001.256	0048.434	0005.150	0008.451	0062.151	0006.239	30.160442	-89.045436
07/10/2022 16:46:12.000	4.188	0006.199	0025.190	0095.960	0001.284	0048.434	0004.263	0008.452	0062.151	0006.180	30.160442	-89.045437
07/10/2022 16:46:12.000	5.063	0006.070	0025.191	0096.075	0001.364	0048.434	0004.600	0008.451	0062.151	0006.051	30.160441	-89.045437
07/10/2022 16:46:12.000	4.750	0005.906	0025.192	0096.070	0001.504	0048.432	0004.675	0008.450	0062.148	0005.888	30.160441	-89.045437
07/10/2022 16:46:12.000	4.250	0005.734	0025.191	0096.070	0001.670	0048.432	0004.488	0008.450	0062.148	0005.716	30.160440	-89.045438
07/10/2022 16:46:13.000	4.250	0005.615	0025.192	0096.075	0001.843	0048.432	0004.275	0008.450	0062.148	0005.597	30.160439	-89.045438
07/10/2022 16:46:13.000	4.500	0005.551	0025.189	0095.150	0001.970	0048.430	0005.600	0008.448	0062.145	0005.534	30.160439	-89.045439
07/10/2022 16:46:13.000	4.688	0005.521	0025.190	0096.130	0001.997	0048.428	0005.238	0008.450	0062.142	0005.504	30.160440	-89.045440
07/10/2022 16:46:13.000	4.625	0005.481	0025.189	0096.130	0002.018	0048.428	0006.425	0008.450	0062.142	0005.464	30.160439	-89.045441
07/10/2022 16:46:14.000	4.688	0005.430	0025.187	0096.130	0002.046	0048.428	0006.175	0008.449	0062.142	0005.413	30.160439	-89.045441
07/10/2022 16:46:14.000	4.125	0005.325	0025.187	0096.130	0002.129	0048.428	0004.825	0008.450	0062.142	0005.308	30.160438	-89.045442
07/10/2022 16:46:14.000	4.813	0005.181	0025.188	0096.035	0002.240	0048.428	0004.412	0008.448	0062.142	0005.165	30.160438	-89.045442
07/10/2022 16:46:14.000	4.563	0005.032	0025.187	0096.025	0002.370	0048.428	0005.763	0008.448	0062.142	0005.016	30.160437	-89.045443
07/10/2022 16:46:15.000	4.375	0004.890	0025.187	0096.030	0002.537	0048.428	0006.263	0008.448	0062.142	0004.875	30.160437	-89.045443
07/10/2022 16:46:15.000	4.188	0004.799	0025.187	0096.025	0002.675	0048.426	0006.875	0008.448	0062.139	0004.784	30.160437	-89.045444
07/10/2022 16:46:15.000	4.563	0004.719	0025.187	0096.030	0002.779	0048.424	0006.613	0008.447	0062.136	0004.704	30.160436	-89.045445
07/10/2022 16:46:15.000	4.563	0004.654	0025.186	0095.960	0002.860	0048.428	0006.850	0008.448	0062.142	0004.639	30.160436	-89.045446
07/10/2022 16:46:16.000	4.500	0004.584	0025.185	0095.960	0002.916	0048.426	0005.400	0008.448	0062.139	0004.570	30.160436	-89.045446
07/10/2022 16:46:16.000	4.625	0004.500	0025.189	0095.960	0002.963	0048.426	0006.763	0008.447	0062.139	0004.486	30.160436	-89.045446
07/10/2022 16:46:16.000	4.500	0004.405	0025.186	0095.950	0003.064	0048.426	0004.825	0008.449	0062.139	0004.391	30.160436	-89.045447
07/10/2022 16:46:16.000	4.313	0004.298	0025.188	0095.040	0003.138	0048.426	0005.787	0008.448	0062.139	0004.285	30.160435	-89.045447
07/10/2022 16:46:17.000	4.750	0004.181	0025.190	0095.850	0003.273	0048.428	0004.300	0008.450	0062.142	0004.168	30.160434	-89.045448
07/10/2022 16:46:17.000	4.438	0004.050	0025.187	0095.855	0003.421	0048.428	0005.113	0008.450	0062.142	0004.037	30.160434	-89.045448
07/10/2022 16:46:17.000	4.625	0003.929	0025.188	0095.860	0003.512	0048.432	0004.263	0008.450	0062.148	0003.917	30.160434	-89.045449
07/10/2022 16:46:17.000	5.188	0003.825	0025.189	0095.855	0003.632	0048.432	0004.638	0008.450	0062.148	0003.813	30.160433	-89.045450
07/10/2022 16:46:18.000	6.250	0003.750	0025.190	0095.900	0003.723	0048.436	0005.725	0008.450	0062.154	0003.738	30.160433	-89.045451
07/10/2022 16:46:18.000	4.750	0003.675	0025.189	0095.890	0003.787	0048.434	0004.938	0008.452	0062.151	0003.664	30.160433	-89.045451
07/10/2022 16:46:18.000	4.563	0003.614	0025.192	0095.890	0003.858	0048.434	0004.863	0008.451	0062.151	0003.603	30.160433	-89.045452
07/10/2022 16:46:18.000	4.313	0003.540	0025.196	0095.895	0003.938	0048.434	0004.925	0008.452	0062.151	0003.529	30.160432	-89.045452
07/10/2022 16:46:19.000	4.500	0003.442	0025.197	0095.895	0003.954	0048.434	0004.613	0008.451	0062.151	0003.431	30.160432	-89.045453
07/10/2022 16:46:19.000	4.188	0003.306	0025.196	0096.025	0004.087	0048.434	0004.713	0008.451	0062.151	0003.296	30.160431	-89.045453
07/10/2022 16:46:19.000	4.313	0003.192	0025.197	0096.030	0004.205	0048.434	0004.625	0008.452	0062.151	0003.182	30.160431	-89.045454
07/10/2022 16:46:19.000	4.313	0003.052	0025.197	0096.025	0004.360	0048.434	0005.088	0008.453	0062.151	0003.042	30.160430	-89.045455
07/10/2022 16:46:20.000	4.438	0002.953	0025.196	0096.025	0004.495	0048.448	0005.450	0008.452	0062.171	0002.944	30.160430	-89.045455
07/10/2022 16:46:20.000	4.000	0002.875	0025.201	0095.295	0004.589	0048.458	0006.450	0008.454	0062.186	0002.866	30.160430	-89.045456
07/10/2022 16:46:20.000	4.125	0002.797	0025.209	0096.315	0004.643	0048.464	0005.200	0008.456	0062.195	0002.788	30.160430	-89.045456
07/10/2022 16:46:20.000	4.313	0002.723	0025.215	0096.320	0004.720	0048.462	0004.638	0008.456	0062.192	0002.715	30.160430	-89.045458
07/10/2022 16:46:21.000	4.438	0002.621	0025.221	0096.315	0004.820	0048.456	0003.988	0008.459	0062.183	0002.613	30.160429	-89.045458
07/10/2022 16:46:21.000	4.313	0002.497	0025.221	0096.315	0004.911	0048.452	0004.100	0008.458	0062.177	0002.489	30.160429	-89.045459
07/10/2022 16:46:21.000	3.938	0002.373	0025.221	0097.035	0005.047	0048.452	0004.500	0008.459	0062.177	0002.366	30.160428	-89.045460
07/10/2022 16:46:21.000	4.188	0002.301	0025.223	0097.030	0005.141	0048.452	0004.412	0008.460	0062.177	0002.294	30.160428	-89.045460
07/10/2022 16:46:22.000	3.938	0002.218	0025.229	0097.030	0005.219	0048.456	0003.588	0008.461	0062.183	0002.211	30.160428	-89.045460
07/10/2022 16:46:22.000	4.188	0002.143	0025.238	0097.035	0005.281	0048.456	0003.438	0008.461	0062.183	0002.136	30.160428	-89.045461
07/10/2022 16:46:22.000	4.375	0002.069	0025.244	0097.025	0005.339	0048.456	0004.050	0008.462	0062.183	0002.063	30.160427	-89.045462
07/10/2022 16:46:22.000	5.313	0001.958	0025.247	0097.895	0005.457	0048.450	0002.900	0008.463	0062.174	0001.952	30.160427	-89.045462
07/10/2022 16:46:23.000	4.063	0001.824	0025.248	0097.890	0005.565	0048.430	0002.588	0008.462	0062.145	0001.818	30.160426	-89.045463
07/10/2022 16:46:23.000	4.000	0001.704	0025.247	0097.890	0005.711	0048.432	0002.850	0008.463	0062.148	0001.699	30.160426	-89.045463
07/10/2022 16:46:23.000	4.313	0001.596	0025.238	0097.895	0005.841	0048.430	0003.763	0008.462	0062.145	0001.591	30.160426	-89.045465
07/10/2022 16:46:23.000	4.438	0001.518	0025.228	0097.495	0005.886	0048.200	0002.650	0008.461	0061.807	0001.513	30.160426	-89.045465
07/10/2022 16:46:24.000	4.063	0001.457	0025.192	0098.455	0005.929	0047.274	0001.863	0008.460	0060.449	0001.452	30.160425	-89.045466
07/10/2022 16:46:24.000	3.688	0001.391	0025.179	0098.460	0006.035	0047.096	0001.750	0008.457	0060.189	0001.387	30.160425	-89.045466
07/10/2022 16:46:24.000	3.688	0001.305	0025.169	0098.460	0006.089	0046.888	0001.638	0008.453	0059.886	0001.301	30.160425	-89.045467
07/10/2022 16:46:24.000	3.563	0001.211	0025.161	0098.460	0006.173	0046.536	0001.500	0008.452	0059.372	0001.207	30.160424	-89.045467
07/10/2022 16:46:25.000	3.625	0001.135	0025.137	0098.230	0006.292	0046.424	0002.075	0008.450	0059.209	0001.131	30.160424	-89.045468
07/10/2022 16:46:25.000	3.563	0001.095	0025.097	0098.225	0006.348	0045.768	0002.088	0008.450	0058.256	0001.092	30.160423	-89.045468
07/10/2022 16:46:25.000	3.500	0001.053	0025.061	0098.225	0006.390	0045.206	0001.513	0008.448	0057.442	0001.050	30.160423	-89.045470
07/10/2022 16:46:25.000	3.750	0001.031	0025.007	0098.230	0006.413	0044.808	0001.337	0008.447	0056.867	0001.028	30.160423	-89.045470
07/10/2022 16:46:26.000	3.438	0001.022	0024.953	0098.225	0006.465	0044.682	0001.225	0008.444	0056.685	0001.019	30.160423	-89.045471
07/10/2022 16:46:26.000	3.938	0001.023	0024.931	0097.255	0006.422	0044.516	0001.288	0008.441	0056.446	0001.020	30.160423	-89.045471
07/10/2022 16:46:26.000	3.500	0001.026	0024.914	0097.255	0006.401	0044.062	0001.500	0008.438	0055.792	0001.023	30.160422	-89.045472
07/10/2022 16:46:26.000	3.438	0001.011	0024.901	0097.255	0006.413	0043.622	0001.313	0008.435	0055.160	0001.008	30.160422	-89.045472
07/10/2022 16:46:27.000	3.750	0000.968	0024.892	0097.260	0006.444	0043.444	0001.300	0008.434	0054.905	0000.965	30.160421	-89.045473
07/10/2022 16:46:27.000	3.563	0000.917	0024.884	0095.410	0006.521	0043.386	0001.263	0008.432	0054.822	0000.914	30.160421	-89.045474
07/10/2022 16:46:27.000	3.500	0000.867	0024.877	0095.995	0006.574	0043.344	0001.337	0008.433	0054.762	0000.864	30.160421	-89.045475
07/10/2022 16:46:27.000	3.750	0000.829	0024.872	0096.000	0006.602	0043.280	0001.725	0008.432	0054.670	0000.826	30.160420	-89.045476
07/10/2022 16:46:28.000	3.563	0000.815	0024.861	0096.000	0006.607	0043.234	0001.375	0008.431	0054.604	0000.812	30.160420	-89.045476
07/10/2022 16:46:28.000	3.750	0000.811	0024.846	0095.995	0006.601	0043.108	0001.413	0008.431	0054.424	0000.808	30.160420	-89.045476
07/10/2022 16:46:28.000	3.563	0000.804	0024.828	0095.335	0006.609	0042.800	0001.350	0008.430	0053.984	0000.801	30.160420	-89.045477
07/10/2022 16:46:28.000	3.688	0000.788	0024.812	0095.335	0006.622	0042.522	0001.337	0008.430	0053.587	0000.786	30.160419	-89.045478
07/10/2022 16:46:29.000	3.688	0000.759	0024.802	0095.340	0006.647	0042.412	0001.325	0008.428	0053.430	0000.757	30.160419	-89.045478
07/10/2022 16:46:29.000	3.625	0000.725	0024.792	0095.335	0006.673	0042.412	0001.313	0008.428	0053.430	0000.723	30.160419	-89.045479
07/10/2022 16:46:29.000	3.625	0000.693	0024.775	0095.335	0006.701	0042.570	0001.375	0008.428	0053.655	0000.691	30.160418	-89.045480
07/10/2022 16:46:29.000	4.000	0000.655	0024.767	0094.785	0006.743	0042.698	0001.438	0008.428	0053.838	0000.653	30.160418	-89.045481
07/10/2022 16:46:30.000	4.250	0000.628	0024.761	0094.780	0006.768	0042.918	0001.450	0008.427	0054.152	0000.626	30.160418	-89.045481
07/10/2022 16:46:30.000	3.750	0000.585	0024.758	0094.785	0006.821	0042.922	0001.413	0008.425	0054.158	0000.583	30.160417	-89.045482
07/10/2022 16:46:30.000	4.063	0000.556	0024.762	0094.785	0006.855	0042.800	0001.375	0008.426	0053.984	0000.554	30.160417	-89.045483
07/10/2022 16:46:30.000	3.625	0000.531	0024.766	0093.785	0006.893	0042.752	0001.388	0008.425	0053.915	0000.529	30.160417	-89.045483
07/10/2022 16:46:31.000	3.563	0000.529	0024.778	0094.425	0006.910	0042.750	0001.375	0008.426	0053.912	0000.527	30.160417	-89.045483
07/10/2022 16:46:31.000	3.750	0000.542	0024.790	0094.425	0006.890	0042.532	0001.425	0008.424	0053.601	0000.540	30.160416	-89.045484
07/10/2022 16:46:31.000	3.750	0000.537	0024.797	0094.425	0006.925	0042.328	0001.388	0008.424	0053.310	0000.535	30.160416	-89.045485
07/10/2022 16:46:31.000	3.875	0000.482	0024.801	0094.425	0006.922	0042.342	0001.388	0008.424	0053.330	0000.480	30.160416	-89.045485
07/10/2022 16:46:32.000	3.750	0000.408	0024.802	0094.065	0006.989	0042.488	0001.425	0008.422	0053.538	0000.407	30.160415	-89.045486
07/10/2022 16:46:32.000	3.750	0000.362	0024.806	0094.085	0007.046	0042.482	0001.350	0008.419	0053.530	0000.361	30.160415	-89.045487
07/10/2022 16:46:32.000	3.688	0000.353	0024.807	0094.080	0007.079	0042.234	0001.425	0008.418	0053.176	0000.352	30.160415	-89.045487
07/10/2022 16:46:32.000	3.688	0000.367	0024.807	0094.085	0007.069	0042.144	0001.375	0008.421	0053.048	0000.366	30.160415	-89.045488
07/10/2022 16:46:33.000	3.750	0000.381	0024.809	0094.080	0007.061	0042.158	0001.425	0008.418	0053.068	0000.380	30.160414	-89.045490
07/10/2022 16:46:33.000	3.750	0000.378	0024.811	0093.960	0007.051	0042.208	0001.513	0008.418	0053.139	0000.377	30.160414	-89.045490
07/10/2022 16:46:33.000	3.750	0000.342	0024.815	0093.965	0007.073	0042.224	0001.413	0008.415	0053.162	0000.341	30.160413	-89.045491
07/10/2022 16:46:33.000	3.750	0000.293	0024.816	0093.965	0007.135	0042.128	0001.388	0008.416	0053.025	0000.292	30.160413	-89.045491
07/10/2022 16:46:34.000	3.938	0000.230	0024.819	0093.965	0007.191	0042.028	0001.413	0008.414	0052.883	0000.229	30.160413	-89.045492
07/10/2022 16:46:34.000	3.875	0000.197	0024.821	0093.090	0007.195	0041.994	0001.450	0008.414	0052.835	0000.196	30.160413	-89.045492
07/10/2022 16:46:34.000	3.875	0000.194	0024.826	0093.840	0007.202	0042.002	0001.400	0008.415	0052.846	0000.193	30.160412	-89.045493
07/10/2022 16:46:34.000	3.938	0000.207	0024.831	0093.835	0007.225	0042.004	0001.413	0008.415	0052.849	0000.206	30.160412	-89.045493
07/10/2022 16:46:35.000	3.875	0000.213	0024.833	0093.835	0007.216	0042.040	0001.325	0008.416	0052.900	0000.212	30.160412	-89.045494
07/10/2022 16:46:35.000	3.750	0000.178	0024.836	0093.830	0007.230	0042.134	0001.375	0008.414	0053.034	0000.177	30.160411	-89.045495
07/10/2022 16:46:35.000	3.875	0000.128	0024.837	0093.700	0007.287	0042.102	0001.363	0008.413	0052.988	0000.128	30.160411	-89.045496
07/10/2022 16:46:35.000	3.813	0000.087	0024.839	0093.690	0007.339	0042.058	0001.450	0008.412	0052.926	0000.087	30.160411	-89.045496
07/10/2022 16:46:36.000	4.125	0000.068	0024.840	0093.690	0007.382	0042.070	0001.450	0008.413	0052.943	0000.068	30.160410	-89.045497
07/10/2022 16:46:36.000	3.938	0000.060	0024.846	0093.690	0007.391	0042.094	0001.400	0008.412	0052.977	0000.060	30.160410	-89.045498
07/10/2022 16:46:36.000	3.875	0000.045	0024.847	0093.695	0007.394	0042.086	0001.375	0008.413	0052.966	0000.045	30.160410	-89.045498
07/10/2022 16:46:36.000	3.938	0000.023	0024.851	0093.625	0007.392	0042.048	0001.375	0008.413	0052.912	0000.023	30.160410	-89.045499
07/10/2022 16:46:37.000	3.813	0000.006	0024.855	0093.625	0007.421	0041.994	0001.438	0008.454	0052.835	0000.006	30.160409	-89.045500
07/10/2022 16:46:37.000	3.750	0000.011	0024.855	0093.620	0007.389	0042.006	0001.400	0008.430	0052.852	0000.011	30.160409	-89.045501
07/10/2022 16:46:37.000	3.938	0000.012	0024.852	0093.625	0007.412	0042.024	0001.425	0008.426	0052.877	0000.012	30.160408	-89.045501
07/10/2022 16:46:37.000	3.750	0000.008	0024.852	0093.380	0007.461	0041.624	0002.163	0008.424	0052.309	0000.008	30.160408	-89.045502
07/10/2022 16:46:38.000	190.250	0000.017	0024.853	0093.585	0007.463	0003.970	0001.625	0008.423	0004.081	0000.017	30.160408	-89.045503
07/10/2022 16:46:38.000	64.625	0000.018	0024.852	0093.580	0007.458	0030.116	0001.500	0008.424	0036.442	0000.018	30.160408	-89.045503
07/10/2022 16:46:38.000	7.688	0000.019	0024.853	0093.580	0007.483	0042.034	0001.425	0008.426	0052.892	0000.019	30.160407	-89.045503
07/10/2022 16:46:38.000	4.063	0000.038	0024.854	0093.580	0007.394	0042.046	0001.425	0008.424	0052.909	0000.038	30.160407	-89.045504
07/10/2022 16:46:39.000	3.875	0000.034	0024.853	0093.480	0007.371	0042.014	0001.463	0008.422	0052.863	0000.034	30.160407	-89.045505
07/10/2022 16:46:39.000	26.250	0000.010	0024.855	0093.470	0007.362	0040.570	0001.400	0008.420	0050.816	0000.010	30.160406	-89.045506
07/10/2022 16:46:39.000	23.625	0000.017	0024.855	0093.470	0007.379	0041.578	0001.375	0008.421	0052.244	0000.017	30.160406	-89.045507
07/10/2022 16:46:39.000	5.625	0000.018	0024.856	0093.470	0007.415	0041.552	0001.463	0008.421	0052.207	0000.018	30.160406	-89.045508
07/10/2022 16:46:40.000	4.875	0000.018	0024.857	0093.470	0007.462	0041.560	0001.513	0008.421	0052.218	0000.018	30.160405	-89.045509
07/10/2022 16:46:40.000	33.438	0000.018	0024.857	0093.445	0007.459	0041.788	0001.400	0008.420	0052.542	0000.018	30.160405	-89.045509
07/10/2022 16:46:40.000	5.563	0000.019	0024.856	0093.435	0007.429	0041.972	0001.363	0008.422	0052.803	0000.019	30.160405	-89.045510
07/10/2022 16:46:40.000	4.125	0000.015	0024.858	0093.440	0007.491	0041.820	0001.425	0008.418	0052.587	0000.015	30.160405	-89.045510
07/10/2022 16:46:41.000	3.938	0000.017	0024.859	0093.440	0007.403	0041.946	0001.375	0008.420	0052.766	0000.017	30.160404	-89.045511
07/10/2022 16:46:41.000	3.875	0000.035	0024.858	0093.180	0007.385	0042.030	0001.500	0008.422	0052.886	0000.035	30.160404	-89.045511
07/10/2022 16:46:41.000	3.750	0000.048	0024.855	0093.455	0007.431	0042.042	0001.450	0008.422	0052.903	0000.048	30.160404	-89.045512
07/10/2022 16:46:41.000	3.938	0000.012	0024.855	0093.455	0007.407	0034.050	0001.425	0008.420	0041.761	0000.012	30.160403	-89.045513
07/10/2022 16:46:42.000	418.375	0000.013	0024.857	0093.455	0007.439	0001.852	0001.538	0008.422	0001.819	0000.013	30.160403	-89.045514
07/10/2022 16:46:42.000	77.688	0000.018	0024.861	0093.455	0007.451	0004.274	0001.425	0008.421	0004.415	0000.018	30.160403	-89.045514
07/10/2022 16:46:42.000	28.875	0000.050	0024.862	0093.395	0007.421	0042.014	0001.513	0008.424	0052.863	0000.050	30.160403	-89.045515
07/10/2022 16:46:42.000	5.813	0000.066	0024.857	0093.390	0007.405	0041.996	0001.463	0008.422	0052.838	0000.066	30.160402	-89.045515
07/10/2022 16:46:43.000	4.563	0000.065	0024.856	0093.390	0007.374	0041.978	0001.650	0008.419	0052.812	0000.065	30.160402	-89.045516
07/10/2022 16:46:43.000	4.125	0000.034	0024.856	0093.390	0007.398	0041.970	0001.538	0008.420	0052.801	0000.034	30.160401	-89.045518
07/10/2022 16:46:43.000	4.563	0000.006	0024.855	0093.395	0007.496	0040.270	0001.475	0008.418	0050.393	0000.006	30.160401	-89.045518
07/10/2022 16:46:43.000	434.375	0000.018	0024.854	0093.380	0007.470	0003.742	0001.425	0008.419	0003.832	0000.018	30.160401	-89.045519
07/10/2022 16:46:44.000	107.563	0000.019	0024.857	0093.380	0007.480	0002.076	0001.475	0008.419	0002.052	0000.019	30.160401	-89.045520
