Date / Time	TURBIDITY;FTU	PRESSURE;DBAR	TEMPERATURE;C	DISSOLVED OXYGEN;SAT%	ALTITUDE;M	CONDUCTIVITY;MS/CM	FLUOROMETER (C);UG/L	PH;PH	Calc. SALINITY; PSU	Calc. DEPTH;M	LATITUDE;DEG	LONGITUDE;DEG
07/10/2022 16:51:10.000	1304.438	0000.018	0024.951	0092.900	0069.474	0014.582	0001.888	0008.403	0016.497	0000.018	30.160651	-89.045508
07/10/2022 16:51:10.000	1384.688	0000.019	0024.950	0092.895	0007.391	0002.550	0002.050	0008.404	0002.551	0000.019	30.160660	-89.045507
07/10/2022 16:51:10.000	367.250	0000.019	0024.951	0092.895	0007.410	0038.782	0002.725	0008.403	0048.303	0000.019	30.160664	-89.045507
07/10/2022 16:51:10.000	2017.063	0000.019	0024.950	0092.890	0007.389	0001.120	0001.888	0008.403	0001.072	0000.019	30.160669	-89.045507
07/10/2022 16:51:10.000	337.625	0000.019	0024.953	0092.410	0007.448	0033.792	0001.588	0008.404	0041.409	0000.019	30.160673	-89.045506
07/10/2022 16:51:11.000	734.812	0000.039	0024.947	0092.395	0007.479	0041.140	0001.425	0008.399	0051.623	0000.039	30.160680	-89.045506
07/10/2022 16:51:11.000	1054.188	0000.076	0024.942	0092.400	0007.344	0039.964	0001.212	0008.404	0049.962	0000.076	30.160684	-89.045505
07/10/2022 16:51:11.000	321.937	0000.220	0024.939	0092.400	0007.271	0041.772	0001.313	0008.404	0052.519	0000.219	30.160688	-89.045505
07/10/2022 16:51:12.000	149.250	0000.336	0024.935	0092.400	0007.160	0041.960	0001.313	0008.391	0052.786	0000.335	30.160692	-89.045505
07/10/2022 16:51:12.000	16.375	0000.366	0024.919	0092.500	0007.125	0041.960	0001.313	0008.395	0052.786	0000.365	30.160699	-89.045504
07/10/2022 16:51:12.000	5.625	0000.413	0024.909	0092.505	0007.156	0041.962	0001.288	0008.397	0052.789	0000.412	30.160702	-89.045503
07/10/2022 16:51:12.000	4.625	0000.485	0024.902	0092.500	0007.238	0041.972	0001.288	0008.402	0052.803	0000.483	30.160705	-89.045503
07/10/2022 16:51:13.000	4.188	0000.598	0024.895	0092.505	0007.297	0041.992	0001.238	0008.398	0052.832	0000.596	30.160708	-89.045503
07/10/2022 16:51:13.000	4.188	0000.679	0024.872	0092.505	0007.443	0042.066	0001.288	0008.398	0052.937	0000.677	30.160714	-89.045502
07/10/2022 16:51:13.000	4.063	0000.752	0024.852	0092.900	0007.517	0042.022	0001.337	0008.396	0052.875	0000.750	30.160717	-89.045502
07/10/2022 16:51:13.000	4.000	0000.825	0024.838	0092.900	0007.436	0042.276	0001.263	0008.397	0053.236	0000.822	30.160720	-89.045502
07/10/2022 16:51:14.000	4.063	0000.926	0024.810	0092.895	0007.459	0042.464	0001.225	0008.394	0053.504	0000.923	30.160723	-89.045502
07/10/2022 16:51:14.000	3.875	0000.995	0024.784	0092.900	0007.572	0042.784	0001.225	0008.390	0053.961	0000.992	30.160728	-89.045502
07/10/2022 16:51:14.000	3.750	0001.071	0024.764	0092.555	0007.582	0043.150	0001.125	0008.388	0054.484	0001.068	30.160731	-89.045503
07/10/2022 16:51:14.000	3.688	0001.155	0024.754	0092.555	0007.338	0043.404	0001.100	0008.386	0054.848	0001.151	30.160734	-89.045503
07/10/2022 16:51:14.000	3.625	0001.227	0024.758	0092.555	0007.312	0043.484	0001.188	0008.383	0054.962	0001.223	30.160737	-89.045503
07/10/2022 16:51:15.000	3.500	0001.301	0024.760	0092.555	0007.187	0043.768	0001.150	0008.383	0055.370	0001.297	30.160741	-89.045502
07/10/2022 16:51:15.000	4.063	0001.389	0024.772	0092.555	0007.146	0044.096	0001.275	0008.382	0055.841	0001.385	30.160743	-89.045502
07/10/2022 16:51:15.000	3.625	0001.503	0024.793	0092.395	0007.069	0044.238	0001.450	0008.381	0056.045	0001.498	30.160746	-89.045502
07/10/2022 16:51:16.000	3.500	0001.588	0024.808	0092.395	0006.639	0044.360	0001.325	0008.382	0056.221	0001.583	30.160748	-89.045502
07/10/2022 16:51:16.000	4.063	0001.695	0024.822	0092.395	0006.491	0044.754	0001.475	0008.380	0056.789	0001.690	30.160753	-89.045503
07/10/2022 16:51:16.000	3.625	0001.810	0024.840	0092.395	0006.442	0045.816	0001.675	0008.383	0058.326	0001.804	30.160755	-89.045503
07/10/2022 16:51:16.000	3.500	0001.917	0024.890	0092.395	0006.234	0046.524	0001.950	0008.390	0059.355	0001.911	30.160757	-89.045503
07/10/2022 16:51:17.000	3.750	0002.003	0024.954	0091.960	0006.000	0047.202	0002.525	0008.395	0060.344	0001.997	30.160759	-89.045503
07/10/2022 16:51:17.000	3.938	0002.101	0025.020	0091.960	0005.891	0047.806	0002.663	0008.402	0061.228	0002.094	30.160763	-89.045503
07/10/2022 16:51:17.000	3.875	0002.196	0025.081	0091.965	0005.867	0048.074	0003.075	0008.409	0061.622	0002.189	30.160765	-89.045504
07/10/2022 16:51:17.000	3.938	0002.299	0025.120	0091.965	0005.664	0048.338	0003.138	0008.415	0062.010	0002.292	30.160767	-89.045504
07/10/2022 16:51:18.000	4.063	0002.403	0025.151	0094.430	0005.495	0048.414	0004.275	0008.420	0062.121	0002.396	30.160769	-89.045504
07/10/2022 16:51:18.000	4.000	0002.476	0025.175	0094.425	0005.438	0048.462	0003.338	0008.424	0062.192	0002.468	30.160773	-89.045505
07/10/2022 16:51:18.000	3.875	0002.576	0025.199	0094.430	0005.290	0048.472	0003.288	0008.426	0062.207	0002.568	30.160775	-89.045505
07/10/2022 16:51:18.000	4.000	0002.691	0025.220	0094.425	0005.294	0048.476	0003.588	0008.430	0062.213	0002.683	30.160776	-89.045506
07/10/2022 16:51:18.000	3.875	0002.822	0025.237	0094.435	0005.150	0048.470	0004.100	0008.431	0062.204	0002.813	30.160778	-89.045506
07/10/2022 16:51:19.000	4.250	0002.913	0025.242	0096.750	0004.885	0048.456	0003.813	0008.434	0062.183	0002.904	30.160782	-89.045506
07/10/2022 16:51:19.000	4.313	0003.000	0025.243	0096.755	0004.798	0048.482	0003.450	0008.434	0062.221	0002.991	30.160784	-89.045506
07/10/2022 16:51:19.000	3.875	0003.063	0025.241	0096.755	0004.804	0048.472	0003.775	0008.437	0062.207	0003.053	30.160786	-89.045506
07/10/2022 16:51:20.000	4.063	0003.130	0025.244	0096.750	0004.650	0048.478	0003.775	0008.437	0062.215	0003.120	30.160787	-89.045506
07/10/2022 16:51:20.000	4.188	0003.182	0025.241	0096.750	0004.524	0048.474	0004.488	0008.438	0062.210	0003.172	30.160790	-89.045507
07/10/2022 16:51:20.000	3.938	0003.214	0025.240	0098.185	0004.490	0048.472	0004.488	0008.439	0062.207	0003.204	30.160791	-89.045508
07/10/2022 16:51:20.000	4.000	0003.237	0025.237	0098.190	0004.458	0048.470	0004.988	0008.439	0062.204	0003.227	30.160793	-89.045508
07/10/2022 16:51:21.000	4.250	0003.237	0025.240	0098.190	0004.427	0048.472	0004.325	0008.441	0062.207	0003.227	30.160795	-89.045509
07/10/2022 16:51:21.000	5.000	0003.231	0025.235	0098.190	0004.485	0048.472	0004.000	0008.439	0062.207	0003.221	30.160797	-89.045510
07/10/2022 16:51:21.000	4.375	0003.255	0025.233	0098.885	0004.386	0048.472	0003.888	0008.441	0062.207	0003.245	30.160799	-89.045510
07/10/2022 16:51:21.000	4.438	0003.275	0025.236	0098.885	0004.408	0048.474	0004.537	0008.443	0062.210	0003.265	30.160800	-89.045511
07/10/2022 16:51:22.000	4.000	0003.288	0025.234	0098.885	0004.314	0048.472	0004.225	0008.442	0062.207	0003.278	30.160801	-89.045511
07/10/2022 16:51:22.000	3.938	0003.277	0025.233	0098.885	0004.398	0048.472	0003.725	0008.443	0062.207	0003.267	30.160805	-89.045512
07/10/2022 16:51:22.000	4.188	0003.255	0025.231	0098.885	0004.347	0048.472	0003.788	0008.444	0062.207	0003.245	30.160806	-89.045512
07/10/2022 16:51:22.000	4.250	0003.250	0025.230	0099.090	0004.411	0048.470	0003.650	0008.444	0062.204	0003.240	30.160807	-89.045513
07/10/2022 16:51:22.000	4.188	0003.290	0025.231	0099.090	0004.306	0048.474	0003.863	0008.445	0062.210	0003.280	30.160808	-89.045513
07/10/2022 16:51:23.000	3.813	0003.331	0025.232	0099.085	0004.283	0048.476	0003.813	0008.446	0062.212	0003.321	30.160810	-89.045513
07/10/2022 16:51:23.000	4.438	0003.354	0025.232	0099.085	0004.295	0048.474	0004.638	0008.446	0062.210	0003.344	30.160811	-89.045513
07/10/2022 16:51:23.000	3.938	0003.341	0025.233	0099.085	0004.240	0048.476	0004.325	0008.447	0062.212	0003.331	30.160813	-89.045513
07/10/2022 16:51:24.000	4.250	0003.299	0025.234	0099.210	0004.281	0048.476	0003.700	0008.447	0062.213	0003.289	30.160814	-89.045514
07/10/2022 16:51:24.000	4.438	0003.257	0025.235	0099.210	0004.285	0048.478	0004.450	0008.447	0062.215	0003.247	30.160817	-89.045516
07/10/2022 16:51:24.000	4.438	0003.256	0025.231	0099.205	0004.315	0048.476	0003.975	0008.448	0062.213	0003.246	30.160818	-89.045517
07/10/2022 16:51:24.000	4.063	0003.299	0025.232	0099.205	0004.301	0048.474	0003.813	0008.448	0062.210	0003.289	30.160819	-89.045517
07/10/2022 16:51:25.000	4.313	0003.345	0025.234	0099.430	0004.270	0048.474	0004.325	0008.448	0062.210	0003.335	30.160820	-89.045518
07/10/2022 16:51:25.000	4.313	0003.381	0025.234	0099.430	0004.174	0048.476	0004.275	0008.450	0062.212	0003.370	30.160821	-89.045518
07/10/2022 16:51:25.000	4.250	0003.389	0025.233	0099.430	0004.170	0048.472	0004.325	0008.450	0062.207	0003.378	30.160822	-89.045519
07/10/2022 16:51:25.000	4.313	0003.369	0025.235	0099.420	0004.203	0048.472	0004.338	0008.450	0062.207	0003.358	30.160825	-89.045519
07/10/2022 16:51:26.000	4.438	0003.336	0025.235	0099.430	0004.259	0048.470	0005.075	0008.450	0062.204	0003.326	30.160826	-89.045519
07/10/2022 16:51:26.000	4.188	0003.307	0025.232	0099.515	0004.211	0048.470	0005.175	0008.451	0062.204	0003.297	30.160827	-89.045520
07/10/2022 16:51:26.000	4.188	0003.306	0025.231	0099.520	0004.234	0048.470	0004.575	0008.450	0062.204	0003.296	30.160828	-89.045520
07/10/2022 16:51:26.000	4.188	0003.341	0025.232	0099.515	0004.234	0048.472	0005.813	0008.451	0062.207	0003.331	30.160829	-89.045521
07/10/2022 16:51:26.000	3.938	0003.380	0025.230	0099.515	0004.175	0048.470	0004.850	0008.451	0062.204	0003.369	30.160830	-89.045521
07/10/2022 16:51:27.000	4.188	0003.401	0025.231	0099.515	0004.110	0048.466	0004.088	0008.451	0062.198	0003.390	30.160832	-89.045522
07/10/2022 16:51:27.000	3.750	0003.399	0025.229	0099.555	0004.112	0048.464	0003.413	0008.451	0062.195	0003.388	30.160833	-89.045522
07/10/2022 16:51:27.000	4.875	0003.363	0025.229	0099.560	0004.150	0048.466	0003.338	0008.451	0062.198	0003.353	30.160834	-89.045523
07/10/2022 16:51:28.000	4.313	0003.330	0025.229	0099.555	0004.174	0048.470	0002.800	0008.451	0062.204	0003.320	30.160835	-89.045524
07/10/2022 16:51:28.000	4.000	0003.319	0025.229	0099.550	0004.172	0048.472	0003.350	0008.451	0062.207	0003.309	30.160836	-89.045526
07/10/2022 16:51:28.000	4.313	0003.348	0025.230	0099.590	0004.159	0048.466	0004.075	0008.451	0062.198	0003.338	30.160837	-89.045526
07/10/2022 16:51:28.000	4.188	0003.391	0025.228	0099.585	0004.125	0048.470	0004.313	0008.451	0062.204	0003.380	30.160837	-89.045527
07/10/2022 16:51:29.000	4.000	0003.421	0025.228	0099.580	0004.094	0048.466	0004.162	0008.453	0062.198	0003.410	30.160838	-89.045527
07/10/2022 16:51:29.000	4.250	0003.423	0025.229	0099.575	0004.110	0048.470	0004.000	0008.452	0062.204	0003.412	30.160841	-89.045528
07/10/2022 16:51:29.000	4.313	0003.378	0025.228	0099.585	0004.068	0048.466	0003.263	0008.452	0062.198	0003.367	30.160842	-89.045528
07/10/2022 16:51:29.000	4.063	0003.356	0025.228	0099.655	0004.112	0048.470	0004.638	0008.453	0062.204	0003.346	30.160843	-89.045529
07/10/2022 16:51:30.000	3.938	0003.362	0025.229	0099.650	0004.124	0048.470	0005.925	0008.453	0062.204	0003.352	30.160843	-89.045529
07/10/2022 16:51:30.000	3.750	0003.402	0025.228	0099.660	0004.129	0048.470	0004.688	0008.454	0062.204	0003.391	30.160844	-89.045529
07/10/2022 16:51:30.000	3.688	0003.431	0025.231	0099.650	0004.087	0048.470	0004.550	0008.453	0062.204	0003.420	30.160845	-89.045529
07/10/2022 16:51:30.000	3.688	0003.433	0025.232	0099.650	0004.088	0048.470	0003.900	0008.454	0062.204	0003.422	30.160846	-89.045530
07/10/2022 16:51:30.000	4.125	0003.397	0025.233	0099.675	0004.114	0048.466	0003.975	0008.453	0062.198	0003.386	30.160847	-89.045531
07/10/2022 16:51:31.000	4.063	0003.342	0025.230	0099.675	0004.176	0048.470	0004.888	0008.454	0062.204	0003.332	30.160849	-89.045533
07/10/2022 16:51:31.000	4.375	0003.305	0025.230	0099.675	0004.169	0048.470	0005.013	0008.454	0062.204	0003.295	30.160849	-89.045534
07/10/2022 16:51:31.000	4.188	0003.306	0025.230	0099.675	0004.194	0048.470	0004.713	0008.454	0062.204	0003.296	30.160850	-89.045535
07/10/2022 16:51:32.000	4.438	0003.351	0025.228	0099.650	0004.202	0048.464	0004.063	0008.454	0062.195	0003.341	30.160851	-89.045536
07/10/2022 16:51:32.000	4.063	0003.404	0025.228	0099.645	0004.137	0048.464	0004.438	0008.454	0062.195	0003.393	30.160851	-89.045536
07/10/2022 16:51:32.000	4.125	0003.451	0025.228	0099.640	0004.070	0048.462	0005.400	0008.454	0062.192	0003.440	30.160851	-89.045536
07/10/2022 16:51:32.000	4.063	0003.466	0025.223	0099.640	0004.046	0048.454	0004.863	0008.454	0062.180	0003.455	30.160853	-89.045536
07/10/2022 16:51:33.000	4.875	0003.444	0025.222	0099.635	0004.027	0048.462	0004.338	0008.454	0062.192	0003.433	30.160854	-89.045537
07/10/2022 16:51:33.000	4.313	0003.395	0025.224	0099.665	0004.065	0048.462	0007.238	0008.453	0062.192	0003.384	30.160855	-89.045537
07/10/2022 16:51:33.000	4.250	0003.351	0025.223	0099.670	0004.117	0048.458	0005.575	0008.454	0062.186	0003.341	30.160856	-89.045539
07/10/2022 16:51:33.000	4.375	0003.337	0025.226	0099.665	0004.153	0048.464	0004.463	0008.455	0062.195	0003.327	30.160857	-89.045539
07/10/2022 16:51:34.000	4.188	0003.356	0025.225	0099.665	0004.189	0048.462	0004.412	0008.454	0062.192	0003.346	30.160857	-89.045540
07/10/2022 16:51:34.000	4.063	0003.389	0025.224	0099.675	0004.137	0048.464	0004.488	0008.454	0062.195	0003.378	30.160857	-89.045540
07/10/2022 16:51:34.000	4.000	0003.419	0025.226	0099.615	0004.087	0048.462	0004.150	0008.455	0062.192	0003.408	30.160858	-89.045541
07/10/2022 16:51:34.000	4.125	0003.427	0025.225	0099.615	0004.028	0048.462	0004.713	0008.456	0062.192	0003.416	30.160859	-89.045542
07/10/2022 16:51:34.000	4.313	0003.416	0025.223	0099.615	0004.032	0048.464	0003.788	0008.455	0062.195	0003.405	30.160860	-89.045543
07/10/2022 16:51:35.000	4.250	0003.392	0025.224	0099.615	0004.085	0048.464	0003.863	0008.456	0062.195	0003.381	30.160861	-89.045544
07/10/2022 16:51:35.000	4.063	0003.375	0025.223	0099.585	0004.109	0048.464	0006.050	0008.455	0062.195	0003.364	30.160861	-89.045545
07/10/2022 16:51:35.000	4.000	0003.377	0025.224	0099.575	0004.107	0048.466	0004.662	0008.456	0062.198	0003.366	30.160862	-89.045546
07/10/2022 16:51:36.000	4.813	0003.399	0025.225	0099.585	0004.114	0048.466	0005.100	0008.456	0062.198	0003.388	30.160862	-89.045546
07/10/2022 16:51:36.000	4.000	0003.414	0025.226	0099.575	0004.095	0048.466	0005.425	0008.455	0062.198	0003.403	30.160863	-89.045547
07/10/2022 16:51:36.000	4.375	0003.417	0025.227	0099.575	0004.072	0048.466	0004.850	0008.456	0062.198	0003.406	30.160864	-89.045547
07/10/2022 16:51:36.000	4.063	0003.401	0025.225	0099.615	0004.090	0048.466	0007.213	0008.455	0062.198	0003.390	30.160865	-89.045547
07/10/2022 16:51:37.000	4.250	0003.384	0025.226	0099.610	0004.104	0048.466	0005.287	0008.456	0062.198	0003.373	30.160866	-89.045548
07/10/2022 16:51:37.000	4.188	0003.377	0025.228	0099.610	0004.155	0048.470	0004.363	0008.455	0062.204	0003.366	30.160866	-89.045548
07/10/2022 16:51:37.000	4.063	0003.384	0025.227	0099.610	0004.130	0048.462	0005.188	0008.456	0062.192	0003.373	30.160867	-89.045549
07/10/2022 16:51:37.000	4.000	0003.402	0025.229	0099.610	0004.091	0048.464	0005.350	0008.455	0062.195	0003.391	30.160867	-89.045550
07/10/2022 16:51:38.000	4.563	0003.416	0025.228	0099.555	0004.081	0048.466	0004.738	0008.455	0062.198	0003.405	30.160868	-89.045551
07/10/2022 16:51:38.000	4.188	0003.415	0025.227	0099.555	0004.071	0048.466	0004.287	0008.457	0062.198	0003.404	30.160869	-89.045553
07/10/2022 16:51:38.000	5.000	0003.396	0025.226	0099.555	0004.067	0048.464	0003.788	0008.455	0062.195	0003.385	30.160870	-89.045553
07/10/2022 16:51:38.000	4.188	0003.383	0025.227	0099.555	0004.096	0048.466	0002.800	0008.457	0062.198	0003.372	30.160870	-89.045554
07/10/2022 16:51:38.000	4.313	0003.378	0025.225	0099.625	0004.105	0048.464	0005.287	0008.456	0062.195	0003.367	30.160870	-89.045555
07/10/2022 16:51:39.000	4.063	0003.395	0025.226	0099.610	0004.120	0048.466	0004.438	0008.457	0062.198	0003.384	30.160871	-89.045556
07/10/2022 16:51:39.000	4.250	0003.420	0025.225	0099.620	0004.064	0048.466	0004.650	0008.456	0062.198	0003.409	30.160871	-89.045556
07/10/2022 16:51:39.000	4.313	0003.437	0025.228	0099.620	0004.036	0048.466	0003.938	0008.457	0062.198	0003.426	30.160872	-89.045556
07/10/2022 16:51:40.000	4.313	0003.437	0025.226	0099.620	0004.031	0048.464	0004.412	0008.458	0062.195	0003.426	30.160872	-89.045557
07/10/2022 16:51:40.000	4.438	0003.414	0025.227	0099.600	0004.027	0048.466	0004.213	0008.457	0062.198	0003.403	30.160874	-89.045558
07/10/2022 16:51:40.000	4.063	0003.383	0025.226	0099.600	0004.089	0048.466	0004.463	0008.458	0062.198	0003.372	30.160874	-89.045558
07/10/2022 16:51:40.000	4.125	0003.368	0025.227	0099.595	0004.101	0048.466	0004.325	0008.456	0062.198	0003.357	30.160875	-89.045559
07/10/2022 16:51:41.000	3.938	0003.376	0025.226	0099.600	0004.108	0048.466	0004.613	0008.457	0062.198	0003.365	30.160875	-89.045559
07/10/2022 16:51:41.000	3.938	0003.404	0025.232	0099.595	0004.090	0048.470	0004.725	0008.457	0062.204	0003.393	30.160875	-89.045561
07/10/2022 16:51:41.000	4.125	0003.419	0025.229	0099.605	0004.036	0048.470	0004.850	0008.458	0062.204	0003.408	30.160876	-89.045562
07/10/2022 16:51:41.000	5.563	0003.419	0025.229	0099.605	0004.045	0048.466	0004.688	0008.457	0062.198	0003.408	30.160876	-89.045562
07/10/2022 16:51:42.000	4.375	0003.388	0025.228	0099.600	0004.073	0048.470	0004.500	0008.458	0062.204	0003.377	30.160877	-89.045563
07/10/2022 16:51:42.000	5.125	0003.372	0025.229	0099.600	0004.077	0048.470	0003.975	0008.459	0062.204	0003.361	30.160878	-89.045565
07/10/2022 16:51:42.000	4.875	0003.373	0025.229	0099.660	0004.100	0048.462	0004.350	0008.458	0062.192	0003.362	30.160878	-89.045566
07/10/2022 16:51:42.000	4.063	0003.402	0025.227	0099.655	0004.075	0048.466	0004.738	0008.459	0062.198	0003.391	30.160878	-89.045567
07/10/2022 16:51:43.000	4.438	0003.428	0025.229	0099.655	0004.081	0048.470	0007.450	0008.458	0062.204	0003.417	30.160879	-89.045567
07/10/2022 16:51:43.000	4.000	0003.443	0025.229	0099.655	0004.020	0048.472	0005.338	0008.459	0062.207	0003.432	30.160879	-89.045567
07/10/2022 16:51:43.000	3.938	0003.441	0025.231	0099.650	0004.010	0048.466	0005.200	0008.458	0062.198	0003.430	30.160880	-89.045567
07/10/2022 16:51:43.000	3.813	0003.415	0025.230	0099.720	0004.053	0048.464	0006.412	0008.458	0062.195	0003.404	30.160881	-89.045568
07/10/2022 16:51:44.000	3.813	0003.387	0025.229	0099.720	0004.062	0048.464	0006.300	0008.459	0062.195	0003.376	30.160881	-89.045568
07/10/2022 16:51:44.000	4.063	0003.369	0025.228	0099.720	0004.100	0048.466	0005.963	0008.459	0062.198	0003.358	30.160882	-89.045570
07/10/2022 16:51:44.000	3.813	0003.364	0025.228	0099.710	0004.106	0048.464	0005.150	0008.459	0062.195	0003.354	30.160882	-89.045571
07/10/2022 16:51:44.000	4.188	0003.379	0025.231	0099.715	0004.122	0048.464	0004.338	0008.458	0062.195	0003.368	30.160882	-89.045572
07/10/2022 16:51:45.000	4.875	0003.407	0025.230	0099.765	0004.112	0048.386	0004.863	0008.459	0062.080	0003.396	30.160882	-89.045572
07/10/2022 16:51:45.000	4.313	0003.430	0025.229	0099.765	0004.052	0048.462	0005.250	0008.457	0062.192	0003.419	30.160883	-89.045574
07/10/2022 16:51:45.000	4.188	0003.433	0025.228	0099.765	0004.019	0048.462	0003.500	0008.459	0062.192	0003.422	30.160884	-89.045575
07/10/2022 16:51:45.000	4.188	0003.405	0025.228	0099.765	0004.056	0048.462	0004.188	0008.458	0062.192	0003.394	30.160884	-89.045576
07/10/2022 16:51:46.000	4.875	0003.373	0025.226	0099.785	0004.057	0048.462	0003.863	0008.458	0062.192	0003.362	30.160885	-89.045577
07/10/2022 16:51:46.000	4.563	0003.360	0025.225	0099.780	0004.104	0048.462	0005.037	0008.459	0062.192	0003.350	30.160885	-89.045578
07/10/2022 16:51:46.000	4.125	0003.391	0025.226	0099.780	0004.105	0048.464	0004.537	0008.458	0062.195	0003.380	30.160885	-89.045578
07/10/2022 16:51:46.000	4.188	0003.439	0025.223	0099.780	0004.042	0048.464	0005.250	0008.459	0062.195	0003.428	30.160885	-89.045578
07/10/2022 16:51:47.000	3.938	0003.467	0025.225	0099.775	0004.010	0048.464	0006.225	0008.458	0062.195	0003.456	30.160887	-89.045579
07/10/2022 16:51:47.000	4.000	0003.460	0025.228	0099.775	0003.977	0048.464	0005.338	0008.458	0062.195	0003.449	30.160887	-89.045580
07/10/2022 16:51:47.000	4.313	0003.405	0025.226	0099.780	0004.022	0048.462	0004.138	0008.458	0062.192	0003.394	30.160888	-89.045580
07/10/2022 16:51:47.000	4.813	0003.347	0025.227	0099.775	0004.073	0048.466	0003.600	0008.459	0062.198	0003.337	30.160888	-89.045581
07/10/2022 16:51:48.000	4.188	0003.338	0025.225	0099.775	0004.128	0048.466	0004.412	0008.459	0062.198	0003.328	30.160888	-89.045582
07/10/2022 16:51:48.000	4.000	0003.381	0025.225	0099.775	0004.124	0048.472	0005.925	0008.459	0062.207	0003.370	30.160888	-89.045583
07/10/2022 16:51:48.000	4.063	0003.436	0025.227	0099.730	0004.061	0048.470	0004.775	0008.459	0062.204	0003.425	30.160888	-89.045584
07/10/2022 16:51:48.000	4.500	0003.467	0025.229	0099.725	0004.003	0048.470	0004.350	0008.459	0062.204	0003.456	30.160888	-89.045586
07/10/2022 16:51:49.000	5.313	0003.454	0025.230	0099.720	0003.987	0048.470	0004.725	0008.460	0062.204	0003.443	30.160889	-89.045587
07/10/2022 16:51:49.000	4.313	0003.393	0025.228	0099.725	0004.064	0048.470	0004.325	0008.459	0062.204	0003.382	30.160890	-89.045588
07/10/2022 16:51:49.000	4.000	0003.340	0025.229	0099.675	0004.104	0048.470	0007.588	0008.460	0062.204	0003.330	30.160890	-89.045589
07/10/2022 16:51:49.000	4.063	0003.335	0025.229	0099.675	0004.122	0048.472	0005.825	0008.459	0062.207	0003.325	30.160890	-89.045589
07/10/2022 16:51:50.000	4.000	0003.388	0025.231	0099.675	0004.118	0048.472	0004.438	0008.460	0062.207	0003.377	30.160890	-89.045589
07/10/2022 16:51:50.000	4.438	0003.455	0025.228	0099.675	0004.065	0048.470	0006.338	0008.459	0062.204	0003.444	30.160890	-89.045589
07/10/2022 16:51:50.000	4.313	0003.492	0025.232	0099.675	0004.023	0048.470	0006.063	0008.459	0062.204	0003.481	30.160891	-89.045589
07/10/2022 16:51:50.000	4.313	0003.478	0025.231	0099.735	0003.947	0048.466	0004.738	0008.459	0062.198	0003.467	30.160892	-89.045591
07/10/2022 16:51:51.000	4.125	0003.405	0025.232	0099.735	0004.012	0048.470	0003.688	0008.460	0062.204	0003.394	30.160892	-89.045592
07/10/2022 16:51:51.000	4.438	0003.337	0025.232	0099.730	0004.090	0048.470	0003.813	0008.460	0062.204	0003.327	30.160893	-89.045593
07/10/2022 16:51:51.000	4.000	0003.309	0025.231	0099.735	0004.152	0048.470	0003.913	0008.460	0062.204	0003.299	30.160893	-89.045593
07/10/2022 16:51:51.000	4.625	0003.348	0025.230	0099.730	0004.168	0048.470	0003.925	0008.460	0062.204	0003.338	30.160892	-89.045595
07/10/2022 16:51:52.000	4.625	0003.418	0025.231	0099.805	0004.127	0048.470	0005.100	0008.460	0062.204	0003.407	30.160892	-89.045596
07/10/2022 16:51:52.000	4.688	0003.474	0025.232	0099.800	0004.028	0048.470	0005.088	0008.460	0062.204	0003.463	30.160892	-89.045597
07/10/2022 16:51:52.000	4.750	0003.497	0025.230	0099.800	0003.984	0048.466	0005.150	0008.461	0062.198	0003.486	30.160893	-89.045597
07/10/2022 16:51:52.000	4.375	0003.477	0025.231	0099.805	0003.971	0048.450	0003.338	0008.461	0062.174	0003.466	30.160894	-89.045598
07/10/2022 16:51:53.000	4.188	0003.415	0025.233	0099.900	0004.034	0048.466	0003.638	0008.460	0062.198	0003.404	30.160894	-89.045599
07/10/2022 16:51:53.000	4.063	0003.352	0025.233	0099.895	0004.100	0048.470	0004.550	0008.461	0062.204	0003.342	30.160895	-89.045600
07/10/2022 16:51:53.000	4.188	0003.321	0025.232	0099.895	0004.156	0048.466	0004.213	0008.461	0062.198	0003.311	30.160895	-89.045600
07/10/2022 16:51:53.000	4.188	0003.334	0025.231	0099.895	0004.172	0048.472	0004.713	0008.461	0062.207	0003.324	30.160895	-89.045601
07/10/2022 16:51:54.000	4.375	0003.391	0025.232	0099.895	0004.152	0048.470	0004.400	0008.461	0062.204	0003.380	30.160895	-89.045601
07/10/2022 16:51:54.000	4.125	0003.452	0025.232	0099.920	0004.088	0048.470	0005.138	0008.461	0062.204	0003.441	30.160895	-89.045602
07/10/2022 16:51:54.000	4.000	0003.477	0025.233	0099.920	0004.028	0048.470	0005.263	0008.461	0062.204	0003.466	30.160895	-89.045602
07/10/2022 16:51:54.000	3.938	0003.453	0025.234	0099.925	0004.009	0048.470	0005.925	0008.461	0062.204	0003.442	30.160896	-89.045604
07/10/2022 16:51:55.000	4.063	0003.389	0025.232	0099.925	0004.061	0048.466	0005.363	0008.460	0062.198	0003.378	30.160896	-89.045605
07/10/2022 16:51:55.000	4.063	0003.339	0025.232	0099.925	0004.133	0048.464	0005.162	0008.461	0062.195	0003.329	30.160897	-89.045606
07/10/2022 16:51:55.000	4.313	0003.330	0025.231	0100.000	0004.196	0048.466	0005.750	0008.461	0062.198	0003.320	30.160897	-89.045607
07/10/2022 16:51:55.000	4.313	0003.377	0025.232	0099.990	0004.130	0048.466	0004.825	0008.461	0062.198	0003.366	30.160896	-89.045608
07/10/2022 16:51:56.000	4.250	0003.433	0025.232	0099.990	0004.069	0048.466	0004.787	0008.461	0062.198	0003.422	30.160896	-89.045609
07/10/2022 16:51:56.000	4.000	0003.474	0025.233	0099.990	0004.018	0048.462	0006.488	0008.461	0062.192	0003.463	30.160896	-89.045609
07/10/2022 16:51:56.000	4.250	0003.481	0025.232	0099.990	0003.962	0048.464	0005.688	0008.461	0062.195	0003.470	30.160897	-89.045610
07/10/2022 16:51:56.000	4.313	0003.441	0025.228	0099.975	0003.982	0048.466	0010.775	0008.461	0062.198	0003.430	30.160898	-89.045611
07/10/2022 16:51:57.000	4.313	0003.396	0025.230	0099.990	0004.074	0048.466	0005.625	0008.461	0062.198	0003.385	30.160898	-89.045611
07/10/2022 16:51:57.000	4.000	0003.375	0025.229	0099.985	0004.093	0048.466	0004.700	0008.460	0062.198	0003.364	30.160898	-89.045611
07/10/2022 16:51:57.000	5.438	0003.380	0025.228	0099.980	0004.108	0048.466	0005.563	0008.460	0062.198	0003.369	30.160898	-89.045612
07/10/2022 16:51:57.000	5.125	0003.402	0025.229	0099.965	0004.105	0048.466	0005.613	0008.460	0062.198	0003.391	30.160898	-89.045613
07/10/2022 16:51:58.000	4.375	0003.414	0025.230	0099.960	0004.077	0048.466	0005.138	0008.460	0062.198	0003.403	30.160899	-89.045614
07/10/2022 16:51:58.000	4.438	0003.404	0025.229	0099.965	0004.070	0048.466	0007.238	0008.460	0062.198	0003.393	30.160899	-89.045615
07/10/2022 16:51:58.000	6.563	0003.385	0025.228	0099.965	0004.098	0048.466	0005.725	0008.460	0062.198	0003.374	30.160899	-89.045616
07/10/2022 16:51:58.000	4.938	0003.378	0025.230	0099.965	0004.115	0048.470	0006.188	0008.460	0062.204	0003.367	30.160899	-89.045618
07/10/2022 16:51:59.000	4.813	0003.396	0025.231	0099.925	0004.105	0048.470	0005.775	0008.461	0062.204	0003.385	30.160899	-89.045618
07/10/2022 16:51:59.000	4.188	0003.424	0025.229	0099.925	0004.069	0048.470	0005.650	0008.461	0062.204	0003.413	30.160899	-89.045619
07/10/2022 16:51:59.000	4.188	0003.441	0025.230	0099.925	0004.044	0048.470	0005.088	0008.461	0062.204	0003.430	30.160899	-89.045619
07/10/2022 16:51:59.000	4.313	0003.441	0025.229	0099.930	0004.030	0048.470	0004.988	0008.461	0062.204	0003.430	30.160899	-89.045620
07/10/2022 16:52:00.000	4.313	0003.413	0025.231	0099.865	0004.032	0048.466	0006.138	0008.461	0062.198	0003.402	30.160900	-89.045621
07/10/2022 16:52:00.000	4.188	0003.387	0025.230	0099.860	0004.090	0048.466	0004.825	0008.463	0062.198	0003.376	30.160900	-89.045621
07/10/2022 16:52:00.000	4.063	0003.379	0025.230	0099.860	0004.107	0048.466	0006.850	0008.460	0062.198	0003.368	30.160900	-89.045622
07/10/2022 16:52:00.000	3.938	0003.399	0025.228	0099.860	0004.102	0048.466	0005.250	0008.461	0062.198	0003.388	30.160901	-89.045622
07/10/2022 16:52:01.000	4.500	0003.425	0025.230	0099.870	0004.066	0048.470	0004.688	0008.461	0062.204	0003.414	30.160901	-89.045623
07/10/2022 16:52:01.000	4.188	0003.432	0025.230	0099.850	0004.046	0048.470	0005.813	0008.461	0062.204	0003.421	30.160901	-89.045624
07/10/2022 16:52:01.000	4.875	0003.418	0025.232	0099.850	0004.103	0048.472	0005.313	0008.461	0062.207	0003.407	30.160901	-89.045625
07/10/2022 16:52:01.000	4.250	0003.388	0025.229	0099.845	0004.084	0048.466	0005.588	0008.461	0062.198	0003.377	30.160901	-89.045626
07/10/2022 16:52:02.000	3.938	0003.374	0025.229	0099.840	0004.119	0048.464	0005.125	0008.461	0062.195	0003.363	30.160901	-89.045627
07/10/2022 16:52:02.000	4.188	0003.381	0025.227	0099.850	0004.116	0048.470	0005.287	0008.461	0062.204	0003.370	30.160900	-89.045628
07/10/2022 16:52:02.000	4.750	0003.411	0025.228	0099.890	0004.099	0048.470	0004.813	0008.461	0062.204	0003.400	30.160900	-89.045629
07/10/2022 16:52:02.000	4.688	0003.429	0025.230	0099.890	0004.079	0048.466	0008.975	0008.461	0062.198	0003.418	30.160901	-89.045631
07/10/2022 16:52:03.000	5.188	0003.426	0025.229	0099.885	0004.043	0048.470	0005.925	0008.461	0062.204	0003.415	30.160901	-89.045631
07/10/2022 16:52:03.000	4.188	0003.402	0025.228	0099.885	0004.058	0048.470	0003.888	0008.460	0062.204	0003.391	30.160902	-89.045632
07/10/2022 16:52:03.000	4.500	0003.387	0025.228	0099.890	0004.124	0048.470	0005.025	0008.460	0062.204	0003.376	30.160902	-89.045632
07/10/2022 16:52:03.000	5.250	0003.398	0025.230	0099.890	0004.096	0048.470	0005.188	0008.461	0062.204	0003.387	30.160902	-89.045632
07/10/2022 16:52:04.000	4.000	0003.433	0025.229	0099.890	0004.086	0048.470	0006.125	0008.460	0062.204	0003.422	30.160902	-89.045633
07/10/2022 16:52:04.000	5.375	0003.449	0025.230	0099.890	0004.025	0048.470	0005.350	0008.461	0062.204	0003.438	30.160902	-89.045633
07/10/2022 16:52:04.000	3.938	0003.452	0025.228	0099.890	0004.010	0048.470	0007.662	0008.460	0062.204	0003.441	30.160903	-89.045634
07/10/2022 16:52:04.000	4.063	0003.419	0025.229	0099.870	0004.056	0048.470	0006.213	0008.461	0062.204	0003.408	30.160903	-89.045635
07/10/2022 16:52:05.000	4.375	0003.379	0025.229	0099.880	0004.104	0048.470	0006.175	0008.461	0062.204	0003.368	30.160903	-89.045636
07/10/2022 16:52:05.000	4.000	0003.356	0025.228	0099.880	0004.131	0048.466	0004.500	0008.461	0062.198	0003.346	30.160903	-89.045636
07/10/2022 16:52:05.000	4.375	0003.362	0025.228	0099.880	0004.151	0048.470	0005.500	0008.461	0062.204	0003.352	30.160903	-89.045637
07/10/2022 16:52:05.000	4.875	0003.385	0025.229	0099.880	0004.109	0048.470	0005.138	0008.461	0062.204	0003.374	30.160902	-89.045640
07/10/2022 16:52:06.000	3.875	0003.402	0025.230	0099.830	0004.081	0048.470	0004.300	0008.461	0062.204	0003.391	30.160902	-89.045641
07/10/2022 16:52:06.000	3.938	0003.408	0025.231	0099.825	0004.069	0048.470	0003.788	0008.462	0062.204	0003.397	30.160902	-89.045642
07/10/2022 16:52:06.000	4.063	0003.416	0025.231	0099.830	0004.070	0048.470	0004.662	0008.461	0062.204	0003.405	30.160902	-89.045642
07/10/2022 16:52:06.000	4.313	0003.436	0025.231	0099.830	0004.074	0048.472	0005.100	0008.461	0062.207	0003.425	30.160902	-89.045643
07/10/2022 16:52:07.000	4.063	0003.459	0025.230	0099.865	0004.034	0048.470	0004.688	0008.462	0062.204	0003.448	30.160903	-89.045643
07/10/2022 16:52:07.000	4.188	0003.464	0025.229	0099.850	0004.005	0048.472	0003.838	0008.461	0062.207	0003.453	30.160903	-89.045644
07/10/2022 16:52:07.000	4.313	0003.429	0025.231	0099.860	0004.005	0048.470	0004.938	0008.461	0062.204	0003.418	30.160904	-89.045644
07/10/2022 16:52:07.000	3.875	0003.384	0025.232	0099.860	0004.046	0048.472	0004.500	0008.460	0062.207	0003.373	30.160905	-89.045645
07/10/2022 16:52:08.000	4.438	0003.356	0025.233	0099.860	0004.095	0048.472	0004.300	0008.461	0062.207	0003.346	30.160905	-89.045645
07/10/2022 16:52:08.000	3.938	0003.352	0025.231	0099.840	0004.128	0048.472	0004.275	0008.461	0062.207	0003.342	30.160905	-89.045645
07/10/2022 16:52:08.000	3.813	0003.374	0025.232	0099.845	0004.135	0048.472	0004.738	0008.461	0062.207	0003.363	30.160905	-89.045646
07/10/2022 16:52:08.000	3.688	0003.399	0025.234	0099.845	0004.100	0048.472	0005.425	0008.461	0062.207	0003.388	30.160905	-89.045647
07/10/2022 16:52:09.000	3.750	0003.413	0025.231	0099.850	0004.075	0048.470	0003.825	0008.461	0062.204	0003.402	30.160905	-89.045649
07/10/2022 16:52:09.000	4.000	0003.413	0025.231	0099.845	0004.047	0048.472	0003.850	0008.461	0062.207	0003.402	30.160904	-89.045650
07/10/2022 16:52:09.000	4.063	0003.399	0025.230	0099.840	0004.046	0048.470	0003.525	0008.461	0062.204	0003.388	30.160903	-89.045652
07/10/2022 16:52:09.000	4.063	0003.389	0025.232	0099.845	0004.086	0048.472	0004.162	0008.461	0062.207	0003.378	30.160902	-89.045655
07/10/2022 16:52:10.000	4.125	0003.394	0025.232	0099.845	0004.067	0048.472	0003.588	0008.461	0062.207	0003.383	30.160902	-89.045655
07/10/2022 16:52:10.000	3.938	0003.432	0025.232	0099.840	0004.049	0048.474	0004.900	0008.461	0062.210	0003.421	30.160902	-89.045655
07/10/2022 16:52:10.000	3.938	0003.471	0025.231	0099.835	0004.047	0048.472	0004.250	0008.462	0062.207	0003.460	30.160903	-89.045655
07/10/2022 16:52:10.000	3.875	0003.489	0025.233	0099.835	0003.971	0048.474	0004.500	0008.461	0062.210	0003.478	30.160905	-89.045654
07/10/2022 16:52:11.000	4.000	0003.476	0025.232	0099.845	0003.975	0048.474	0003.775	0008.461	0062.210	0003.465	30.160906	-89.045654
07/10/2022 16:52:11.000	3.875	0003.419	0025.232	0099.845	0004.009	0048.474	0003.775	0008.461	0062.210	0003.408	30.160907	-89.045654
07/10/2022 16:52:11.000	3.625	0003.357	0025.233	0099.845	0004.118	0048.476	0004.150	0008.461	0062.212	0003.347	30.160907	-89.045654
07/10/2022 16:52:11.000	4.188	0003.310	0025.234	0099.880	0004.191	0048.476	0002.925	0008.461	0062.213	0003.300	30.160908	-89.045655
07/10/2022 16:52:12.000	3.688	0003.295	0025.234	0099.860	0004.196	0048.478	0003.350	0008.461	0062.215	0003.285	30.160907	-89.045657
07/10/2022 16:52:12.000	3.750	0003.327	0025.234	0099.870	0004.219	0048.476	0003.725	0008.461	0062.213	0003.317	30.160906	-89.045658
07/10/2022 16:52:12.000	3.938	0003.376	0025.232	0099.865	0004.131	0048.474	0003.650	0008.462	0062.210	0003.365	30.160905	-89.045660
07/10/2022 16:52:12.000	3.938	0003.431	0025.235	0099.870	0004.065	0048.474	0004.912	0008.461	0062.210	0003.420	30.160903	-89.045663
07/10/2022 16:52:13.000	4.063	0003.478	0025.232	0099.935	0004.002	0048.474	0005.313	0008.462	0062.210	0003.467	30.160903	-89.045664
07/10/2022 16:52:13.000	3.875	0003.499	0025.233	0099.925	0004.025	0048.476	0006.175	0008.461	0062.212	0003.488	30.160902	-89.045665
07/10/2022 16:52:13.000	3.625	0003.494	0025.233	0099.930	0003.957	0048.476	0005.150	0008.462	0062.212	0003.483	30.160903	-89.045665
07/10/2022 16:52:13.000	4.313	0003.460	0025.235	0099.930	0004.011	0048.478	0003.913	0008.463	0062.215	0003.449	30.160905	-89.045665
07/10/2022 16:52:14.000	4.063	0003.420	0025.235	0099.920	0004.021	0048.476	0005.050	0008.461	0062.212	0003.409	30.160906	-89.045664
07/10/2022 16:52:14.000	3.875	0003.393	0025.234	0099.920	0004.070	0048.478	0005.713	0008.463	0062.215	0003.382	30.160908	-89.045663
07/10/2022 16:52:14.000	4.375	0003.363	0025.233	0099.925	0004.090	0048.478	0005.125	0008.460	0062.215	0003.353	30.160909	-89.045663
07/10/2022 16:52:14.000	3.938	0003.333	0025.236	0099.925	0004.120	0048.476	0004.525	0008.461	0062.212	0003.323	30.160910	-89.045664
07/10/2022 16:52:15.000	3.750	0003.311	0025.238	0099.920	0004.166	0048.476	0004.063	0008.461	0062.213	0003.301	30.160909	-89.045665
07/10/2022 16:52:15.000	4.063	0003.303	0025.238	0099.875	0004.183	0048.478	0008.775	0008.461	0062.215	0003.293	30.160908	-89.045667
07/10/2022 16:52:15.000	3.938	0003.347	0025.238	0099.870	0004.165	0048.478	0005.013	0008.461	0062.215	0003.337	30.160907	-89.045668
07/10/2022 16:52:15.000	4.000	0003.421	0025.239	0099.870	0004.121	0048.478	0003.563	0008.461	0062.215	0003.410	30.160904	-89.045671
07/10/2022 16:52:16.000	4.125	0003.502	0025.240	0099.870	0004.056	0048.478	0005.775	0008.461	0062.215	0003.491	30.160903	-89.045672
07/10/2022 16:52:16.000	4.250	0003.550	0025.238	0099.870	0003.930	0048.474	0004.738	0008.462	0062.210	0003.539	30.160903	-89.045673
07/10/2022 16:52:16.000	4.000	0003.561	0025.237	0099.860	0003.891	0048.466	0003.513	0008.462	0062.198	0003.550	30.160903	-89.045674
07/10/2022 16:52:16.000	4.375	0003.495	0025.236	0099.860	0003.922	0048.470	0003.237	0008.461	0062.204	0003.484	30.160905	-89.045674
07/10/2022 16:52:17.000	3.938	0003.398	0025.233	0099.860	0004.017	0048.470	0003.875	0008.463	0062.204	0003.387	30.160906	-89.045674
07/10/2022 16:52:17.000	3.938	0003.316	0025.233	0099.860	0004.141	0048.464	0004.050	0008.461	0062.195	0003.306	30.160908	-89.045673
07/10/2022 16:52:17.000	4.063	0003.283	0025.232	0099.835	0004.229	0048.470	0003.475	0008.461	0062.204	0003.273	30.160909	-89.045673
07/10/2022 16:52:17.000	3.938	0003.292	0025.233	0099.840	0004.238	0048.474	0003.288	0008.461	0062.210	0003.282	30.160910	-89.045673
07/10/2022 16:52:18.000	3.875	0003.335	0025.230	0099.845	0004.204	0048.470	0003.725	0008.461	0062.204	0003.325	30.160910	-89.045674
07/10/2022 16:52:18.000	3.875	0003.378	0025.230	0099.845	0004.136	0048.470	0004.150	0008.461	0062.204	0003.367	30.160909	-89.045675
07/10/2022 16:52:18.000	4.313	0003.405	0025.231	0099.840	0004.074	0048.470	0003.825	0008.462	0062.204	0003.394	30.160908	-89.045677
07/10/2022 16:52:18.000	3.938	0003.427	0025.231	0099.850	0004.073	0048.470	0003.413	0008.462	0062.204	0003.416	30.160905	-89.045680
07/10/2022 16:52:19.000	3.938	0003.460	0025.233	0099.845	0004.022	0048.466	0004.200	0008.462	0062.198	0003.449	30.160903	-89.045681
07/10/2022 16:52:19.000	3.688	0003.496	0025.230	0099.845	0003.987	0048.466	0005.050	0008.461	0062.198	0003.485	30.160903	-89.045682
07/10/2022 16:52:19.000	4.125	0003.512	0025.228	0099.850	0003.997	0048.472	0004.525	0008.462	0062.207	0003.501	30.160903	-89.045682
07/10/2022 16:52:19.000	4.188	0003.494	0025.228	0099.850	0003.962	0048.470	0005.688	0008.462	0062.204	0003.483	30.160905	-89.045682
07/10/2022 16:52:20.000	4.625	0003.438	0025.231	0099.930	0004.016	0048.470	0005.388	0008.461	0062.204	0003.427	30.160907	-89.045682
07/10/2022 16:52:20.000	4.063	0003.363	0025.229	0099.935	0004.079	0048.466	0005.775	0008.463	0062.198	0003.353	30.160908	-89.045682
07/10/2022 16:52:20.000	4.500	0003.271	0025.232	0099.930	0004.147	0048.478	0004.275	0008.462	0062.215	0003.261	30.160910	-89.045682
07/10/2022 16:52:20.000	4.188	0003.275	0025.232	0099.930	0004.214	0048.476	0004.713	0008.461	0062.213	0003.265	30.160911	-89.045682
07/10/2022 16:52:21.000	3.750	0003.313	0025.232	0099.905	0004.200	0048.476	0004.775	0008.461	0062.213	0003.303	30.160911	-89.045683
07/10/2022 16:52:21.000	4.188	0003.408	0025.233	0099.905	0004.142	0048.472	0005.313	0008.462	0062.207	0003.397	30.160910	-89.045684
07/10/2022 16:52:21.000	4.188	0003.505	0025.233	0099.895	0004.042	0048.470	0005.537	0008.462	0062.204	0003.494	30.160908	-89.045685
07/10/2022 16:52:21.000	3.938	0003.585	0025.231	0099.905	0003.945	0048.474	0005.475	0008.462	0062.210	0003.574	30.160905	-89.045687
07/10/2022 16:52:22.000	4.188	0003.634	0025.231	0099.905	0003.831	0048.472	0007.650	0008.463	0062.207	0003.623	30.160903	-89.045688
07/10/2022 16:52:22.000	4.188	0003.642	0025.231	0099.895	0003.797	0048.470	0007.625	0008.461	0062.204	0003.631	30.160903	-89.045690
07/10/2022 16:52:22.000	3.938	0003.627	0025.229	0099.890	0003.805	0048.470	0004.888	0008.462	0062.204	0003.616	30.160903	-89.045690
07/10/2022 16:52:22.000	4.063	0003.606	0025.228	0099.890	0003.862	0048.470	0004.763	0008.461	0062.204	0003.595	30.160906	-89.045690
07/10/2022 16:52:23.000	4.063	0003.599	0025.226	0099.885	0003.878	0048.470	0004.313	0008.461	0062.204	0003.588	30.160907	-89.045690
07/10/2022 16:52:23.000	4.063	0003.598	0025.228	0099.890	0003.871	0048.466	0005.150	0008.461	0062.198	0003.587	30.160909	-89.045689
07/10/2022 16:52:23.000	4.188	0003.601	0025.229	0099.880	0003.861	0048.466	0005.375	0008.461	0062.198	0003.590	30.160910	-89.045690
07/10/2022 16:52:23.000	4.000	0003.610	0025.227	0099.880	0003.860	0048.466	0004.537	0008.461	0062.198	0003.599	30.160910	-89.045691
07/10/2022 16:52:24.000	3.938	0003.635	0025.228	0099.880	0003.853	0048.464	0005.925	0008.460	0062.195	0003.624	30.160910	-89.045692
07/10/2022 16:52:24.000	3.875	0003.695	0025.226	0099.880	0003.810	0048.462	0005.375	0008.461	0062.192	0003.683	30.160909	-89.045692
07/10/2022 16:52:24.000	4.063	0003.788	0025.226	0099.730	0003.737	0048.458	0006.300	0008.460	0062.186	0003.776	30.160908	-89.045693
07/10/2022 16:52:24.000	4.125	0003.868	0025.223	0099.735	0003.623	0048.456	0005.400	0008.461	0062.183	0003.856	30.160906	-89.045694
07/10/2022 16:52:25.000	3.938	0003.930	0025.223	0099.730	0003.545	0048.454	0004.350	0008.460	0062.180	0003.918	30.160905	-89.045695
07/10/2022 16:52:25.000	5.438	0003.943	0025.220	0099.740	0003.494	0048.452	0003.925	0008.460	0062.177	0003.931	30.160905	-89.045696
07/10/2022 16:52:25.000	4.438	0003.918	0025.221	0099.735	0003.511	0048.450	0004.988	0008.460	0062.174	0003.906	30.160905	-89.045696
07/10/2022 16:52:25.000	4.125	0003.879	0025.217	0099.570	0003.552	0048.456	0004.575	0008.459	0062.183	0003.867	30.160906	-89.045697
07/10/2022 16:52:26.000	4.313	0003.861	0025.217	0099.565	0003.607	0048.454	0004.625	0008.459	0062.180	0003.849	30.160907	-89.045697
07/10/2022 16:52:26.000	4.188	0003.859	0025.218	0099.565	0003.633	0048.444	0005.700	0008.459	0062.165	0003.847	30.160908	-89.045697
07/10/2022 16:52:26.000	4.438	0003.890	0025.217	0099.565	0003.614	0048.444	0004.438	0008.459	0062.165	0003.878	30.160909	-89.045698
07/10/2022 16:52:26.000	4.250	0003.940	0025.217	0099.565	0003.583	0048.454	0004.088	0008.458	0062.180	0003.928	30.160909	-89.045699
07/10/2022 16:52:27.000	4.250	0004.001	0025.216	0099.395	0003.532	0048.450	0003.850	0008.459	0062.174	0003.989	30.160909	-89.045699
07/10/2022 16:52:27.000	3.938	0004.067	0025.214	0099.390	0003.468	0048.450	0005.463	0008.457	0062.174	0004.054	30.160908	-89.045700
07/10/2022 16:52:27.000	4.125	0004.127	0025.212	0099.400	0003.400	0048.444	0004.738	0008.459	0062.165	0004.114	30.160908	-89.045700
07/10/2022 16:52:27.000	3.750	0004.163	0025.207	0099.390	0003.341	0048.440	0004.662	0008.458	0062.160	0004.150	30.160905	-89.045702
07/10/2022 16:52:28.000	4.063	0004.178	0025.207	0099.255	0003.345	0048.438	0005.975	0008.458	0062.157	0004.165	30.160905	-89.045702
07/10/2022 16:52:28.000	4.125	0004.180	0025.205	0099.255	0003.313	0048.440	0003.538	0008.459	0062.160	0004.167	30.160904	-89.045703
07/10/2022 16:52:28.000	3.875	0004.179	0025.204	0099.250	0003.324	0048.438	0002.925	0008.457	0062.157	0004.166	30.160904	-89.045704
07/10/2022 16:52:28.000	4.063	0004.180	0025.203	0099.245	0003.328	0048.436	0003.688	0008.458	0062.154	0004.167	30.160906	-89.045705
07/10/2022 16:52:29.000	4.313	0004.186	0025.204	0099.260	0003.331	0048.434	0004.850	0008.457	0062.151	0004.173	30.160907	-89.045705
07/10/2022 16:52:29.000	4.188	0004.190	0025.202	0099.050	0003.329	0048.434	0004.350	0008.457	0062.151	0004.177	30.160908	-89.045706
07/10/2022 16:52:29.000	4.063	0004.192	0025.204	0099.045	0003.306	0048.434	0004.363	0008.455	0062.151	0004.179	30.160908	-89.045706
07/10/2022 16:52:29.000	3.938	0004.212	0025.202	0099.050	0003.280	0048.434	0004.225	0008.457	0062.151	0004.199	30.160909	-89.045707
07/10/2022 16:52:30.000	3.938	0004.263	0025.202	0099.050	0003.240	0048.434	0006.263	0008.455	0062.151	0004.250	30.160908	-89.045708
07/10/2022 16:52:30.000	4.188	0004.333	0025.202	0099.055	0003.194	0048.434	0005.125	0008.457	0062.151	0004.319	30.160908	-89.045708
07/10/2022 16:52:30.000	4.063	0004.423	0025.198	0098.915	0003.098	0048.432	0004.638	0008.457	0062.148	0004.409	30.160907	-89.045708
07/10/2022 16:52:30.000	4.188	0004.503	0025.198	0098.905	0003.001	0048.434	0004.963	0008.457	0062.151	0004.489	30.160905	-89.045709
07/10/2022 16:52:31.000	3.938	0004.560	0025.200	0098.905	0002.922	0048.438	0007.625	0008.456	0062.157	0004.546	30.160905	-89.045710
07/10/2022 16:52:31.000	3.938	0004.580	0025.200	0098.905	0002.879	0048.438	0006.438	0008.456	0062.157	0004.566	30.160905	-89.045710
07/10/2022 16:52:31.000	4.625	0004.551	0025.201	0098.770	0002.888	0048.438	0004.888	0008.456	0062.157	0004.537	30.160905	-89.045710
07/10/2022 16:52:31.000	4.563	0004.479	0025.200	0098.765	0002.948	0048.438	0004.000	0008.456	0062.157	0004.465	30.160906	-89.045712
07/10/2022 16:52:32.000	4.313	0004.413	0025.202	0098.760	0003.060	0048.436	0005.600	0008.456	0062.154	0004.399	30.160907	-89.045713
07/10/2022 16:52:32.000	4.125	0004.386	0025.202	0098.760	0003.117	0048.436	0005.063	0008.455	0062.154	0004.372	30.160907	-89.045713
07/10/2022 16:52:32.000	4.563	0004.421	0025.204	0098.760	0003.140	0048.438	0004.875	0008.455	0062.157	0004.407	30.160908	-89.045714
07/10/2022 16:52:32.000	4.750	0004.510	0025.203	0098.565	0003.086	0048.436	0006.088	0008.455	0062.154	0004.496	30.160907	-89.045714
07/10/2022 16:52:33.000	4.438	0004.614	0025.202	0098.555	0002.996	0048.436	0009.438	0008.455	0062.154	0004.600	30.160906	-89.045714
07/10/2022 16:52:33.000	4.000	0004.700	0025.202	0098.560	0002.908	0048.438	0010.213	0008.454	0062.157	0004.685	30.160905	-89.045715
07/10/2022 16:52:33.000	4.563	0004.756	0025.200	0098.560	0002.813	0048.436	0006.638	0008.455	0062.154	0004.741	30.160905	-89.045715
07/10/2022 16:52:33.000	4.313	0004.762	0025.200	0098.560	0002.770	0048.434	0007.037	0008.455	0062.151	0004.747	30.160905	-89.045717
07/10/2022 16:52:34.000	4.813	0004.705	0025.198	0098.370	0002.798	0048.434	0006.388	0008.454	0062.151	0004.690	30.160905	-89.045718
07/10/2022 16:52:34.000	4.375	0004.643	0025.202	0098.365	0002.840	0048.438	0005.113	0008.455	0062.157	0004.629	30.160906	-89.045720
07/10/2022 16:52:34.000	4.438	0004.590	0025.199	0098.370	0002.859	0048.436	0005.412	0008.454	0062.154	0004.576	30.160906	-89.045721
07/10/2022 16:52:34.000	4.563	0004.594	0025.200	0098.370	0002.888	0048.440	0004.463	0008.455	0062.160	0004.580	30.160907	-89.045721
07/10/2022 16:52:35.000	3.938	0004.717	0025.199	0098.220	0002.886	0048.438	0005.700	0008.454	0062.157	0004.702	30.160907	-89.045720
07/10/2022 16:52:35.000	4.188	0004.883	0025.200	0098.225	0002.759	0048.440	0005.900	0008.457	0062.159	0004.868	30.160906	-89.045719
07/10/2022 16:52:35.000	4.250	0005.056	0025.201	0098.220	0002.525	0048.440	0005.600	0008.454	0062.159	0005.040	30.160906	-89.045719
07/10/2022 16:52:35.000	4.563	0005.161	0025.199	0098.215	0002.353	0048.440	0004.675	0008.455	0062.159	0005.145	30.160906	-89.045719
07/10/2022 16:52:36.000	4.500	0005.185	0025.197	0098.215	0002.260	0048.436	0005.150	0008.453	0062.154	0005.169	30.160906	-89.045721
07/10/2022 16:52:36.000	4.625	0005.063	0025.197	0098.135	0002.297	0048.434	0006.475	0008.453	0062.151	0005.047	30.160905	-89.045724
07/10/2022 16:52:36.000	5.188	0004.905	0025.197	0098.135	0002.470	0048.434	0005.688	0008.453	0062.151	0004.890	30.160904	-89.045725
07/10/2022 16:52:36.000	4.250	0004.774	0025.194	0098.140	0002.683	0048.434	0006.563	0008.453	0062.151	0004.759	30.160904	-89.045725
07/10/2022 16:52:37.000	4.188	0004.740	0025.195	0098.130	0002.820	0048.436	0006.162	0008.453	0062.154	0004.725	30.160904	-89.045725
07/10/2022 16:52:37.000	4.625	0004.847	0025.197	0098.135	0002.834	0048.434	0005.475	0008.453	0062.151	0004.832	30.160905	-89.045724
07/10/2022 16:52:37.000	4.563	0004.972	0025.198	0097.945	0002.732	0048.436	0004.950	0008.454	0062.154	0004.956	30.160906	-89.045724
07/10/2022 16:52:37.000	4.313	0005.086	0025.197	0097.945	0002.532	0048.436	0004.800	0008.453	0062.154	0005.070	30.160906	-89.045725
07/10/2022 16:52:38.000	4.438	0005.134	0025.197	0097.940	0002.402	0048.436	0007.250	0008.454	0062.154	0005.118	30.160907	-89.045727
07/10/2022 16:52:38.000	4.688	0005.097	0025.197	0097.935	0002.366	0048.436	0006.550	0008.454	0062.154	0005.081	30.160906	-89.045730
07/10/2022 16:52:38.000	4.563	0005.031	0025.195	0097.670	0002.390	0048.438	0005.275	0008.453	0062.157	0005.015	30.160906	-89.045731
07/10/2022 16:52:38.000	4.938	0005.021	0025.196	0097.655	0002.453	0048.438	0008.313	0008.454	0062.157	0005.005	30.160905	-89.045731
07/10/2022 16:52:39.000	4.563	0005.184	0025.199	0097.670	0002.394	0048.438	0007.675	0008.453	0062.157	0005.168	30.160905	-89.045730
07/10/2022 16:52:39.000	4.563	0005.408	0025.196	0097.665	0002.219	0048.440	0007.375	0008.453	0062.159	0005.391	30.160904	-89.045727
07/10/2022 16:52:39.000	4.375	0005.620	0025.198	0097.665	0001.974	0048.436	0005.300	0008.455	0062.154	0005.602	30.160904	-89.045727
07/10/2022 16:52:39.000	4.563	0005.744	0025.195	0097.595	0001.792	0048.436	0004.088	0008.454	0062.154	0005.726	30.160904	-89.045727
07/10/2022 16:52:40.000	4.563	0005.739	0025.194	0097.595	0001.679	0048.436	0004.000	0008.453	0062.154	0005.721	30.160904	-89.045728
07/10/2022 16:52:40.000	4.563	0005.505	0025.196	0097.595	0001.782	0048.438	0005.050	0008.454	0062.157	0005.488	30.160905	-89.045733
07/10/2022 16:52:40.000	4.563	0005.132	0025.199	0097.595	0002.073	0048.438	0005.325	0008.454	0062.157	0005.116	30.160905	-89.045735
07/10/2022 16:52:40.000	4.313	0004.872	0025.198	0097.590	0002.457	0048.434	0005.075	0008.454	0062.151	0004.857	30.160905	-89.045737
07/10/2022 16:52:41.000	4.250	0004.757	0025.196	0097.550	0002.769	0048.436	0004.912	0008.453	0062.154	0004.742	30.160905	-89.045738
07/10/2022 16:52:41.000	4.875	0004.736	0025.196	0097.545	0002.901	0048.440	0005.563	0008.454	0062.160	0004.721	30.160906	-89.045737
07/10/2022 16:52:41.000	4.438	0004.860	0025.197	0097.545	0002.938	0048.440	0004.800	0008.453	0062.159	0004.845	30.160906	-89.045736
07/10/2022 16:52:41.000	4.313	0005.094	0025.198	0097.555	0003.013	0048.436	0005.338	0008.454	0062.154	0005.078	30.160906	-89.045736
07/10/2022 16:52:42.000	4.438	0005.404	0025.197	0097.585	0002.726	0048.440	0005.125	0008.453	0062.159	0005.387	30.160905	-89.045736
07/10/2022 16:52:42.000	4.563	0005.706	0025.201	0097.585	0002.304	0048.436	0005.113	0008.457	0062.154	0005.688	30.160903	-89.045739
07/10/2022 16:52:42.000	4.875	0005.876	0025.198	0097.585	0001.645	0048.434	0004.825	0008.453	0062.151	0005.858	30.160902	-89.045740
07/10/2022 16:52:42.000	4.875	0005.769	0025.196	0097.580	0001.654	0048.434	0004.988	0008.453	0062.151	0005.751	30.160902	-89.045741
07/10/2022 16:52:43.000	4.625	0005.673	0025.195	0097.585	0001.772	0048.404	0005.213	0008.453	0062.107	0005.655	30.160902	-89.045741
07/10/2022 16:52:43.000	4.438	0005.639	0025.193	0097.540	0001.843	0048.434	0005.550	0008.452	0062.151	0005.621	30.160903	-89.045740
07/10/2022 16:52:43.000	4.500	0005.646	0025.193	0097.535	0001.858	0048.432	0005.638	0008.451	0062.148	0005.628	30.160904	-89.045740
07/10/2022 16:52:43.000	4.250	0005.674	0025.193	0097.530	0001.849	0048.432	0005.475	0008.451	0062.148	0005.656	30.160904	-89.045740
07/10/2022 16:52:44.000	4.438	0005.678	0025.194	0097.530	0001.835	0048.434	0005.375	0008.450	0062.151	0005.660	30.160905	-89.045741
07/10/2022 16:52:44.000	4.563	0005.598	0025.194	0097.525	0001.897	0048.432	0005.375	0008.450	0062.148	0005.581	30.160905	-89.045744
07/10/2022 16:52:44.000	4.563	0005.479	0025.191	0097.260	0001.988	0048.432	0004.988	0008.451	0062.148	0005.462	30.160905	-89.045746
07/10/2022 16:52:44.000	4.375	0005.394	0025.193	0097.255	0002.133	0048.432	0007.037	0008.451	0062.148	0005.377	30.160905	-89.045747
07/10/2022 16:52:45.000	4.625	0005.392	0025.192	0097.250	0002.232	0048.432	0007.075	0008.451	0062.148	0005.375	30.160904	-89.045748
07/10/2022 16:52:45.000	4.375	0005.545	0025.193	0097.255	0002.151	0048.434	0008.363	0008.451	0062.151	0005.528	30.160903	-89.045748
07/10/2022 16:52:45.000	4.250	0005.754	0025.193	0097.080	0001.984	0048.430	0006.138	0008.450	0062.145	0005.736	30.160903	-89.045748
07/10/2022 16:52:45.000	4.188	0005.965	0025.192	0097.075	0001.715	0048.430	0004.713	0008.453	0062.145	0005.946	30.160903	-89.045748
07/10/2022 16:52:46.000	4.313	0006.118	0025.190	0097.080	0001.479	0048.434	0004.688	0008.451	0062.151	0006.099	30.160902	-89.045748
07/10/2022 16:52:46.000	4.750	0006.177	0025.190	0097.075	0001.331	0048.432	0004.787	0008.451	0062.148	0006.158	30.160902	-89.045749
07/10/2022 16:52:46.000	4.688	0006.156	0025.190	0097.080	0001.298	0048.432	0004.662	0008.451	0062.148	0006.137	30.160902	-89.045750
07/10/2022 16:52:46.000	4.500	0006.071	0025.190	0096.935	0001.353	0048.432	0005.363	0008.451	0062.148	0006.052	30.160902	-89.045751
07/10/2022 16:52:47.000	4.188	0005.980	0025.191	0096.930	0001.475	0048.430	0004.600	0008.450	0062.145	0005.961	30.160902	-89.045751
07/10/2022 16:52:47.000	4.625	0005.921	0025.192	0096.935	0001.574	0048.432	0004.888	0008.450	0062.148	0005.903	30.160903	-89.045752
07/10/2022 16:52:47.000	4.313	0005.854	0025.193	0096.930	0001.658	0048.430	0005.713	0008.451	0062.145	0005.836	30.160903	-89.045752
07/10/2022 16:52:47.000	4.250	0005.831	0025.191	0096.935	0001.674	0048.430	0004.700	0008.450	0062.145	0005.813	30.160904	-89.045753
07/10/2022 16:52:48.000	7.063	0005.791	0025.192	0096.850	0001.712	0048.430	0011.300	0008.451	0062.145	0005.773	30.160904	-89.045754
07/10/2022 16:52:48.000	5.063	0005.740	0025.190	0096.850	0001.760	0048.428	0006.775	0008.451	0062.142	0005.722	30.160904	-89.045756
07/10/2022 16:52:48.000	5.000	0005.675	0025.191	0096.840	0001.821	0048.428	0004.875	0008.451	0062.142	0005.657	30.160903	-89.045757
07/10/2022 16:52:48.000	4.250	0005.729	0025.192	0096.845	0001.844	0048.428	0005.175	0008.451	0062.142	0005.711	30.160903	-89.045758
07/10/2022 16:52:49.000	5.125	0005.861	0025.192	0096.770	0001.778	0048.428	0007.475	0008.451	0062.142	0005.843	30.160902	-89.045758
07/10/2022 16:52:49.000	4.875	0006.086	0025.191	0096.755	0001.587	0048.428	0006.287	0008.450	0062.142	0006.067	30.160901	-89.045757
07/10/2022 16:52:49.000	4.313	0006.291	0025.189	0096.760	0001.415	0048.428	0005.213	0008.450	0062.142	0006.271	30.160900	-89.045757
07/10/2022 16:52:49.000	4.688	0006.396	0025.190	0096.760	0001.146	0048.426	0006.900	0008.448	0062.139	0006.376	30.160900	-89.045758
07/10/2022 16:52:50.000	4.625	0006.402	0025.187	0096.765	0001.043	0048.426	0005.675	0008.448	0062.139	0006.382	30.160900	-89.045759
07/10/2022 16:52:50.000	4.563	0006.240	0025.187	0096.650	0001.095	0048.424	0004.825	0008.448	0062.136	0006.221	30.160902	-89.045762
07/10/2022 16:52:50.000	4.563	0006.014	0025.187	0096.645	0001.268	0048.424	0005.588	0008.448	0062.136	0005.995	30.160903	-89.045763
07/10/2022 16:52:50.000	4.438	0005.825	0025.187	0096.645	0001.517	0048.428	0006.000	0008.448	0062.142	0005.807	30.160904	-89.045765
07/10/2022 16:52:51.000	4.438	0005.706	0025.187	0096.645	0001.742	0048.428	0005.150	0008.448	0062.142	0005.688	30.160904	-89.045766
07/10/2022 16:52:51.000	4.438	0005.712	0025.188	0096.645	0001.879	0048.428	0005.688	0008.450	0062.142	0005.694	30.160904	-89.045766
07/10/2022 16:52:51.000	4.625	0005.815	0025.189	0096.315	0001.832	0048.428	0005.475	0008.450	0062.142	0005.797	30.160902	-89.045766
07/10/2022 16:52:51.000	4.563	0006.044	0025.190	0096.315	0001.698	0048.428	0005.650	0008.450	0062.142	0006.025	30.160901	-89.045766
07/10/2022 16:52:52.000	4.750	0006.156	0025.189	0096.315	0001.453	0048.426	0005.037	0008.450	0062.139	0006.137	30.160900	-89.045766
07/10/2022 16:52:52.000	4.688	0006.224	0025.189	0096.315	0001.314	0048.426	0004.600	0008.448	0062.139	0006.205	30.160899	-89.045768
07/10/2022 16:52:52.000	4.375	0006.183	0025.186	0096.330	0001.283	0048.426	0007.550	0008.448	0062.139	0006.164	30.160899	-89.045770
07/10/2022 16:52:52.000	4.500	0006.076	0025.187	0096.335	0001.348	0048.428	0005.825	0008.448	0062.142	0006.057	30.160900	-89.045771
07/10/2022 16:52:53.000	4.250	0005.968	0025.187	0096.325	0001.474	0048.428	0004.950	0008.448	0062.142	0005.949	30.160901	-89.045773
07/10/2022 16:52:53.000	4.375	0006.003	0025.186	0096.325	0001.551	0048.426	0005.838	0008.448	0062.139	0005.984	30.160903	-89.045774
07/10/2022 16:52:53.000	4.250	0006.069	0025.187	0096.330	0001.505	0048.430	0005.200	0008.448	0062.145	0006.050	30.160903	-89.045774
07/10/2022 16:52:53.000	4.375	0006.156	0025.187	0096.290	0001.408	0048.426	0005.625	0008.448	0062.139	0006.137	30.160902	-89.045774
07/10/2022 16:52:54.000	4.750	0006.218	0025.187	0096.285	0001.344	0048.426	0005.450	0008.448	0062.139	0006.199	30.160901	-89.045774
07/10/2022 16:52:54.000	4.250	0006.228	0025.189	0096.285	0001.327	0048.426	0005.300	0008.448	0062.139	0006.209	30.160900	-89.045776
07/10/2022 16:52:54.000	4.438	0006.137	0025.187	0096.290	0001.322	0048.426	0005.400	0008.448	0062.139	0006.118	30.160900	-89.045777
07/10/2022 16:52:54.000	4.250	0006.037	0025.187	0096.290	0001.412	0048.426	0005.925	0008.448	0062.139	0006.018	30.160900	-89.045778
07/10/2022 16:52:55.000	4.063	0005.927	0025.187	0096.255	0001.505	0048.424	0007.763	0008.447	0062.136	0005.909	30.160899	-89.045779
07/10/2022 16:52:55.000	4.438	0005.906	0025.185	0096.250	0001.600	0048.428	0006.363	0008.448	0062.142	0005.888	30.160899	-89.045781
07/10/2022 16:52:55.000	4.625	0005.939	0025.187	0096.250	0001.631	0048.426	0005.588	0008.448	0062.139	0005.920	30.160899	-89.045781
07/10/2022 16:52:55.000	5.563	0006.054	0025.187	0096.250	0001.574	0048.426	0005.338	0008.448	0062.139	0006.035	30.160899	-89.045782
07/10/2022 16:52:56.000	4.438	0006.137	0025.187	0096.165	0001.448	0048.424	0005.438	0008.447	0062.136	0006.118	30.160900	-89.045782
07/10/2022 16:52:56.000	4.313	0006.231	0025.187	0096.155	0001.352	0048.426	0004.650	0008.448	0062.139	0006.212	30.160900	-89.045785
07/10/2022 16:52:56.000	4.688	0006.275	0025.188	0096.160	0001.242	0048.426	0004.613	0008.447	0062.139	0006.255	30.160901	-89.045786
07/10/2022 16:52:56.000	4.625	0006.260	0025.186	0096.155	0001.228	0048.428	0004.588	0008.448	0062.142	0006.240	30.160901	-89.045787
07/10/2022 16:52:57.000	4.250	0006.229	0025.186	0096.155	0001.270	0048.428	0004.500	0008.448	0062.142	0006.210	30.160901	-89.045787
07/10/2022 16:52:57.000	4.313	0006.208	0025.186	0096.005	0001.310	0048.428	0006.175	0008.449	0062.142	0006.189	30.160900	-89.045788
07/10/2022 16:52:57.000	4.063	0006.193	0025.185	0096.005	0001.331	0048.430	0007.813	0008.448	0062.145	0006.174	30.160900	-89.045788
07/10/2022 16:52:57.000	4.438	0006.193	0025.186	0096.005	0001.316	0048.436	0007.000	0008.449	0062.154	0006.174	30.160899	-89.045789
07/10/2022 16:52:58.000	4.313	0006.163	0025.189	0096.000	0001.337	0048.434	0007.025	0008.448	0062.151	0006.144	30.160899	-89.045790
07/10/2022 16:52:58.000	4.375	0006.109	0025.191	0096.005	0001.338	0048.434	0005.713	0008.450	0062.151	0006.090	30.160898	-89.045792
07/10/2022 16:52:58.000	4.125	0006.037	0025.190	0096.000	0001.436	0048.436	0004.613	0008.451	0062.154	0006.018	30.160898	-89.045793
07/10/2022 16:52:58.000	4.625	0005.999	0025.193	0095.995	0001.521	0048.436	0005.313	0008.451	0062.154	0005.980	30.160898	-89.045794
07/10/2022 16:52:59.000	4.688	0006.030	0025.194	0096.000	0001.550	0048.434	0005.287	0008.453	0062.151	0006.011	30.160898	-89.045794
07/10/2022 16:52:59.000	4.438	0006.195	0025.196	0096.000	0001.487	0048.428	0006.300	0008.452	0062.142	0006.176	30.160899	-89.045795
07/10/2022 16:52:59.000	4.375	0006.324	0025.194	0096.355	0001.307	0048.428	0004.938	0008.451	0062.142	0006.304	30.160899	-89.045795
07/10/2022 16:52:59.000	5.000	0006.420	0025.194	0096.355	0001.124	0048.426	0006.325	0008.451	0062.139	0006.400	30.160900	-89.045796
07/10/2022 16:53:00.000	4.625	0006.455	0025.191	0096.350	0001.055	0048.428	0004.613	0008.450	0062.142	0006.435	30.160900	-89.045797
07/10/2022 16:53:00.000	4.750	0006.366	0025.190	0096.355	0001.065	0048.430	0004.763	0008.450	0062.145	0006.346	30.160899	-89.045800
07/10/2022 16:53:00.000	4.625	0006.229	0025.189	0096.360	0001.161	0048.428	0005.175	0008.450	0062.142	0006.210	30.160899	-89.045801
07/10/2022 16:53:00.000	4.563	0006.159	0025.189	0096.430	0001.300	0048.428	0005.300	0008.449	0062.142	0006.140	30.160899	-89.045801
07/10/2022 16:53:01.000	4.125	0006.156	0025.189	0096.425	0001.371	0048.428	0004.963	0008.449	0062.142	0006.137	30.160899	-89.045801
07/10/2022 16:53:01.000	5.250	0006.177	0025.189	0096.425	0001.378	0048.428	0005.488	0008.450	0062.142	0006.158	30.160898	-89.045801
07/10/2022 16:53:01.000	4.563	0006.209	0025.189	0096.425	0001.329	0048.428	0005.550	0008.449	0062.142	0006.190	30.160898	-89.045802
07/10/2022 16:53:01.000	4.563	0006.235	0025.189	0096.420	0001.278	0048.428	0005.287	0008.450	0062.142	0006.216	30.160897	-89.045802
07/10/2022 16:53:02.000	4.438	0006.230	0025.189	0096.405	0001.290	0048.420	0004.738	0008.449	0062.130	0006.211	30.160897	-89.045803
07/10/2022 16:53:02.000	4.875	0006.224	0025.189	0096.410	0001.301	0048.426	0005.775	0008.449	0062.139	0006.205	30.160897	-89.045805
07/10/2022 16:53:02.000	4.500	0006.258	0025.187	0096.410	0001.266	0048.424	0005.150	0008.448	0062.136	0006.238	30.160898	-89.045806
07/10/2022 16:53:02.000	5.563	0006.306	0025.189	0096.410	0001.230	0048.426	0004.888	0008.449	0062.139	0006.286	30.160899	-89.045806
07/10/2022 16:53:03.000	4.438	0006.367	0025.186	0096.320	0001.169	0048.424	0004.688	0008.449	0062.136	0006.347	30.160899	-89.045807
07/10/2022 16:53:03.000	4.438	0006.410	0025.186	0096.330	0001.113	0048.428	0005.713	0008.450	0062.142	0006.390	30.160900	-89.045808
07/10/2022 16:53:03.000	4.563	0006.412	0025.188	0096.325	0001.081	0048.428	0005.688	0008.449	0062.142	0006.392	30.160899	-89.045809
07/10/2022 16:53:03.000	4.313	0006.371	0025.185	0096.325	0001.088	0048.424	0004.800	0008.449	0062.136	0006.351	30.160898	-89.045809
07/10/2022 16:53:04.000	4.625	0006.318	0025.187	0096.325	0001.110	0048.424	0006.200	0008.448	0062.136	0006.298	30.160898	-89.045810
07/10/2022 16:53:04.000	4.313	0006.264	0025.187	0096.390	0001.190	0048.422	0007.925	0008.448	0062.133	0006.244	30.160897	-89.045811
07/10/2022 16:53:04.000	4.500	0006.206	0025.185	0096.390	0001.253	0048.424	0007.363	0008.448	0062.136	0006.187	30.160897	-89.045812
07/10/2022 16:53:04.000	4.625	0006.238	0025.186	0096.390	0001.308	0048.422	0006.938	0008.448	0062.133	0006.219	30.160897	-89.045812
07/10/2022 16:53:05.000	4.500	0006.316	0025.187	0096.390	0001.256	0048.424	0006.825	0008.448	0062.136	0006.296	30.160897	-89.045812
07/10/2022 16:53:05.000	4.313	0006.412	0025.183	0096.390	0001.179	0048.426	0006.063	0008.448	0062.139	0006.392	30.160897	-89.045813
07/10/2022 16:53:05.000	4.313	0006.471	0025.186	0096.265	0001.056	0048.428	0005.550	0008.449	0062.142	0006.451	30.160897	-89.045814
07/10/2022 16:53:05.000	4.438	0006.480	0025.186	0096.260	0001.004	0048.428	0004.763	0008.448	0062.142	0006.460	30.160897	-89.045815
07/10/2022 16:53:06.000	4.500	0006.411	0025.188	0096.260	0001.038	0048.424	0006.388	0008.448	0062.136	0006.391	30.160897	-89.045817
07/10/2022 16:53:06.000	4.375	0006.382	0025.187	0096.260	0001.101	0048.430	0004.838	0008.448	0062.145	0006.362	30.160898	-89.045818
07/10/2022 16:53:06.000	4.938	0006.430	0025.188	0096.195	0001.108	0048.428	0006.050	0008.450	0062.142	0006.410	30.160899	-89.045818
07/10/2022 16:53:06.000	4.313	0006.523	0025.187	0096.195	0001.052	0048.428	0006.063	0008.450	0062.142	0006.503	30.160899	-89.045818
07/10/2022 16:53:07.000	4.375	0006.587	0025.189	0096.190	0000.956	0048.428	0005.425	0008.450	0062.142	0006.566	30.160898	-89.045819
07/10/2022 16:53:07.000	4.438	0006.599	0025.188	0096.195	0000.884	0048.426	0004.638	0008.450	0062.139	0006.578	30.160897	-89.045820
07/10/2022 16:53:07.000	4.500	0006.504	0025.188	0096.195	0000.916	0048.426	0005.113	0008.448	0062.139	0006.484	30.160897	-89.045821
07/10/2022 16:53:07.000	4.313	0006.392	0025.187	0096.235	0001.032	0048.424	0006.750	0008.450	0062.136	0006.372	30.160896	-89.045822
07/10/2022 16:53:08.000	4.625	0006.310	0025.189	0096.235	0001.134	0048.422	0006.963	0008.448	0062.133	0006.290	30.160896	-89.045823
07/10/2022 16:53:08.000	4.563	0006.294	0025.188	0096.225	0001.218	0048.422	0004.488	0008.449	0062.133	0006.274	30.160896	-89.045823
07/10/2022 16:53:08.000	4.125	0006.264	0025.187	0096.230	0001.273	0048.424	0005.075	0008.448	0062.136	0006.244	30.160897	-89.045824
07/10/2022 16:53:08.000	4.563	0006.288	0025.188	0096.220	0001.256	0048.426	0005.638	0008.448	0062.139	0006.268	30.160897	-89.045824
07/10/2022 16:53:09.000	4.313	0006.288	0025.187	0096.210	0001.201	0048.424	0004.550	0008.448	0062.136	0006.268	30.160897	-89.045825
07/10/2022 16:53:09.000	4.750	0006.213	0025.187	0096.200	0001.220	0048.424	0005.450	0008.449	0062.136	0006.194	30.160897	-89.045827
07/10/2022 16:53:09.000	4.563	0006.078	0025.186	0096.210	0001.310	0048.424	0006.000	0008.448	0062.136	0006.059	30.160897	-89.045828
07/10/2022 16:53:09.000	4.500	0005.899	0025.187	0096.215	0001.477	0048.424	0005.838	0008.448	0062.136	0005.881	30.160898	-89.045829
07/10/2022 16:53:10.000	4.750	0005.730	0025.186	0096.160	0001.645	0048.422	0005.113	0008.447	0062.133	0005.712	30.160898	-89.045830
07/10/2022 16:53:10.000	4.313	0005.591	0025.185	0096.180	0001.790	0048.422	0007.763	0008.448	0062.133	0005.574	30.160897	-89.045831
07/10/2022 16:53:10.000	4.625	0005.483	0025.185	0096.175	0001.924	0048.424	0006.125	0008.448	0062.136	0005.466	30.160897	-89.045831
07/10/2022 16:53:10.000	4.438	0005.405	0025.186	0096.170	0002.015	0048.426	0006.600	0008.447	0062.139	0005.388	30.160896	-89.045832
07/10/2022 16:53:11.000	4.875	0005.348	0025.188	0096.170	0002.092	0048.424	0006.162	0008.449	0062.136	0005.331	30.160896	-89.045832
07/10/2022 16:53:11.000	4.563	0005.309	0025.188	0096.125	0002.155	0048.428	0006.238	0008.448	0062.142	0005.292	30.160896	-89.045832
07/10/2022 16:53:11.000	4.688	0005.274	0025.189	0096.125	0002.192	0048.428	0006.375	0008.450	0062.142	0005.258	30.160897	-89.045833
07/10/2022 16:53:11.000	4.125	0005.219	0025.189	0096.125	0002.235	0048.428	0004.338	0008.450	0062.142	0005.203	30.160897	-89.045834
07/10/2022 16:53:12.000	4.750	0005.125	0025.190	0096.120	0002.270	0048.434	0004.412	0008.451	0062.151	0005.109	30.160897	-89.045835
07/10/2022 16:53:12.000	4.250	0004.961	0025.192	0096.125	0002.418	0048.434	0006.150	0008.451	0062.151	0004.946	30.160896	-89.045837
07/10/2022 16:53:12.000	4.438	0004.783	0025.190	0096.245	0002.594	0048.438	0006.188	0008.452	0062.157	0004.768	30.160896	-89.045838
07/10/2022 16:53:12.000	4.250	0004.681	0025.191	0096.245	0002.742	0048.400	0004.725	0008.453	0062.101	0004.666	30.160896	-89.045838
07/10/2022 16:53:13.000	4.125	0004.589	0025.196	0096.245	0002.865	0048.442	0006.300	0008.453	0062.162	0004.575	30.160897	-89.045838
07/10/2022 16:53:13.000	4.188	0004.540	0025.197	0096.235	0002.954	0048.440	0005.700	0008.454	0062.160	0004.526	30.160897	-89.045839
07/10/2022 16:53:13.000	4.563	0004.486	0025.197	0096.495	0002.980	0048.440	0007.088	0008.454	0062.160	0004.472	30.160897	-89.045839
07/10/2022 16:53:13.000	4.313	0004.418	0025.199	0096.490	0002.991	0048.444	0007.263	0008.456	0062.165	0004.404	30.160896	-89.045840
07/10/2022 16:53:14.000	4.625	0004.316	0025.202	0096.490	0003.065	0048.442	0006.750	0008.455	0062.162	0004.303	30.160896	-89.045841
07/10/2022 16:53:14.000	4.063	0004.178	0025.202	0096.490	0003.177	0048.444	0005.563	0008.456	0062.165	0004.165	30.160896	-89.045843
07/10/2022 16:53:14.000	4.125	0004.041	0025.202	0096.480	0003.333	0048.446	0004.838	0008.455	0062.168	0004.028	30.160896	-89.045843
07/10/2022 16:53:14.000	4.188	0003.948	0025.203	0096.885	0003.447	0048.450	0004.250	0008.457	0062.174	0003.936	30.160896	-89.045843
07/10/2022 16:53:15.000	4.500	0003.885	0025.204	0096.890	0003.561	0048.450	0005.037	0008.457	0062.174	0003.873	30.160896	-89.045843
07/10/2022 16:53:15.000	4.313	0003.826	0025.208	0096.895	0003.599	0048.454	0008.262	0008.457	0062.180	0003.814	30.160896	-89.045844
07/10/2022 16:53:15.000	4.250	0003.735	0025.207	0096.890	0003.648	0048.448	0004.963	0008.457	0062.171	0003.723	30.160896	-89.045845
07/10/2022 16:53:15.000	4.438	0003.619	0025.209	0096.860	0003.733	0048.448	0006.988	0008.457	0062.171	0003.608	30.160896	-89.045846
07/10/2022 16:53:16.000	4.313	0003.473	0025.208	0097.200	0003.866	0048.450	0007.625	0008.457	0062.174	0003.462	30.160896	-89.045847
07/10/2022 16:53:16.000	4.125	0003.339	0025.212	0097.200	0004.023	0048.450	0005.513	0008.459	0062.174	0003.329	30.160896	-89.045848
07/10/2022 16:53:16.000	4.625	0003.235	0025.211	0097.205	0004.166	0048.454	0005.025	0008.459	0062.180	0003.225	30.160896	-89.045848
07/10/2022 16:53:16.000	3.938	0003.179	0025.213	0097.205	0004.242	0048.456	0004.050	0008.459	0062.183	0003.169	30.160896	-89.045849
07/10/2022 16:53:17.000	4.188	0003.145	0025.215	0097.585	0004.275	0048.460	0004.050	0008.460	0062.189	0003.135	30.160896	-89.045849
07/10/2022 16:53:17.000	4.313	0003.095	0025.218	0097.580	0004.306	0048.464	0004.938	0008.460	0062.195	0003.085	30.160896	-89.045850
07/10/2022 16:53:17.000	4.125	0003.004	0025.221	0097.585	0004.374	0048.462	0004.300	0008.460	0062.192	0002.995	30.160896	-89.045850
07/10/2022 16:53:17.000	4.063	0002.867	0025.226	0097.580	0004.457	0048.462	0003.750	0008.460	0062.192	0002.858	30.160896	-89.045851
07/10/2022 16:53:18.000	4.188	0002.683	0025.227	0097.580	0004.607	0048.460	0003.813	0008.460	0062.189	0002.675	30.160895	-89.045852
07/10/2022 16:53:18.000	4.063	0002.500	0025.228	0098.055	0004.805	0048.462	0003.700	0008.460	0062.192	0002.492	30.160895	-89.045853
07/10/2022 16:53:18.000	4.313	0002.400	0025.232	0098.060	0004.969	0048.474	0003.487	0008.461	0062.210	0002.393	30.160895	-89.045853
07/10/2022 16:53:18.000	4.250	0002.393	0025.233	0098.055	0005.084	0048.486	0004.912	0008.463	0062.227	0002.386	30.160895	-89.045853
07/10/2022 16:53:19.000	4.000	0002.380	0025.237	0098.050	0005.089	0048.482	0003.888	0008.464	0062.221	0002.373	30.160896	-89.045853
07/10/2022 16:53:19.000	4.063	0002.374	0025.244	0098.055	0005.047	0048.472	0003.375	0008.463	0062.207	0002.367	30.160896	-89.045855
07/10/2022 16:53:19.000	4.313	0002.291	0025.249	0098.590	0005.056	0048.466	0003.913	0008.463	0062.198	0002.284	30.160896	-89.045856
07/10/2022 16:53:19.000	3.875	0002.136	0025.252	0098.585	0005.169	0048.444	0003.225	0008.463	0062.165	0002.129	30.160896	-89.045857
07/10/2022 16:53:20.000	3.938	0001.931	0025.253	0098.590	0005.343	0048.332	0003.663	0008.464	0062.001	0001.925	30.160895	-89.045857
07/10/2022 16:53:20.000	3.938	0001.796	0025.252	0098.590	0005.573	0047.556	0003.213	0008.464	0060.862	0001.790	30.160895	-89.045858
07/10/2022 16:53:20.000	3.563	0001.695	0025.244	0099.080	0005.715	0047.242	0002.675	0008.465	0060.403	0001.690	30.160895	-89.045858
07/10/2022 16:53:20.000	4.313	0001.637	0025.230	0099.080	0005.789	0046.860	0002.138	0008.463	0059.845	0001.632	30.160895	-89.045858
07/10/2022 16:53:21.000	3.875	0001.584	0025.192	0099.075	0005.812	0046.820	0001.950	0008.457	0059.786	0001.579	30.160895	-89.045858
07/10/2022 16:53:21.000	3.563	0001.521	0025.154	0099.075	0005.822	0046.698	0001.638	0008.453	0059.609	0001.516	30.160895	-89.045859
07/10/2022 16:53:21.000	3.625	0001.418	0025.128	0099.080	0005.884	0046.650	0001.400	0008.448	0059.539	0001.414	30.160895	-89.045860
07/10/2022 16:53:21.000	3.625	0001.327	0025.117	0099.080	0006.016	0046.670	0001.538	0008.447	0059.568	0001.323	30.160895	-89.045861
07/10/2022 16:53:22.000	3.563	0001.226	0025.106	0099.080	0006.084	0046.578	0001.975	0008.446	0059.434	0001.222	30.160895	-89.045861
07/10/2022 16:53:22.000	3.625	0001.142	0025.094	0099.080	0006.227	0046.542	0001.713	0008.442	0059.381	0001.138	30.160895	-89.045862
07/10/2022 16:53:22.000	3.750	0001.051	0025.087	0099.080	0006.326	0046.524	0001.600	0008.444	0059.355	0001.048	30.160895	-89.045863
07/10/2022 16:53:22.000	3.750	0000.965	0025.082	0099.045	0006.442	0046.352	0001.513	0008.441	0059.105	0000.962	30.160895	-89.045863
07/10/2022 16:53:23.000	3.688	0000.893	0025.076	0098.230	0006.509	0045.494	0001.500	0008.443	0057.859	0000.890	30.160895	-89.045864
07/10/2022 16:53:23.000	3.625	0000.849	0025.044	0098.235	0006.544	0044.468	0001.337	0008.445	0056.377	0000.846	30.160895	-89.045865
07/10/2022 16:53:23.000	3.750	0000.847	0025.010	0098.225	0006.582	0044.486	0001.563	0008.443	0056.403	0000.844	30.160895	-89.045865
07/10/2022 16:53:23.000	3.625	0000.885	0024.976	0098.235	0006.565	0044.476	0001.488	0008.440	0056.388	0000.882	30.160895	-89.045865
07/10/2022 16:53:24.000	3.563	0000.918	0024.949	0097.195	0006.481	0044.478	0001.188	0008.438	0056.391	0000.915	30.160895	-89.045865
07/10/2022 16:53:24.000	3.438	0000.927	0024.943	0097.180	0006.463	0044.284	0001.125	0008.438	0056.112	0000.924	30.160895	-89.045867
07/10/2022 16:53:24.000	3.625	0000.886	0024.932	0097.185	0006.502	0044.034	0001.175	0008.437	0055.752	0000.883	30.160895	-89.045867
07/10/2022 16:53:24.000	3.625	0000.798	0024.920	0097.175	0006.563	0043.952	0001.288	0008.434	0055.634	0000.796	30.160895	-89.045868
07/10/2022 16:53:25.000	4.063	0000.701	0024.907	0097.180	0006.645	0043.880	0001.138	0008.434	0055.531	0000.699	30.160895	-89.045869
07/10/2022 16:53:25.000	3.500	0000.628	0024.892	0096.520	0006.730	0043.926	0001.388	0008.434	0055.597	0000.626	30.160894	-89.045870
07/10/2022 16:53:25.000	3.813	0000.591	0024.886	0096.515	0006.792	0043.572	0001.600	0008.433	0055.089	0000.589	30.160894	-89.045870
07/10/2022 16:53:25.000	3.500	0000.615	0024.872	0096.510	0006.818	0043.398	0001.400	0008.432	0054.839	0000.613	30.160895	-89.045870
07/10/2022 16:53:26.000	3.563	0000.683	0024.864	0096.510	0006.739	0043.392	0001.375	0008.432	0054.831	0000.681	30.160895	-89.045870
07/10/2022 16:53:26.000	3.500	0000.726	0024.861	0096.515	0006.667	0043.396	0001.250	0008.430	0054.836	0000.724	30.160895	-89.045870
07/10/2022 16:53:26.000	3.625	0000.739	0024.852	0095.470	0006.614	0043.294	0001.212	0008.431	0054.690	0000.737	30.160895	-89.045871
07/10/2022 16:53:26.000	3.438	0000.667	0024.850	0095.470	0006.675	0043.254	0001.200	0008.430	0054.633	0000.665	30.160895	-89.045872
07/10/2022 16:53:27.000	3.625	0000.534	0024.853	0095.465	0006.765	0043.238	0001.363	0008.428	0054.610	0000.532	30.160894	-89.045874
07/10/2022 16:53:27.000	3.875	0000.405	0024.856	0095.465	0006.933	0043.254	0001.350	0008.425	0054.633	0000.404	30.160894	-89.045875
07/10/2022 16:53:27.000	3.375	0000.350	0024.857	0094.745	0007.075	0043.512	0001.288	0008.422	0055.003	0000.349	30.160894	-89.045875
07/10/2022 16:53:27.000	4.000	0000.409	0024.854	0094.745	0007.107	0043.296	0001.337	0008.421	0054.693	0000.408	30.160895	-89.045875
07/10/2022 16:53:28.000	3.500	0000.480	0024.850	0094.740	0007.099	0043.130	0001.313	0008.424	0054.455	0000.479	30.160895	-89.045875
07/10/2022 16:53:28.000	3.813	0000.528	0024.844	0094.745	0006.954	0042.784	0001.300	0008.423	0053.961	0000.526	30.160894	-89.045875
07/10/2022 16:53:28.000	3.500	0000.535	0024.841	0094.745	0006.824	0042.482	0001.313	0008.424	0053.530	0000.533	30.160894	-89.045876
07/10/2022 16:53:28.000	3.813	0000.431	0024.832	0094.110	0006.843	0042.358	0001.350	0008.426	0053.353	0000.430	30.160894	-89.045877
07/10/2022 16:53:29.000	3.625	0000.321	0024.821	0094.110	0006.947	0042.420	0001.363	0008.421	0053.441	0000.320	30.160893	-89.045878
07/10/2022 16:53:29.000	5.313	0000.262	0024.815	0094.110	0007.089	0042.466	0001.425	0008.419	0053.507	0000.261	30.160894	-89.045880
07/10/2022 16:53:29.000	3.563	0000.241	0024.813	0094.110	0007.184	0042.492	0001.413	0008.417	0053.544	0000.240	30.160894	-89.045880
07/10/2022 16:53:29.000	3.563	0000.259	0024.811	0094.060	0007.254	0042.240	0001.325	0008.418	0053.185	0000.258	30.160894	-89.045880
07/10/2022 16:53:30.000	4.875	0000.311	0024.821	0093.800	0007.289	0042.240	0001.238	0008.420	0053.185	0000.310	30.160894	-89.045880
07/10/2022 16:53:30.000	4.125	0000.318	0024.824	0093.810	0007.151	0042.354	0001.313	0008.417	0053.347	0000.317	30.160894	-89.045881
07/10/2022 16:53:30.000	4.125	0000.276	0024.824	0093.810	0007.182	0042.356	0001.463	0008.417	0053.350	0000.275	30.160894	-89.045881
07/10/2022 16:53:30.000	12.188	0000.198	0024.820	0093.805	0007.156	0042.308	0001.313	0008.417	0053.282	0000.197	30.160893	-89.045882
07/10/2022 16:53:31.000	5.063	0000.091	0024.816	0093.435	0007.192	0042.324	0001.275	0008.419	0053.305	0000.091	30.160893	-89.045883
07/10/2022 16:53:31.000	6.250	0000.081	0024.813	0093.435	0007.237	0042.246	0001.212	0008.416	0053.193	0000.081	30.160894	-89.045884
07/10/2022 16:53:31.000	2.563	0000.133	0024.816	0093.430	0007.272	0042.252	0001.337	0008.415	0053.202	0000.133	30.160894	-89.045884
07/10/2022 16:53:31.000	3.563	0000.161	0024.821	0093.440	0007.301	0042.262	0001.350	0008.413	0053.216	0000.160	30.160894	-89.045884
07/10/2022 16:53:32.000	3.375	0000.183	0024.822	0093.430	0007.299	0042.268	0001.313	0008.414	0053.225	0000.182	30.160894	-89.045885
07/10/2022 16:53:32.000	7.938	0000.139	0024.822	0093.270	0000.280	0042.258	0001.313	0008.413	0053.211	0000.139	30.160893	-89.045886
07/10/2022 16:53:32.000	0.625	0000.023	0024.823	0093.270	0007.310	0042.168	0001.238	0008.413	0053.082	0000.023	30.160893	-89.045886
07/10/2022 16:53:32.000	5.313	-000.001	0024.825	0093.265	0007.337	0003.744	0001.313	0008.415	0003.834	-000.001	30.160893	-89.045887
07/10/2022 16:53:33.000	0.750	0000.016	0024.830	0093.265	0007.404	0003.316	0001.337	0008.461	0003.370	0000.016	30.160893	-89.045887
07/10/2022 16:53:33.000	1059.937	0000.050	0024.833	0093.205	0007.409	0036.048	0001.263	0008.439	0044.504	0000.050	30.160893	-89.045888
07/10/2022 16:53:33.000	199.438	0000.074	0024.833	0093.360	0007.394	0041.462	0001.200	0008.429	0052.079	0000.074	30.160893	-89.045889
07/10/2022 16:53:33.000	83.625	0000.087	0024.835	0093.355	0007.381	0042.178	0001.425	0008.425	0053.097	0000.087	30.160893	-89.045889
07/10/2022 16:53:34.000	31.063	0000.067	0024.837	0093.350	0007.408	0042.180	0001.363	0008.424	0053.099	0000.067	30.160893	-89.045890
07/10/2022 16:53:34.000	20.000	0000.032	0024.836	0093.360	0007.391	0042.084	0001.425	0008.422	0052.963	0000.032	30.160893	-89.045891
07/10/2022 16:53:34.000	1063.187	0000.016	0024.840	0093.050	0000.232	0006.714	0001.450	0008.421	0007.154	0000.016	30.160893	-89.045891
07/10/2022 16:53:34.000	102.125	0000.017	0024.840	0093.060	0000.209	0001.506	0001.238	0008.422	0001.463	0000.017	30.160893	-89.045892
07/10/2022 16:53:35.000	226.063	0000.018	0024.840	0093.055	0007.394	0039.512	0001.175	0008.421	0049.326	0000.018	30.160892	-89.045892
07/10/2022 16:53:35.000	39.563	0000.018	0024.840	0093.050	0000.431	0042.156	0001.200	0008.421	0053.065	0000.018	30.160892	-89.045893
07/10/2022 16:53:35.000	21.063	0000.019	0024.839	0093.050	0007.452	0041.964	0001.238	0008.419	0052.792	0000.019	30.160892	-89.045894
07/10/2022 16:53:35.000	7.313	0000.018	0024.839	0093.065	0007.425	0003.420	0001.250	0008.419	0003.483	0000.018	30.160892	-89.045894
07/10/2022 16:53:36.000	-5.000	0000.019	0024.838	0093.065	0007.421	0021.794	0001.275	0008.417	0025.540	0000.019	30.160892	-89.045894
07/10/2022 16:53:36.000	-10.875	0000.069	0024.834	0093.065	0007.352	0042.216	0001.337	0008.420	0053.151	0000.069	30.160892	-89.045895
07/10/2022 16:53:36.000	9.563	0000.101	0024.829	0093.065	0007.330	0042.220	0001.288	0008.422	0053.156	0000.101	30.160892	-89.045896
07/10/2022 16:53:36.000	3.313	0000.081	0024.826	0093.030	0007.358	0042.214	0001.275	0008.419	0053.148	0000.081	30.160892	-89.045897
07/10/2022 16:53:37.000	1.000	0000.011	0024.827	0092.965	0007.425	0023.080	0001.263	0008.421	0027.194	0000.011	30.160891	-89.045898
07/10/2022 16:53:37.000	15.938	0000.017	0024.830	0092.965	0007.482	0003.366	0001.363	0008.425	0003.424	0000.017	30.160891	-89.045899
07/10/2022 16:53:37.000	1.438	0000.020	0024.828	0092.960	0007.482	0002.176	0001.337	0008.421	0002.157	0000.020	30.160891	-89.045899
07/10/2022 16:53:37.000	0.438	0000.021	0024.828	0092.955	0007.455	0008.880	0001.313	0008.420	0009.659	0000.021	30.160892	-89.045899
07/10/2022 16:53:38.000	-13.125	0000.138	0024.827	0092.925	0007.376	0042.148	0001.425	0008.422	0053.054	0000.138	30.160892	-89.045899
07/10/2022 16:53:38.000	3.000	0000.140	0024.823	0092.940	0007.343	0042.196	0001.337	0008.420	0053.122	0000.140	30.160892	-89.045900
07/10/2022 16:53:38.000	14.625	0000.151	0024.816	0092.925	0007.255	0042.206	0001.300	0008.420	0053.136	0000.151	30.160891	-89.045901
07/10/2022 16:53:38.000	24.875	0000.053	0024.815	0092.925	0007.339	0042.182	0001.438	0008.421	0053.102	0000.053	30.160891	-89.045902
07/10/2022 16:53:39.000	149.688	0000.010	0024.818	0092.930	0007.373	0005.328	0001.488	0008.425	0005.586	0000.010	30.160890	-89.045903
07/10/2022 16:53:39.000	10.250	0000.018	0024.816	0092.915	0007.444	0002.264	0001.413	0008.431	0002.249	0000.018	30.160890	-89.045904
07/10/2022 16:53:39.000	1.063	0000.019	0024.821	0092.915	0007.546	0002.116	0001.313	0008.425	0002.094	0000.019	30.160890	-89.045904
07/10/2022 16:53:39.000	129.125	0000.019	0024.822	0092.915	0007.481	0030.056	0001.313	0008.417	0036.361	0000.019	30.160891	-89.045904
07/10/2022 16:53:40.000	37.750	0000.074	0024.820	0092.905	0007.423	0042.102	0001.337	0008.417	0052.988	0000.074	30.160891	-89.045904
07/10/2022 16:53:40.000	9.563	0000.127	0024.819	0092.910	0007.317	0041.458	0001.325	0008.419	0052.073	0000.127	30.160891	-89.045906
07/10/2022 16:53:40.000	5.688	0000.123	0024.818	0092.840	0007.297	0042.116	0001.325	0008.417	0053.008	0000.123	30.160890	-89.045907
07/10/2022 16:53:40.000	5.250	0000.046	0024.819	0092.840	0007.293	0042.012	0001.337	0008.417	0052.860	0000.046	30.160890	-89.045908
07/10/2022 16:53:41.000	9.563	0000.014	0024.820	0092.835	0007.362	0005.264	0001.337	0008.418	0005.514	0000.014	30.160890	-89.045908
07/10/2022 16:53:41.000	1.063	0000.018	0024.822	0092.840	0007.446	0002.510	0001.425	0008.417	0002.508	0000.018	30.160889	-89.045909
07/10/2022 16:53:41.000	6.938	0000.019	0024.830	0092.930	0007.485	0004.620	0001.200	0008.416	0004.797	0000.019	30.160889	-89.045909
