Date / Time	TURBIDITY;FTU	PRESSURE;DBAR	TEMPERATURE;C	DISSOLVED OXYGEN;SAT%	ALTITUDE;M	CONDUCTIVITY;MS/CM	FLUOROMETER (C);UG/L	PH;PH	Calc. SALINITY; PSU	Calc. DEPTH;M	LATITUDE;DEG	LONGITUDE;DEG
06/10/2022 13:24:39.000	1390.688	-000.003	0022.753	0088.110	0005.149	0015.988	0005.613	0008.242	0018.228	-000.003	30.387264	-88.822358
06/10/2022 13:24:40.000	1363.875	-000.003	0022.739	0088.110	0005.172	0012.328	0005.613	0008.243	0013.756	-000.003	30.387261	-88.822354
06/10/2022 13:24:40.000	1894.938	-000.002	0022.744	0087.890	0077.254	0024.860	0005.625	0008.235	0029.501	-000.002	30.387254	-88.822348
06/10/2022 13:24:40.000	1703.437	-000.001	0022.741	0087.890	0081.171	0029.572	0005.613	0008.242	0035.714	-000.001	30.387252	-88.822344
06/10/2022 13:24:40.000	1873.188	-000.006	0022.735	0087.890	0073.513	0020.084	0005.763	0008.238	0023.361	-000.006	30.387249	-88.822341
06/10/2022 13:24:41.000	1374.063	0000.038	0022.737	0087.890	0095.026	0029.850	0005.875	0008.232	0036.086	0000.038	30.387246	-88.822338
06/10/2022 13:24:41.000	803.750	0000.093	0022.734	0087.805	0005.206	0030.718	0006.275	0008.222	0037.249	0000.093	30.387240	-88.822332
06/10/2022 13:24:41.000	623.875	0000.215	0022.737	0087.810	0005.147	0030.416	0006.513	0008.214	0036.844	0000.214	30.387238	-88.822329
06/10/2022 13:24:41.000	90.000	0000.352	0022.759	0087.800	0005.019	0032.126	0006.625	0008.218	0039.146	0000.351	30.387235	-88.822326
06/10/2022 13:24:42.000	19.563	0000.386	0022.838	0087.800	0004.937	0032.926	0006.775	0008.210	0040.230	0000.385	30.387233	-88.822323
06/10/2022 13:24:42.000	13.813	0000.471	0022.914	0087.795	0004.859	0032.692	0006.912	0008.209	0039.913	0000.470	30.387228	-88.822317
06/10/2022 13:24:42.000	13.625	0000.534	0022.951	0087.790	0004.773	0033.768	0007.213	0008.195	0041.376	0000.532	30.387225	-88.822314
06/10/2022 13:24:42.000	13.375	0000.627	0023.036	0087.790	0004.801	0033.632	0007.488	0008.183	0041.191	0000.625	30.387223	-88.822311
06/10/2022 13:24:43.000	13.250	0000.692	0023.098	0087.790	0004.771	0034.454	0007.325	0008.173	0042.314	0000.690	30.387221	-88.822308
06/10/2022 13:24:43.000	13.375	0000.760	0023.177	0087.780	0004.871	0035.334	0007.350	0008.166	0043.521	0000.758	30.387217	-88.822303
06/10/2022 13:24:43.000	14.125	0000.838	0023.272	0087.790	0004.952	0036.782	0006.850	0008.150	0045.519	0000.835	30.387215	-88.822301
06/10/2022 13:24:43.000	15.313	0000.907	0023.380	0086.025	0005.120	0036.476	0007.675	0008.151	0045.095	0000.904	30.387213	-88.822298
06/10/2022 13:24:44.000	16.500	0001.004	0023.452	0086.025	0004.985	0036.496	0007.850	0008.157	0045.123	0001.001	30.387211	-88.822296
06/10/2022 13:24:44.000	16.313	0001.068	0023.500	0086.025	0004.950	0036.958	0007.738	0008.152	0045.763	0001.065	30.387207	-88.822291
06/10/2022 13:24:44.000	16.313	0001.154	0023.533	0086.020	0004.873	0037.040	0007.625	0008.149	0045.876	0001.150	30.387205	-88.822289
06/10/2022 13:24:44.000	17.000	0001.208	0023.568	0082.990	0004.905	0036.944	0007.650	0008.139	0045.743	0001.204	30.387203	-88.822286
06/10/2022 13:24:45.000	17.375	0001.297	0023.592	0082.985	0004.730	0036.952	0007.588	0008.149	0045.754	0001.293	30.387201	-88.822284
06/10/2022 13:24:45.000	17.313	0001.380	0023.607	0082.980	0004.580	0036.998	0007.350	0008.146	0045.818	0001.376	30.387197	-88.822280
06/10/2022 13:24:45.000	17.625	0001.444	0023.616	0082.980	0004.494	0036.868	0007.263	0008.147	0045.638	0001.439	30.387195	-88.822278
06/10/2022 13:24:45.000	17.375	0001.529	0023.620	0082.980	0004.256	0037.162	0007.263	0008.150	0046.046	0001.524	30.387193	-88.822276
06/10/2022 13:24:46.000	18.063	0001.607	0023.626	0080.550	0004.282	0037.162	0007.238	0008.150	0046.046	0001.602	30.387192	-88.822274
06/10/2022 13:24:46.000	18.438	0001.713	0023.638	0080.545	0004.115	0036.896	0007.375	0008.143	0045.677	0001.708	30.387188	-88.822270
06/10/2022 13:24:46.000	18.000	0001.797	0023.637	0080.550	0004.075	0037.354	0007.400	0008.140	0046.312	0001.791	30.387187	-88.822268
06/10/2022 13:24:46.000	18.063	0001.878	0023.637	0080.545	0003.997	0037.478	0007.375	0008.142	0046.485	0001.872	30.387185	-88.822266
06/10/2022 13:24:47.000	19.375	0001.974	0023.642	0080.545	0003.912	0037.454	0007.425	0008.142	0046.451	0001.968	30.387184	-88.822264
06/10/2022 13:24:47.000	19.875	0002.046	0023.656	0078.370	0079.384	0037.502	0007.450	0008.134	0046.518	0002.040	30.387181	-88.822260
06/10/2022 13:24:47.000	19.938	0002.130	0023.672	0078.370	0003.708	0037.488	0007.450	0008.134	0046.498	0002.123	30.387179	-88.822258
06/10/2022 13:24:47.000	20.125	0002.223	0023.681	0078.375	0003.536	0037.510	0007.363	0008.133	0046.529	0002.216	30.387178	-88.822256
06/10/2022 13:24:48.000	20.687	0002.307	0023.689	0078.375	0093.259	0037.518	0007.100	0008.133	0046.540	0002.300	30.387177	-88.822255
06/10/2022 13:24:48.000	20.125	0002.408	0023.694	0076.820	0003.234	0037.582	0006.825	0008.137	0046.629	0002.400	30.387174	-88.822252
06/10/2022 13:24:48.000	20.687	0002.523	0023.702	0076.810	0003.125	0037.602	0006.662	0008.130	0046.657	0002.515	30.387172	-88.822250
06/10/2022 13:24:48.000	20.875	0002.625	0023.706	0076.825	0003.077	0037.622	0006.813	0008.133	0046.685	0002.617	30.387171	-88.822248
06/10/2022 13:24:49.000	20.812	0002.705	0023.707	0076.820	0096.163	0037.626	0006.600	0008.137	0046.690	0002.697	30.387170	-88.822247
06/10/2022 13:24:49.000	21.063	0002.798	0023.709	0076.820	0089.827	0037.642	0006.575	0008.137	0046.713	0002.789	30.387167	-88.822244
06/10/2022 13:24:49.000	21.375	0002.888	0023.711	0075.100	0002.718	0037.668	0006.600	0008.136	0046.749	0002.879	30.387166	-88.822242
06/10/2022 13:24:49.000	21.875	0002.984	0023.711	0075.100	0002.550	0037.696	0006.650	0008.137	0046.788	0002.975	30.387165	-88.822240
06/10/2022 13:24:50.000	21.625	0003.077	0023.710	0075.105	0002.412	0037.664	0006.613	0008.135	0046.743	0003.067	30.387163	-88.822239
06/10/2022 13:24:50.000	21.063	0003.170	0023.712	0075.100	0002.310	0037.684	0006.613	0008.130	0046.771	0003.160	30.387161	-88.822236
06/10/2022 13:24:50.000	21.312	0003.224	0023.713	0075.100	0002.246	0037.678	0007.037	0008.131	0046.763	0003.214	30.387160	-88.822235
06/10/2022 13:24:50.000	21.625	0003.236	0023.717	0074.105	0002.138	0037.658	0007.463	0008.132	0046.735	0003.226	30.387159	-88.822233
06/10/2022 13:24:51.000	22.000	0003.243	0023.717	0074.100	0002.181	0037.656	0007.375	0008.129	0046.732	0003.233	30.387158	-88.822232
06/10/2022 13:24:51.000	21.625	0003.249	0023.717	0074.100	0002.127	0037.656	0007.375	0008.139	0046.732	0003.239	30.387156	-88.822229
06/10/2022 13:24:51.000	21.312	0003.261	0023.717	0074.110	0002.113	0037.660	0007.425	0008.137	0046.738	0003.251	30.387155	-88.822228
06/10/2022 13:24:51.000	20.812	0003.270	0023.720	0073.535	0002.081	0037.644	0007.650	0008.139	0046.715	0003.260	30.387153	-88.822226
06/10/2022 13:24:52.000	20.500	0003.284	0023.719	0073.560	0002.031	0037.668	0007.450	0008.134	0046.749	0003.274	30.387152	-88.822225
06/10/2022 13:24:52.000	21.063	0003.291	0023.717	0073.535	0002.003	0037.662	0007.613	0008.132	0046.740	0003.281	30.387150	-88.822223
06/10/2022 13:24:52.000	21.563	0003.299	0023.716	0073.540	0000.000	0037.676	0007.537	0008.131	0046.760	0003.289	30.387149	-88.822221
06/10/2022 13:24:52.000	20.875	0003.304	0023.716	0073.540	0002.053	0037.694	0007.537	0008.132	0046.785	0003.294	30.387148	-88.822220
06/10/2022 13:24:53.000	20.750	0003.309	0023.717	0073.235	0088.330	0037.682	0007.888	0008.138	0046.768	0003.299	30.387147	-88.822219
06/10/2022 13:24:53.000	20.000	0003.333	0023.718	0073.235	0001.958	0037.652	0007.750	0008.136	0046.727	0003.323	30.387145	-88.822217
06/10/2022 13:24:53.000	20.250	0003.356	0023.717	0073.235	0001.943	0037.626	0007.763	0008.141	0046.690	0003.346	30.387145	-88.822216
06/10/2022 13:24:53.000	20.250	0003.362	0023.717	0073.245	0001.958	0037.628	0007.500	0008.138	0046.693	0003.352	30.387144	-88.822214
06/10/2022 13:24:54.000	20.187	0003.367	0023.717	0073.240	0001.971	0037.598	0007.463	0008.139	0046.651	0003.357	30.387143	-88.822213
06/10/2022 13:24:54.000	20.438	0003.368	0023.716	0073.050	0001.931	0037.598	0007.463	0008.134	0046.651	0003.357	30.387141	-88.822211
06/10/2022 13:24:54.000	20.125	0003.374	0023.716	0073.055	0001.890	0037.614	0007.563	0008.133	0046.674	0003.363	30.387140	-88.822210
06/10/2022 13:24:54.000	21.188	0003.384	0023.714	0073.045	0001.856	0037.640	0007.675	0008.131	0046.710	0003.373	30.387139	-88.822209
06/10/2022 13:24:55.000	21.625	0003.402	0023.714	0073.045	0001.897	0037.686	0007.700	0008.133	0046.774	0003.391	30.387138	-88.822208
06/10/2022 13:24:55.000	21.125	0003.415	0023.715	0072.945	0001.807	0037.648	0007.563	0008.134	0046.721	0003.404	30.387136	-88.822206
06/10/2022 13:24:55.000	20.500	0003.426	0023.719	0072.935	0001.792	0037.690	0007.537	0008.131	0046.779	0003.415	30.387136	-88.822205
06/10/2022 13:24:55.000	20.625	0003.433	0023.718	0072.935	0001.725	0037.674	0007.563	0008.129	0046.757	0003.422	30.387135	-88.822204
06/10/2022 13:24:56.000	20.438	0003.437	0023.717	0072.930	0001.740	0037.648	0007.425	0008.136	0046.721	0003.426	30.387134	-88.822203
06/10/2022 13:24:56.000	20.563	0003.439	0023.718	0072.935	0001.768	0037.664	0007.900	0008.139	0046.743	0003.428	30.387132	-88.822201
06/10/2022 13:24:56.000	20.375	0003.439	0023.716	0072.805	0001.782	0037.676	0007.900	0008.131	0046.760	0003.428	30.387132	-88.822200
06/10/2022 13:24:56.000	20.438	0003.444	0023.716	0072.815	0001.720	0037.676	0008.050	0008.138	0046.760	0003.433	30.387131	-88.822199
06/10/2022 13:24:57.000	20.125	0003.452	0023.715	0072.815	0001.745	0037.684	0007.988	0008.134	0046.771	0003.441	30.387130	-88.822198
06/10/2022 13:24:57.000	20.250	0003.456	0023.717	0072.810	0001.729	0037.680	0007.912	0008.132	0046.765	0003.445	30.387129	-88.822197
06/10/2022 13:24:57.000	20.375	0003.461	0023.719	0072.815	0001.808	0037.694	0008.175	0008.141	0046.785	0003.450	30.387128	-88.822196
06/10/2022 13:24:57.000	20.375	0003.466	0023.718	0072.730	0001.803	0037.664	0007.738	0008.139	0046.743	0003.455	30.387127	-88.822195
06/10/2022 13:24:58.000	20.313	0003.468	0023.719	0072.725	0001.736	0037.660	0007.488	0008.135	0046.738	0003.457	30.387126	-88.822194
06/10/2022 13:24:58.000	20.375	0003.474	0023.719	0072.725	0001.797	0037.658	0007.537	0008.138	0046.735	0003.463	30.387125	-88.822193
06/10/2022 13:24:58.000	20.687	0003.480	0023.718	0072.730	0001.774	0037.640	0007.488	0008.131	0046.710	0003.469	30.387124	-88.822192
06/10/2022 13:24:58.000	20.625	0003.489	0023.718	0072.745	0001.694	0037.624	0007.838	0008.135	0046.688	0003.478	30.387123	-88.822191
06/10/2022 13:24:59.000	21.000	0003.493	0023.718	0072.745	0001.708	0037.634	0007.863	0008.139	0046.701	0003.482	30.387123	-88.822190
06/10/2022 13:24:59.000	22.313	0003.496	0023.720	0072.740	0001.741	0037.636	0007.775	0008.137	0046.704	0003.485	30.387121	-88.822189
06/10/2022 13:24:59.000	21.688	0003.496	0023.718	0072.740	0001.713	0037.626	0008.000	0008.139	0046.690	0003.485	30.387121	-88.822188
06/10/2022 13:24:59.000	21.563	0003.498	0023.717	0072.740	0001.798	0037.606	0007.625	0008.133	0046.663	0003.487	30.387120	-88.822187
06/10/2022 13:25:00.000	20.875	0003.505	0023.715	0072.660	0001.670	0037.616	0007.600	0008.135	0046.676	0003.494	30.387119	-88.822186
06/10/2022 13:25:00.000	20.500	0003.508	0023.718	0072.665	0001.714	0037.642	0007.350	0008.134	0046.713	0003.497	30.387118	-88.822185
06/10/2022 13:25:00.000	20.125	0003.512	0023.717	0072.660	0001.672	0037.660	0007.287	0008.141	0046.738	0003.501	30.387117	-88.822184
06/10/2022 13:25:00.000	20.938	0003.511	0023.715	0072.660	0001.680	0037.684	0007.838	0008.131	0046.771	0003.500	30.387117	-88.822183
06/10/2022 13:25:01.000	20.187	0003.512	0023.719	0072.670	0001.698	0037.648	0007.575	0008.138	0046.721	0003.501	30.387116	-88.822182
06/10/2022 13:25:01.000	20.062	0003.514	0023.717	0072.610	0001.684	0037.650	0007.600	0008.132	0046.724	0003.503	30.387115	-88.822181
06/10/2022 13:25:01.000	20.187	0003.517	0023.717	0072.615	0001.677	0037.676	0007.813	0008.132	0046.760	0003.506	30.387114	-88.822180
06/10/2022 13:25:01.000	20.938	0003.518	0023.716	0072.615	0001.652	0037.710	0007.813	0008.135	0046.807	0003.507	30.387113	-88.822180
06/10/2022 13:25:02.000	20.438	0003.515	0023.715	0072.615	0001.675	0037.742	0007.588	0008.140	0046.852	0003.504	30.387113	-88.822179
06/10/2022 13:25:02.000	20.750	0003.513	0023.717	0072.585	0001.671	0037.624	0007.412	0008.133	0046.688	0003.502	30.387111	-88.822178
06/10/2022 13:25:02.000	20.563	0003.513	0023.720	0072.595	0001.655	0037.616	0007.588	0008.135	0046.676	0003.502	30.387111	-88.822177
06/10/2022 13:25:02.000	21.125	0003.520	0023.717	0072.590	0001.674	0037.648	0007.787	0008.135	0046.721	0003.509	30.387110	-88.822177
06/10/2022 13:25:03.000	20.875	0003.528	0023.714	0072.590	0001.640	0037.702	0007.550	0008.133	0046.796	0003.517	30.387110	-88.822176
06/10/2022 13:25:03.000	21.375	0003.535	0023.719	0072.585	0001.628	0037.654	0007.450	0008.142	0046.729	0003.524	30.387108	-88.822175
06/10/2022 13:25:03.000	22.750	0003.538	0023.718	0072.595	0001.668	0037.714	0007.838	0008.137	0046.813	0003.527	30.387108	-88.822174
06/10/2022 13:25:03.000	21.188	0003.533	0023.719	0072.590	0001.629	0037.726	0007.738	0008.140	0046.829	0003.522	30.387107	-88.822173
06/10/2022 13:25:04.000	21.375	0003.527	0023.719	0072.590	0001.645	0037.718	0007.950	0008.135	0046.818	0003.516	30.387107	-88.822173
06/10/2022 13:25:04.000	21.125	0003.526	0023.721	0072.590	0001.638	0037.736	0008.300	0008.132	0046.843	0003.515	30.387106	-88.822172
06/10/2022 13:25:04.000	20.938	0003.528	0023.720	0072.595	0001.646	0037.720	0008.113	0008.133	0046.821	0003.517	30.387105	-88.822171
06/10/2022 13:25:04.000	21.937	0003.535	0023.718	0072.530	0001.622	0037.728	0007.350	0008.142	0046.832	0003.524	30.387104	-88.822171
06/10/2022 13:25:05.000	21.813	0003.540	0023.720	0072.525	0001.627	0037.744	0007.162	0008.132	0046.855	0003.529	30.387104	-88.822170
06/10/2022 13:25:05.000	21.437	0003.541	0023.719	0072.530	0001.601	0037.762	0007.125	0008.135	0046.880	0003.530	30.387103	-88.822169
06/10/2022 13:25:05.000	21.000	0003.541	0023.720	0072.525	0001.634	0037.776	0007.213	0008.134	0046.899	0003.530	30.387102	-88.822169
06/10/2022 13:25:05.000	20.625	0003.540	0023.720	0072.460	0001.622	0037.780	0007.463	0008.137	0046.905	0003.529	30.387101	-88.822168
06/10/2022 13:25:06.000	21.437	0003.535	0023.721	0072.455	0001.594	0037.776	0007.600	0008.140	0046.899	0003.524	30.387101	-88.822167
06/10/2022 13:25:06.000	20.625	0003.534	0023.721	0072.460	0001.611	0037.786	0007.650	0008.133	0046.913	0003.523	30.387100	-88.822166
06/10/2022 13:25:06.000	20.625	0003.536	0023.722	0072.455	0001.609	0037.762	0007.900	0008.135	0046.880	0003.525	30.387099	-88.822166
06/10/2022 13:25:06.000	21.813	0003.537	0023.720	0072.460	0001.622	0037.792	0007.400	0008.136	0046.921	0003.526	30.387099	-88.822165
06/10/2022 13:25:07.000	21.125	0003.538	0023.722	0072.380	0001.624	0037.792	0007.400	0008.133	0046.921	0003.527	30.387098	-88.822165
06/10/2022 13:25:07.000	21.188	0003.536	0023.722	0072.380	0001.624	0037.766	0007.263	0008.132	0046.885	0003.525	30.387097	-88.822164
06/10/2022 13:25:07.000	21.813	0003.536	0023.720	0072.380	0001.633	0037.672	0007.263	0008.137	0046.754	0003.525	30.387096	-88.822163
06/10/2022 13:25:07.000	22.438	0003.537	0023.722	0072.375	0001.642	0037.752	0007.175	0008.139	0046.866	0003.526	30.387096	-88.822163
06/10/2022 13:25:08.000	22.375	0003.547	0023.722	0072.375	0001.756	0037.768	0007.075	0008.141	0046.888	0003.536	30.387095	-88.822163
06/10/2022 13:25:08.000	21.937	0003.554	0023.723	0072.320	0001.705	0037.786	0007.150	0008.138	0046.913	0003.543	30.387094	-88.822162
06/10/2022 13:25:08.000	21.125	0003.558	0023.723	0072.330	0001.619	0037.778	0007.275	0008.134	0046.902	0003.547	30.387094	-88.822161
06/10/2022 13:25:08.000	20.938	0003.557	0023.724	0072.330	0001.611	0037.742	0007.400	0008.138	0046.852	0003.546	30.387093	-88.822161
06/10/2022 13:25:09.000	21.188	0003.545	0023.726	0072.330	0001.601	0037.732	0007.650	0008.132	0046.838	0003.534	30.387093	-88.822160
06/10/2022 13:25:09.000	21.063	0003.541	0023.725	0072.355	0001.589	0037.744	0007.850	0008.137	0046.855	0003.530	30.387092	-88.822159
06/10/2022 13:25:09.000	21.500	0003.540	0023.723	0072.345	0001.615	0037.738	0007.888	0008.133	0046.846	0003.529	30.387091	-88.822159
06/10/2022 13:25:09.000	21.750	0003.547	0023.723	0072.350	0001.593	0037.724	0007.350	0008.135	0046.827	0003.536	30.387091	-88.822159
06/10/2022 13:25:10.000	21.563	0003.558	0023.723	0072.355	0001.577	0037.732	0007.213	0008.134	0046.838	0003.547	30.387090	-88.822158
06/10/2022 13:25:10.000	21.625	0003.563	0023.724	0072.350	0001.565	0037.718	0007.188	0008.139	0046.818	0003.552	30.387089	-88.822157
06/10/2022 13:25:10.000	20.875	0003.563	0023.722	0072.320	0001.585	0037.720	0007.563	0008.137	0046.821	0003.552	30.387089	-88.822157
06/10/2022 13:25:10.000	21.625	0003.554	0023.723	0072.320	0001.578	0037.714	0007.600	0008.141	0046.813	0003.543	30.387088	-88.822156
06/10/2022 13:25:11.000	21.437	0003.546	0023.723	0072.325	0001.645	0037.712	0008.038	0008.142	0046.810	0003.535	30.387088	-88.822156
06/10/2022 13:25:11.000	22.375	0003.544	0023.722	0072.330	0001.635	0037.720	0008.250	0008.134	0046.821	0003.533	30.387087	-88.822155
06/10/2022 13:25:11.000	21.937	0003.545	0023.723	0072.320	0001.592	0037.724	0008.063	0008.132	0046.827	0003.534	30.387086	-88.822155
06/10/2022 13:25:11.000	21.750	0003.553	0023.720	0072.270	0001.599	0037.726	0007.813	0008.136	0046.829	0003.542	30.387086	-88.822154
06/10/2022 13:25:12.000	21.625	0003.556	0023.723	0072.280	0001.586	0037.720	0007.750	0008.142	0046.821	0003.545	30.387086	-88.822154
06/10/2022 13:25:12.000	22.438	0003.559	0023.721	0072.275	0001.633	0037.724	0007.750	0008.143	0046.827	0003.548	30.387085	-88.822153
06/10/2022 13:25:12.000	22.562	0003.559	0023.720	0072.275	0001.571	0037.712	0007.700	0008.136	0046.810	0003.548	30.387084	-88.822153
06/10/2022 13:25:12.000	23.688	0003.559	0023.720	0072.265	0001.571	0037.720	0007.675	0008.141	0046.821	0003.548	30.387084	-88.822153
06/10/2022 13:25:13.000	23.063	0003.559	0023.722	0072.265	0001.563	0037.736	0007.725	0008.137	0046.843	0003.548	30.387083	-88.822152
06/10/2022 13:25:13.000	22.250	0003.558	0023.722	0072.275	0001.621	0037.726	0007.700	0008.133	0046.829	0003.547	30.387082	-88.822151
06/10/2022 13:25:13.000	22.188	0003.557	0023.720	0072.270	0001.568	0037.728	0007.650	0008.135	0046.832	0003.546	30.387082	-88.822151
06/10/2022 13:25:13.000	23.312	0003.556	0023.722	0072.275	0001.627	0037.740	0007.537	0008.137	0046.849	0003.545	30.387081	-88.822151
06/10/2022 13:25:14.000	22.813	0003.558	0023.720	0072.240	0001.630	0037.750	0007.438	0008.133	0046.863	0003.547	30.387081	-88.822150
06/10/2022 13:25:14.000	22.687	0003.560	0023.721	0072.235	0001.559	0037.732	0007.400	0008.131	0046.838	0003.549	30.387080	-88.822149
06/10/2022 13:25:14.000	22.438	0003.562	0023.721	0072.235	0001.552	0037.708	0007.313	0008.138	0046.804	0003.551	30.387080	-88.822149
06/10/2022 13:25:14.000	23.500	0003.561	0023.721	0072.235	0001.550	0037.704	0007.412	0008.139	0046.799	0003.550	30.387079	-88.822149
06/10/2022 13:25:15.000	22.562	0003.558	0023.721	0072.230	0001.561	0037.678	0007.388	0008.137	0046.763	0003.547	30.387079	-88.822148
06/10/2022 13:25:15.000	22.188	0003.555	0023.720	0072.165	0001.560	0037.686	0007.350	0008.139	0046.774	0003.544	30.387078	-88.822148
06/10/2022 13:25:15.000	22.438	0003.554	0023.721	0072.160	0001.577	0037.674	0007.575	0008.139	0046.757	0003.543	30.387078	-88.822147
06/10/2022 13:25:15.000	22.500	0003.558	0023.720	0072.155	0001.569	0037.642	0007.588	0008.136	0046.713	0003.547	30.387077	-88.822147
06/10/2022 13:25:16.000	22.250	0003.565	0023.718	0072.165	0001.544	0037.664	0007.400	0008.136	0046.743	0003.554	30.387077	-88.822147
06/10/2022 13:25:16.000	21.750	0003.569	0023.720	0072.080	0001.539	0037.664	0007.400	0008.136	0046.743	0003.558	30.387076	-88.822146
06/10/2022 13:25:16.000	21.937	0003.571	0023.719	0072.100	0001.545	0037.676	0007.675	0008.137	0046.760	0003.560	30.387076	-88.822146
06/10/2022 13:25:16.000	22.938	0003.570	0023.719	0072.090	0001.535	0037.690	0007.688	0008.131	0046.779	0003.559	30.387075	-88.822145
06/10/2022 13:25:17.000	22.625	0003.566	0023.719	0072.090	0001.568	0037.696	0008.100	0008.135	0046.788	0003.555	30.387075	-88.822145
06/10/2022 13:25:17.000	22.687	0003.560	0023.718	0072.090	0001.538	0037.700	0008.250	0008.138	0046.793	0003.549	30.387074	-88.822144
06/10/2022 13:25:17.000	21.875	0003.560	0023.720	0072.025	0001.536	0037.702	0007.975	0008.136	0046.796	0003.549	30.387074	-88.822144
06/10/2022 13:25:17.000	22.438	0003.562	0023.718	0072.020	0001.544	0037.712	0007.863	0008.141	0046.810	0003.551	30.387073	-88.822144
06/10/2022 13:25:18.000	22.438	0003.568	0023.719	0072.020	0001.540	0037.708	0007.875	0008.142	0046.804	0003.557	30.387073	-88.822143
06/10/2022 13:25:18.000	21.875	0003.570	0023.720	0072.020	0001.540	0037.716	0008.000	0008.137	0046.816	0003.559	30.387072	-88.822143
06/10/2022 13:25:18.000	22.250	0003.571	0023.720	0072.025	0001.528	0037.718	0008.175	0008.137	0046.818	0003.560	30.387072	-88.822142
06/10/2022 13:25:18.000	21.875	0003.569	0023.720	0071.990	0001.530	0037.716	0008.575	0008.130	0046.816	0003.558	30.387071	-88.822142
06/10/2022 13:25:19.000	21.625	0003.563	0023.719	0071.990	0001.550	0037.726	0008.250	0008.137	0046.829	0003.552	30.387071	-88.822142
06/10/2022 13:25:19.000	22.125	0003.559	0023.719	0071.990	0001.553	0037.732	0008.213	0008.130	0046.838	0003.548	30.387070	-88.822141
06/10/2022 13:25:19.000	21.750	0003.557	0023.721	0072.000	0001.546	0037.744	0008.038	0008.133	0046.855	0003.546	30.387070	-88.822141
06/10/2022 13:25:19.000	22.313	0003.558	0023.722	0071.965	0001.553	0037.748	0007.662	0008.134	0046.860	0003.547	30.387069	-88.822140
06/10/2022 13:25:20.000	21.937	0003.565	0023.722	0071.970	0001.545	0037.748	0007.400	0008.136	0046.860	0003.554	30.387069	-88.822140
06/10/2022 13:25:20.000	22.313	0003.572	0023.722	0071.970	0001.535	0037.744	0007.350	0008.137	0046.855	0003.561	30.387068	-88.822139
06/10/2022 13:25:20.000	23.500	0003.576	0023.722	0071.970	0001.535	0037.742	0007.412	0008.134	0046.852	0003.565	30.387068	-88.822139
06/10/2022 13:25:20.000	21.813	0003.577	0023.721	0071.965	0001.526	0037.750	0007.513	0008.136	0046.863	0003.566	30.387068	-88.822139
06/10/2022 13:25:21.000	22.125	0003.574	0023.722	0071.955	0001.537	0037.734	0007.600	0008.135	0046.841	0003.563	30.387067	-88.822138
06/10/2022 13:25:21.000	22.125	0003.564	0023.722	0071.955	0001.528	0037.716	0007.575	0008.133	0046.816	0003.553	30.387067	-88.822138
06/10/2022 13:25:21.000	22.313	0003.558	0023.720	0071.955	0001.551	0037.744	0007.838	0008.132	0046.855	0003.547	30.387066	-88.822137
06/10/2022 13:25:21.000	21.937	0003.556	0023.722	0071.950	0001.557	0037.744	0008.225	0008.130	0046.855	0003.545	30.387066	-88.822137
06/10/2022 13:25:22.000	21.813	0003.557	0023.722	0071.955	0001.551	0037.740	0007.838	0008.137	0046.849	0003.546	30.387065	-88.822137
06/10/2022 13:25:22.000	22.438	0003.567	0023.722	0071.925	0001.555	0037.732	0007.625	0008.131	0046.838	0003.556	30.387065	-88.822136
06/10/2022 13:25:22.000	22.438	0003.577	0023.721	0071.920	0001.539	0037.718	0007.575	0008.133	0046.818	0003.566	30.387064	-88.822136
06/10/2022 13:25:22.000	21.937	0003.586	0023.719	0071.915	0001.568	0037.720	0007.513	0008.141	0046.821	0003.575	30.387064	-88.822136
06/10/2022 13:25:23.000	21.625	0003.586	0023.721	0071.925	0001.525	0037.730	0007.713	0008.140	0046.835	0003.575	30.387064	-88.822135
06/10/2022 13:25:23.000	22.000	0003.580	0023.721	0071.900	0001.513	0037.740	0007.925	0008.137	0046.849	0003.569	30.387063	-88.822135
06/10/2022 13:25:23.000	22.313	0003.568	0023.720	0071.890	0001.541	0037.748	0008.150	0008.138	0046.860	0003.557	30.387063	-88.822134
06/10/2022 13:25:23.000	21.937	0003.557	0023.720	0071.900	0001.540	0037.742	0008.262	0008.134	0046.852	0003.546	30.387062	-88.822134
06/10/2022 13:25:24.000	21.625	0003.555	0023.720	0071.900	0001.554	0037.748	0008.137	0008.140	0046.860	0003.544	30.387062	-88.822134
06/10/2022 13:25:24.000	21.375	0003.555	0023.721	0071.895	0001.552	0037.750	0007.888	0008.138	0046.863	0003.544	30.387061	-88.822133
06/10/2022 13:25:24.000	23.688	0003.561	0023.722	0071.930	0001.547	0037.746	0007.537	0008.131	0046.857	0003.550	30.387061	-88.822133
06/10/2022 13:25:24.000	24.250	0003.568	0023.722	0071.925	0001.591	0037.748	0007.662	0008.140	0046.860	0003.557	30.387061	-88.822133
06/10/2022 13:25:25.000	24.750	0003.576	0023.724	0071.925	0001.583	0037.748	0007.463	0008.137	0046.860	0003.565	30.387060	-88.822132
06/10/2022 13:25:25.000	22.938	0003.578	0023.724	0071.925	0001.532	0037.748	0007.488	0008.133	0046.860	0003.567	30.387060	-88.822132
06/10/2022 13:25:25.000	23.250	0003.578	0023.724	0071.915	0001.577	0037.752	0007.513	0008.131	0046.866	0003.567	30.387059	-88.822132
06/10/2022 13:25:25.000	22.875	0003.576	0023.722	0071.900	0001.553	0037.746	0007.638	0008.137	0046.857	0003.565	30.387059	-88.822131
06/10/2022 13:25:26.000	22.125	0003.571	0023.723	0071.895	0001.536	0037.744	0008.125	0008.138	0046.855	0003.560	30.387059	-88.822131
06/10/2022 13:25:26.000	21.875	0003.568	0023.724	0071.900	0001.538	0037.746	0008.063	0008.137	0046.857	0003.557	30.387058	-88.822130
06/10/2022 13:25:26.000	21.250	0003.565	0023.722	0071.890	0001.550	0037.748	0007.838	0008.132	0046.860	0003.554	30.387058	-88.822130
06/10/2022 13:25:26.000	22.562	0003.566	0023.724	0071.825	0001.560	0037.744	0007.525	0008.133	0046.855	0003.555	30.387057	-88.822130
06/10/2022 13:25:27.000	22.562	0003.570	0023.724	0071.820	0001.556	0037.748	0007.412	0008.139	0046.860	0003.559	30.387057	-88.822130
06/10/2022 13:25:27.000	22.375	0003.574	0023.723	0071.825	0001.543	0037.742	0007.563	0008.137	0046.852	0003.563	30.387057	-88.822129
06/10/2022 13:25:27.000	22.500	0003.576	0023.722	0071.825	0001.544	0037.746	0007.563	0008.139	0046.857	0003.565	30.387056	-88.822129
06/10/2022 13:25:27.000	22.625	0003.574	0023.722	0071.825	0001.528	0037.744	0007.750	0008.138	0046.855	0003.563	30.387056	-88.822128
06/10/2022 13:25:28.000	22.438	0003.566	0023.723	0071.805	0001.541	0037.738	0007.975	0008.138	0046.846	0003.555	30.387056	-88.822128
06/10/2022 13:25:28.000	22.188	0003.564	0023.722	0071.810	0001.547	0037.736	0008.063	0008.137	0046.843	0003.553	30.387055	-88.822128
06/10/2022 13:25:28.000	23.375	0003.565	0023.723	0071.805	0001.546	0037.734	0007.825	0008.137	0046.841	0003.554	30.387055	-88.822127
06/10/2022 13:25:28.000	22.875	0003.573	0023.723	0071.805	0001.531	0037.728	0007.725	0008.140	0046.832	0003.562	30.387054	-88.822127
06/10/2022 13:25:29.000	22.188	0003.578	0023.722	0071.815	0001.545	0037.718	0007.625	0008.133	0046.818	0003.567	30.387054	-88.822127
06/10/2022 13:25:29.000	22.438	0003.580	0023.722	0071.785	0001.557	0037.710	0007.838	0008.131	0046.807	0003.569	30.387053	-88.822126
06/10/2022 13:25:29.000	22.375	0003.578	0023.723	0071.785	0001.521	0037.710	0008.163	0008.138	0046.807	0003.567	30.387053	-88.822126
06/10/2022 13:25:29.000	21.625	0003.574	0023.722	0071.785	0001.510	0037.728	0008.225	0008.140	0046.832	0003.563	30.387053	-88.822126
06/10/2022 13:25:30.000	21.375	0003.571	0023.722	0071.780	0001.516	0037.726	0007.950	0008.137	0046.829	0003.560	30.387052	-88.822126
06/10/2022 13:25:30.000	21.375	0003.570	0023.722	0071.740	0001.527	0037.734	0007.825	0008.136	0046.841	0003.559	30.387052	-88.822125
06/10/2022 13:25:30.000	22.375	0003.572	0023.722	0071.730	0001.523	0037.736	0007.763	0008.138	0046.843	0003.561	30.387052	-88.822125
06/10/2022 13:25:30.000	25.438	0003.574	0023.723	0071.740	0001.520	0037.736	0007.725	0008.137	0046.843	0003.563	30.387052	-88.822124
06/10/2022 13:25:31.000	23.812	0003.574	0023.723	0071.745	0001.518	0037.746	0007.650	0008.131	0046.857	0003.563	30.387051	-88.822124
06/10/2022 13:25:31.000	24.875	0003.572	0023.723	0071.740	0001.536	0037.746	0007.787	0008.137	0046.857	0003.561	30.387051	-88.822124
06/10/2022 13:25:31.000	22.750	0003.568	0023.724	0071.710	0001.549	0037.744	0007.775	0008.130	0046.855	0003.557	30.387050	-88.822123
06/10/2022 13:25:31.000	22.250	0003.566	0023.724	0071.705	0001.599	0037.752	0007.625	0008.132	0046.866	0003.555	30.387050	-88.822123
06/10/2022 13:25:32.000	22.250	0003.567	0023.725	0071.710	0001.590	0037.734	0007.750	0008.139	0046.841	0003.556	30.387050	-88.822123
06/10/2022 13:25:32.000	21.250	0003.571	0023.723	0071.710	0001.568	0037.766	0007.763	0008.140	0046.885	0003.560	30.387049	-88.822123
06/10/2022 13:25:32.000	21.000	0003.576	0023.723	0071.705	0001.533	0037.764	0007.738	0008.135	0046.882	0003.565	30.387049	-88.822122
06/10/2022 13:25:32.000	21.375	0003.578	0023.722	0071.705	0001.553	0037.762	0008.000	0008.138	0046.880	0003.567	30.387049	-88.822122
06/10/2022 13:25:33.000	21.188	0003.577	0023.722	0071.705	0001.549	0037.758	0008.550	0008.137	0046.874	0003.566	30.387048	-88.822122
06/10/2022 13:25:33.000	21.063	0003.574	0023.722	0071.705	0001.577	0037.776	0008.238	0008.138	0046.899	0003.563	30.387048	-88.822121
06/10/2022 13:25:33.000	21.125	0003.572	0023.723	0071.710	0001.543	0037.774	0008.475	0008.131	0046.896	0003.561	30.387048	-88.822121
06/10/2022 13:25:33.000	20.750	0003.573	0023.723	0071.695	0001.553	0037.764	0007.750	0008.137	0046.882	0003.562	30.387047	-88.822121
06/10/2022 13:25:34.000	22.250	0003.577	0023.722	0071.695	0001.552	0037.764	0007.750	0008.136	0046.882	0003.566	30.387047	-88.822121
06/10/2022 13:25:34.000	21.563	0003.581	0023.723	0071.705	0001.547	0037.770	0007.537	0008.137	0046.891	0003.570	30.387047	-88.822120
06/10/2022 13:25:34.000	22.562	0003.582	0023.724	0071.710	0001.543	0037.770	0007.563	0008.139	0046.891	0003.571	30.387046	-88.822120
06/10/2022 13:25:34.000	22.438	0003.576	0023.724	0071.705	0001.574	0037.774	0008.175	0008.138	0046.896	0003.565	30.387046	-88.822119
06/10/2022 13:25:35.000	21.437	0003.566	0023.725	0071.700	0001.559	0037.780	0008.262	0008.135	0046.905	0003.555	30.387046	-88.822119
06/10/2022 13:25:35.000	23.500	0003.560	0023.723	0071.695	0001.574	0037.784	0008.738	0008.135	0046.910	0003.549	30.387045	-88.822119
06/10/2022 13:25:35.000	21.063	0003.561	0023.724	0071.695	0001.589	0037.786	0008.438	0008.138	0046.913	0003.550	30.387045	-88.822119
06/10/2022 13:25:35.000	20.938	0003.573	0023.724	0071.695	0001.599	0037.788	0007.888	0008.133	0046.916	0003.562	30.387045	-88.822119
06/10/2022 13:25:36.000	21.375	0003.587	0023.723	0071.690	0001.584	0037.786	0007.725	0008.138	0046.913	0003.576	30.387044	-88.822118
06/10/2022 13:25:36.000	21.875	0003.594	0023.725	0071.695	0001.574	0037.780	0007.713	0008.142	0046.905	0003.583	30.387044	-88.822118
06/10/2022 13:25:36.000	20.187	0003.588	0023.725	0071.695	0001.565	0037.774	0008.313	0008.135	0046.896	0003.577	30.387044	-88.822117
06/10/2022 13:25:36.000	20.938	0003.573	0023.725	0071.695	0001.572	0037.774	0008.575	0008.138	0046.896	0003.562	30.387043	-88.822117
06/10/2022 13:25:37.000	20.750	0003.560	0023.727	0071.700	0001.730	0037.778	0008.575	0008.135	0046.902	0003.549	30.387043	-88.822117
06/10/2022 13:25:37.000	20.875	0003.558	0023.726	0071.705	0001.633	0037.786	0007.863	0008.133	0046.913	0003.547	30.387043	-88.822117
06/10/2022 13:25:37.000	20.625	0003.570	0023.725	0071.705	0001.622	0037.788	0007.650	0008.141	0046.916	0003.559	30.387043	-88.822116
06/10/2022 13:25:37.000	21.250	0003.586	0023.727	0071.710	0001.577	0037.786	0007.563	0008.143	0046.913	0003.575	30.387042	-88.822116
06/10/2022 13:25:38.000	20.250	0003.591	0023.726	0071.705	0001.533	0037.786	0007.675	0008.133	0046.913	0003.580	30.387042	-88.822116
06/10/2022 13:25:38.000	20.375	0003.591	0023.726	0071.700	0001.560	0037.786	0008.175	0008.139	0046.913	0003.580	30.387041	-88.822115
06/10/2022 13:25:38.000	22.375	0003.573	0023.725	0071.730	0001.559	0037.784	0008.600	0008.139	0046.910	0003.562	30.387041	-88.822115
06/10/2022 13:25:38.000	21.188	0003.561	0023.727	0071.730	0001.572	0037.788	0008.550	0008.137	0046.916	0003.550	30.387041	-88.822115
06/10/2022 13:25:39.000	21.437	0003.559	0023.726	0071.730	0001.593	0037.790	0008.725	0008.143	0046.919	0003.548	30.387041	-88.822115
06/10/2022 13:25:39.000	21.750	0003.571	0023.725	0071.730	0001.654	0037.794	0008.038	0008.143	0046.924	0003.560	30.387040	-88.822115
06/10/2022 13:25:39.000	22.250	0003.584	0023.724	0071.735	0001.619	0037.790	0007.912	0008.134	0046.919	0003.573	30.387040	-88.822114
06/10/2022 13:25:39.000	21.312	0003.595	0023.723	0071.720	0001.593	0037.788	0007.800	0008.132	0046.916	0003.584	30.387040	-88.822114
06/10/2022 13:25:40.000	22.813	0003.594	0023.724	0071.715	0001.530	0037.792	0008.538	0008.135	0046.921	0003.583	30.387039	-88.822114
06/10/2022 13:25:40.000	21.500	0003.576	0023.724	0071.715	0001.611	0037.794	0009.425	0008.131	0046.924	0003.565	30.387039	-88.822113
06/10/2022 13:25:40.000	22.375	0003.564	0023.725	0071.720	0001.629	0037.794	0009.150	0008.141	0046.924	0003.553	30.387039	-88.822113
06/10/2022 13:25:40.000	21.125	0003.561	0023.726	0071.710	0001.695	0037.800	0008.438	0008.136	0046.932	0003.550	30.387039	-88.822113
06/10/2022 13:25:41.000	21.063	0003.567	0023.725	0071.705	0001.671	0037.796	0008.200	0008.138	0046.927	0003.556	30.387038	-88.822113
06/10/2022 13:25:41.000	22.562	0003.581	0023.725	0071.710	0001.670	0037.796	0007.825	0008.133	0046.927	0003.570	30.387038	-88.822112
06/10/2022 13:25:41.000	20.500	0003.587	0023.725	0071.715	0001.584	0037.798	0007.863	0008.132	0046.930	0003.576	30.387038	-88.822112
06/10/2022 13:25:41.000	21.000	0003.588	0023.726	0071.705	0001.555	0037.800	0008.188	0008.138	0046.932	0003.577	30.387037	-88.822112
06/10/2022 13:25:42.000	21.625	0003.580	0023.727	0071.725	0001.532	0037.800	0008.313	0008.138	0046.932	0003.569	30.387037	-88.822112
06/10/2022 13:25:42.000	22.938	0003.574	0023.725	0071.715	0001.571	0037.802	0008.063	0008.137	0046.935	0003.563	30.387037	-88.822111
06/10/2022 13:25:42.000	21.625	0003.571	0023.727	0071.715	0001.559	0037.800	0008.000	0008.140	0046.932	0003.560	30.387036	-88.822111
06/10/2022 13:25:42.000	22.875	0003.573	0023.726	0071.710	0001.632	0037.794	0007.787	0008.142	0046.924	0003.562	30.387036	-88.822111
06/10/2022 13:25:43.000	22.250	0003.577	0023.727	0071.720	0001.589	0037.792	0007.650	0008.134	0046.921	0003.566	30.387036	-88.822111
06/10/2022 13:25:43.000	21.250	0003.579	0023.726	0071.735	0001.573	0037.792	0007.688	0008.136	0046.921	0003.568	30.387035	-88.822110
06/10/2022 13:25:43.000	21.750	0003.578	0023.725	0071.730	0001.539	0037.792	0007.650	0008.131	0046.921	0003.567	30.387035	-88.822110
06/10/2022 13:25:43.000	21.312	0003.573	0023.725	0071.730	0001.551	0037.788	0007.863	0008.138	0046.916	0003.562	30.387035	-88.822110
06/10/2022 13:25:44.000	20.875	0003.572	0023.725	0071.730	0001.551	0037.786	0007.975	0008.137	0046.913	0003.561	30.387035	-88.822110
06/10/2022 13:25:44.000	20.812	0003.575	0023.726	0071.725	0001.600	0037.786	0007.662	0008.131	0046.913	0003.564	30.387034	-88.822109
06/10/2022 13:25:44.000	22.125	0003.585	0023.727	0071.705	0001.528	0037.792	0007.650	0008.135	0046.921	0003.574	30.387034	-88.822109
06/10/2022 13:25:44.000	21.875	0003.587	0023.725	0071.725	0001.521	0037.794	0007.713	0008.138	0046.924	0003.576	30.387034	-88.822109
06/10/2022 13:25:45.000	21.437	0003.587	0023.725	0071.725	0001.538	0037.798	0007.725	0008.136	0046.930	0003.576	30.387034	-88.822109
06/10/2022 13:25:45.000	22.125	0003.582	0023.724	0071.720	0001.526	0037.796	0008.338	0008.141	0046.927	0003.571	30.387033	-88.822108
06/10/2022 13:25:45.000	20.938	0003.572	0023.726	0071.705	0001.538	0037.796	0008.475	0008.131	0046.927	0003.561	30.387033	-88.822108
06/10/2022 13:25:45.000	20.812	0003.569	0023.725	0071.705	0001.605	0037.792	0008.338	0008.133	0046.921	0003.558	30.387033	-88.822108
06/10/2022 13:25:46.000	22.250	0003.570	0023.726	0071.705	0001.590	0037.796	0008.000	0008.133	0046.927	0003.559	30.387032	-88.822108
06/10/2022 13:25:46.000	21.875	0003.580	0023.725	0071.710	0001.544	0037.796	0007.813	0008.135	0046.927	0003.569	30.387032	-88.822108
06/10/2022 13:25:46.000	20.625	0003.586	0023.725	0071.705	0001.534	0037.798	0007.650	0008.138	0046.930	0003.575	30.387032	-88.822107
06/10/2022 13:25:46.000	21.437	0003.587	0023.724	0071.680	0001.555	0037.798	0007.775	0008.139	0046.930	0003.576	30.387032	-88.822107
06/10/2022 13:25:47.000	21.875	0003.580	0023.725	0071.680	0001.537	0037.796	0008.188	0008.142	0046.927	0003.569	30.387031	-88.822107
06/10/2022 13:25:47.000	21.875	0003.573	0023.726	0071.680	0001.544	0037.796	0008.688	0008.139	0046.927	0003.562	30.387031	-88.822106
06/10/2022 13:25:47.000	22.125	0003.570	0023.724	0071.680	0001.555	0037.794	0008.275	0008.138	0046.924	0003.559	30.387031	-88.822106
06/10/2022 13:25:47.000	22.250	0003.572	0023.725	0071.690	0001.599	0037.786	0007.863	0008.134	0046.913	0003.561	30.387030	-88.822106
06/10/2022 13:25:48.000	21.937	0003.584	0023.725	0071.690	0001.615	0037.786	0007.700	0008.135	0046.913	0003.573	30.387030	-88.822106
06/10/2022 13:25:48.000	22.313	0003.589	0023.726	0071.700	0001.570	0037.788	0007.713	0008.137	0046.916	0003.578	30.387030	-88.822106
06/10/2022 13:25:48.000	23.250	0003.590	0023.726	0071.700	0001.572	0037.786	0007.813	0008.132	0046.913	0003.579	30.387029	-88.822106
06/10/2022 13:25:48.000	22.500	0003.582	0023.726	0071.705	0001.561	0037.796	0008.250	0008.132	0046.927	0003.571	30.387029	-88.822105
06/10/2022 13:25:49.000	22.313	0003.571	0023.725	0071.690	0001.595	0037.808	0008.100	0008.141	0046.944	0003.560	30.387029	-88.822105
06/10/2022 13:25:49.000	22.687	0003.569	0023.725	0071.680	0001.559	0037.812	0008.038	0008.133	0046.949	0003.558	30.387029	-88.822105
06/10/2022 13:25:49.000	24.875	0003.570	0023.727	0071.685	0001.570	0037.804	0007.750	0008.137	0046.938	0003.559	30.387029	-88.822105
06/10/2022 13:25:49.000	24.125	0003.579	0023.726	0071.680	0001.555	0037.800	0007.725	0008.134	0046.932	0003.568	30.387028	-88.822105
06/10/2022 13:25:50.000	23.750	0003.585	0023.725	0071.670	0001.584	0037.802	0007.725	0008.135	0046.935	0003.574	30.387028	-88.822104
06/10/2022 13:25:50.000	21.437	0003.579	0023.728	0071.715	0001.548	0037.800	0008.788	0008.134	0046.932	0003.568	30.387028	-88.822104
06/10/2022 13:25:50.000	22.750	0003.571	0023.724	0071.710	0001.559	0037.802	0008.188	0008.137	0046.935	0003.560	30.387028	-88.822104
06/10/2022 13:25:50.000	21.188	0003.596	0023.725	0071.715	0001.546	0037.802	0007.813	0008.132	0046.935	0003.585	30.387027	-88.822104
06/10/2022 13:25:51.000	22.375	0003.604	0023.724	0071.710	0001.534	0037.800	0007.875	0008.136	0046.932	0003.593	30.387027	-88.822104
06/10/2022 13:25:51.000	22.125	0003.605	0023.725	0071.715	0001.547	0037.802	0007.750	0008.132	0046.935	0003.594	30.387027	-88.822103
06/10/2022 13:25:51.000	22.250	0003.607	0023.723	0071.705	0001.521	0037.802	0007.625	0008.139	0046.935	0003.596	30.387026	-88.822103
06/10/2022 13:25:51.000	23.187	0003.605	0023.724	0071.725	0001.520	0037.804	0007.613	0008.134	0046.938	0003.594	30.387026	-88.822103
06/10/2022 13:25:52.000	21.875	0003.606	0023.724	0071.720	0001.514	0037.804	0007.650	0008.133	0046.938	0003.595	30.387026	-88.822103
06/10/2022 13:25:52.000	22.375	0003.631	0023.724	0071.725	0001.514	0037.800	0007.688	0008.135	0046.932	0003.620	30.387026	-88.822103
06/10/2022 13:25:52.000	21.625	0003.641	0023.725	0071.740	0001.498	0037.798	0008.025	0008.140	0046.930	0003.630	30.387025	-88.822103
06/10/2022 13:25:52.000	22.562	0003.643	0023.725	0071.740	0001.495	0037.804	0007.763	0008.138	0046.938	0003.632	30.387025	-88.822102
06/10/2022 13:25:53.000	21.312	0003.646	0023.726	0071.740	0001.497	0037.804	0007.787	0008.142	0046.938	0003.635	30.387025	-88.822102
06/10/2022 13:25:53.000	22.313	0003.641	0023.723	0071.740	0001.478	0037.798	0007.763	0008.135	0046.930	0003.630	30.387024	-88.822102
06/10/2022 13:25:53.000	22.313	0003.641	0023.726	0071.705	0001.494	0037.800	0008.025	0008.133	0046.932	0003.630	30.387024	-88.822102
06/10/2022 13:25:53.000	24.750	0003.659	0023.723	0071.730	0001.472	0037.802	0007.787	0008.133	0046.935	0003.648	30.387024	-88.822102
06/10/2022 13:25:54.000	23.250	0003.673	0023.723	0071.725	0001.466	0037.810	0007.713	0008.136	0046.946	0003.662	30.387024	-88.822101
06/10/2022 13:25:54.000	21.250	0003.669	0023.724	0071.725	0001.458	0037.800	0007.625	0008.137	0046.932	0003.658	30.387024	-88.822101
06/10/2022 13:25:54.000	21.000	0003.673	0023.724	0071.725	0001.456	0037.796	0007.713	0008.135	0046.927	0003.662	30.387023	-88.822101
06/10/2022 13:25:54.000	23.187	0003.706	0023.725	0071.720	0001.431	0037.794	0007.725	0008.142	0046.924	0003.694	30.387023	-88.822101
06/10/2022 13:25:55.000	22.562	0003.732	0023.725	0071.725	0001.432	0037.796	0007.675	0008.138	0046.927	0003.720	30.387023	-88.822101
06/10/2022 13:25:55.000	24.063	0003.750	0023.723	0071.735	0001.403	0037.798	0007.750	0008.138	0046.930	0003.738	30.387022	-88.822101
06/10/2022 13:25:55.000	21.188	0003.763	0023.723	0071.725	0001.382	0037.804	0008.137	0008.132	0046.938	0003.751	30.387022	-88.822100
06/10/2022 13:25:55.000	21.625	0003.764	0023.725	0071.730	0001.352	0037.806	0007.850	0008.132	0046.941	0003.752	30.387022	-88.822100
06/10/2022 13:25:56.000	21.250	0003.776	0023.725	0071.725	0001.336	0037.812	0008.413	0008.132	0046.949	0003.764	30.387022	-88.822100
06/10/2022 13:25:56.000	22.625	0003.804	0023.725	0071.735	0001.334	0037.820	0007.888	0008.138	0046.960	0003.792	30.387021	-88.822100
06/10/2022 13:25:56.000	22.000	0003.826	0023.725	0071.730	0001.315	0037.822	0007.700	0008.138	0046.963	0003.814	30.387021	-88.822100
06/10/2022 13:25:56.000	22.313	0003.839	0023.722	0071.735	0001.280	0037.828	0007.863	0008.138	0046.971	0003.827	30.387021	-88.822099
06/10/2022 13:25:57.000	21.625	0003.852	0023.725	0071.715	0001.284	0037.826	0007.750	0008.139	0046.969	0003.840	30.387021	-88.822099
06/10/2022 13:25:57.000	21.312	0003.852	0023.726	0071.735	0001.274	0037.820	0007.713	0008.139	0046.960	0003.840	30.387021	-88.822099
06/10/2022 13:25:57.000	22.188	0003.866	0023.726	0071.725	0001.326	0037.820	0007.662	0008.131	0046.960	0003.854	30.387020	-88.822099
06/10/2022 13:25:57.000	22.687	0003.895	0023.726	0071.730	0001.285	0037.820	0007.700	0008.137	0046.960	0003.883	30.387020	-88.822099
06/10/2022 13:25:58.000	22.438	0003.917	0023.724	0071.740	0001.239	0037.820	0007.650	0008.137	0046.960	0003.905	30.387020	-88.822099
06/10/2022 13:25:58.000	24.125	0003.931	0023.724	0071.700	0001.271	0037.820	0007.613	0008.134	0046.960	0003.919	30.387019	-88.822098
06/10/2022 13:25:58.000	21.563	0003.943	0023.724	0071.705	0001.196	0037.820	0007.713	0008.144	0046.960	0003.931	30.387019	-88.822098
06/10/2022 13:25:58.000	21.250	0003.947	0023.723	0071.700	0001.201	0037.822	0007.750	0008.134	0046.963	0003.935	30.387019	-88.822098
06/10/2022 13:25:59.000	21.750	0003.969	0023.722	0071.695	0001.160	0037.826	0007.912	0008.133	0046.969	0003.957	30.387019	-88.822098
06/10/2022 13:25:59.000	22.687	0003.994	0023.721	0071.705	0001.133	0037.826	0007.925	0008.131	0046.969	0003.982	30.387019	-88.822098
06/10/2022 13:25:59.000	23.375	0003.995	0023.724	0071.730	0001.114	0037.828	0008.175	0008.137	0046.971	0003.983	30.387018	-88.822098
06/10/2022 13:25:59.000	22.250	0003.982	0023.722	0071.730	0001.127	0037.822	0008.713	0008.141	0046.963	0003.970	30.387018	-88.822097
06/10/2022 13:26:00.000	21.813	0003.977	0023.722	0071.725	0001.150	0037.826	0008.600	0008.136	0046.969	0003.965	30.387018	-88.822097
06/10/2022 13:26:00.000	21.750	0003.970	0023.723	0071.725	0001.133	0037.826	0008.038	0008.144	0046.969	0003.958	30.387018	-88.822097
06/10/2022 13:26:00.000	24.625	0003.995	0023.721	0071.735	0001.138	0037.826	0008.137	0008.141	0046.969	0003.983	30.387018	-88.822097
06/10/2022 13:26:00.000	22.813	0004.028	0023.724	0071.730	0001.135	0037.828	0007.787	0008.141	0046.971	0004.015	30.387017	-88.822097
06/10/2022 13:26:01.000	21.750	0004.046	0023.724	0071.730	0001.107	0037.830	0007.813	0008.134	0046.974	0004.033	30.387017	-88.822097
06/10/2022 13:26:01.000	23.250	0004.043	0023.724	0071.730	0001.062	0037.830	0007.738	0008.137	0046.974	0004.030	30.387017	-88.822096
06/10/2022 13:26:01.000	20.062	0004.027	0023.723	0071.735	0001.060	0037.830	0008.038	0008.139	0046.974	0004.014	30.387016	-88.822096
06/10/2022 13:26:01.000	22.000	0004.007	0023.722	0071.750	0001.089	0037.826	0007.900	0008.139	0046.969	0003.995	30.387016	-88.822096
06/10/2022 13:26:02.000	25.313	0004.019	0023.723	0071.750	0001.089	0037.834	0007.963	0008.136	0046.980	0004.006	30.387016	-88.822096
06/10/2022 13:26:02.000	20.812	0004.046	0023.723	0071.750	0001.066	0037.838	0007.750	0008.138	0046.985	0004.033	30.387016	-88.822096
06/10/2022 13:26:02.000	20.812	0004.057	0023.725	0071.750	0001.043	0037.838	0007.813	0008.133	0046.985	0004.044	30.387016	-88.822096
06/10/2022 13:26:02.000	21.188	0004.060	0023.722	0071.745	0001.049	0037.838	0007.725	0008.138	0046.985	0004.047	30.387015	-88.822096
06/10/2022 13:26:03.000	20.563	0004.061	0023.722	0071.770	0001.053	0037.836	0007.813	0008.138	0046.983	0004.048	30.387015	-88.822096
06/10/2022 13:26:03.000	22.000	0004.059	0023.722	0071.770	0001.056	0037.834	0007.900	0008.142	0046.980	0004.046	30.387015	-88.822095
06/10/2022 13:26:03.000	21.063	0004.076	0023.723	0071.770	0001.040	0037.838	0008.025	0008.135	0046.985	0004.063	30.387015	-88.822095
06/10/2022 13:26:03.000	21.875	0004.101	0023.722	0071.775	0001.058	0037.838	0007.838	0008.134	0046.985	0004.088	30.387014	-88.822095
06/10/2022 13:26:04.000	21.063	0004.112	0023.722	0071.765	0000.993	0037.836	0007.638	0008.133	0046.983	0004.099	30.387014	-88.822095
06/10/2022 13:26:04.000	21.750	0004.107	0023.722	0071.800	0000.994	0037.832	0007.963	0008.132	0046.977	0004.094	30.387014	-88.822095
06/10/2022 13:26:04.000	21.813	0004.100	0023.722	0071.795	0001.029	0037.832	0008.188	0008.133	0046.977	0004.087	30.387014	-88.822095
06/10/2022 13:26:04.000	21.188	0004.078	0023.723	0071.795	0001.004	0037.830	0008.088	0008.138	0046.974	0004.065	30.387013	-88.822094
06/10/2022 13:26:05.000	23.187	0004.043	0023.722	0071.800	0001.021	0037.830	0007.675	0008.139	0046.974	0004.030	30.387013	-88.822094
06/10/2022 13:26:05.000	23.688	0003.929	0023.722	0071.800	0001.091	0037.830	0008.025	0008.136	0046.974	0003.917	30.387013	-88.822094
06/10/2022 13:26:05.000	23.187	0003.830	0023.723	0071.810	0001.163	0037.828	0008.300	0008.144	0046.971	0003.818	30.387013	-88.822094
06/10/2022 13:26:05.000	23.000	0003.726	0023.722	0071.815	0001.255	0037.822	0008.313	0008.142	0046.963	0003.714	30.387013	-88.822094
06/10/2022 13:26:06.000	21.750	0003.613	0023.721	0071.810	0001.369	0037.822	0008.188	0008.144	0046.963	0003.602	30.387012	-88.822094
06/10/2022 13:26:06.000	21.750	0003.515	0023.722	0071.805	0001.486	0037.820	0008.238	0008.136	0046.960	0003.504	30.387012	-88.822094
06/10/2022 13:26:06.000	21.188	0003.414	0023.722	0071.840	0001.580	0037.816	0008.500	0008.133	0046.955	0003.403	30.387012	-88.822093
06/10/2022 13:26:06.000	21.750	0003.332	0023.722	0071.845	0001.664	0037.814	0008.475	0008.137	0046.952	0003.322	30.387012	-88.822093
06/10/2022 13:26:07.000	21.312	0003.261	0023.722	0071.845	0001.757	0037.812	0008.463	0008.132	0046.949	0003.251	30.387012	-88.822093
06/10/2022 13:26:07.000	22.125	0003.161	0023.722	0071.845	0001.826	0037.810	0008.262	0008.133	0046.946	0003.151	30.387011	-88.822093
06/10/2022 13:26:07.000	22.625	0003.059	0023.722	0071.850	0001.912	0037.808	0008.175	0008.134	0046.944	0003.049	30.387011	-88.822093
06/10/2022 13:26:07.000	21.875	0002.953	0023.722	0071.840	0002.020	0037.802	0007.925	0008.140	0046.935	0002.944	30.387011	-88.822093
06/10/2022 13:26:08.000	22.438	0002.848	0023.723	0071.835	0002.134	0037.796	0007.800	0008.136	0046.927	0002.839	30.387011	-88.822093
06/10/2022 13:26:08.000	21.437	0002.751	0023.722	0071.835	0002.244	0037.780	0007.713	0008.137	0046.905	0002.742	30.387010	-88.822093
06/10/2022 13:26:08.000	21.625	0002.643	0023.722	0071.835	0002.332	0037.718	0007.850	0008.134	0046.818	0002.635	30.387010	-88.822092
06/10/2022 13:26:08.000	21.750	0002.552	0023.722	0071.855	0002.421	0037.724	0008.100	0008.135	0046.827	0002.544	30.387010	-88.822092
06/10/2022 13:26:09.000	22.000	0002.456	0023.721	0071.850	0002.519	0037.718	0008.150	0008.142	0046.818	0002.448	30.387010	-88.822092
06/10/2022 13:26:09.000	21.625	0002.352	0023.721	0071.850	0002.623	0037.706	0008.262	0008.133	0046.802	0002.345	30.387009	-88.822092
06/10/2022 13:26:09.000	20.750	0002.259	0023.722	0071.850	0002.714	0037.708	0008.200	0008.133	0046.804	0002.252	30.387009	-88.822092
06/10/2022 13:26:09.000	20.812	0002.173	0023.721	0071.850	0002.811	0037.710	0008.200	0008.141	0046.807	0002.166	30.387009	-88.822092
06/10/2022 13:26:10.000	21.312	0002.084	0023.720	0071.870	0002.898	0037.712	0007.675	0008.138	0046.810	0002.078	30.387009	-88.822092
06/10/2022 13:26:10.000	20.938	0001.976	0023.721	0071.875	0002.996	0037.712	0007.838	0008.141	0046.810	0001.970	30.387009	-88.822091
06/10/2022 13:26:10.000	21.250	0001.880	0023.722	0071.875	0003.103	0037.704	0007.800	0008.137	0046.799	0001.874	30.387008	-88.822091
06/10/2022 13:26:10.000	20.812	0001.772	0023.722	0071.870	0003.226	0037.686	0008.113	0008.138	0046.774	0001.766	30.387008	-88.822091
06/10/2022 13:26:11.000	21.063	0001.692	0023.720	0071.855	0003.283	0037.684	0008.788	0008.132	0046.771	0001.687	30.387008	-88.822091
06/10/2022 13:26:11.000	21.250	0001.603	0023.720	0071.860	0003.388	0037.678	0008.113	0008.134	0046.763	0001.598	30.387008	-88.822091
06/10/2022 13:26:11.000	20.938	0001.498	0023.722	0071.850	0003.469	0037.676	0008.000	0008.139	0046.760	0001.493	30.387008	-88.822091
06/10/2022 13:26:11.000	20.625	0001.407	0023.720	0071.845	0003.572	0037.652	0008.275	0008.141	0046.727	0001.403	30.387007	-88.822091
06/10/2022 13:26:12.000	19.938	0001.313	0023.722	0071.850	0003.641	0037.646	0008.637	0008.139	0046.718	0001.309	30.387007	-88.822091
06/10/2022 13:26:12.000	19.563	0001.228	0023.722	0071.825	0003.803	0037.572	0008.387	0008.145	0046.615	0001.224	30.387007	-88.822090
06/10/2022 13:26:12.000	19.313	0001.178	0023.718	0071.835	0003.862	0037.510	0008.450	0008.136	0046.529	0001.174	30.387007	-88.822090
06/10/2022 13:26:12.000	18.813	0001.166	0023.712	0071.830	0003.908	0037.470	0008.175	0008.143	0046.473	0001.162	30.387007	-88.822090
06/10/2022 13:26:13.000	18.125	0001.152	0023.706	0071.825	0003.923	0037.416	0008.038	0008.141	0046.398	0001.148	30.387007	-88.822090
06/10/2022 13:26:13.000	17.375	0001.141	0023.698	0071.825	0003.917	0037.140	0008.038	0008.139	0046.015	0001.137	30.387006	-88.822090
06/10/2022 13:26:13.000	15.750	0001.119	0023.678	0071.990	0003.938	0036.614	0008.225	0008.149	0045.286	0001.116	30.387006	-88.822090
06/10/2022 13:26:13.000	14.875	0001.084	0023.664	0071.990	0003.938	0036.490	0008.825	0008.149	0045.115	0001.081	30.387006	-88.822090
06/10/2022 13:26:14.000	15.688	0001.053	0023.646	0071.990	0003.977	0036.366	0009.175	0008.153	0044.943	0001.050	30.387006	-88.822089
06/10/2022 13:26:14.000	15.688	0001.020	0023.629	0071.985	0004.026	0036.458	0009.125	0008.149	0045.071	0001.017	30.387005	-88.822089
06/10/2022 13:26:14.000	15.438	0000.996	0023.608	0072.000	0004.039	0036.616	0008.938	0008.150	0045.289	0000.993	30.387005	-88.822089
06/10/2022 13:26:14.000	15.563	0000.979	0023.596	0072.945	0004.067	0036.496	0009.500	0008.153	0045.123	0000.976	30.387005	-88.822089
06/10/2022 13:26:15.000	15.438	0000.965	0023.590	0072.945	0004.086	0036.118	0009.538	0008.161	0044.601	0000.962	30.387005	-88.822089
06/10/2022 13:26:15.000	15.187	0000.942	0023.588	0072.950	0004.095	0035.984	0009.050	0008.157	0044.416	0000.939	30.387004	-88.822089
06/10/2022 13:26:15.000	15.250	0000.919	0023.586	0072.945	0004.109	0035.892	0008.713	0008.157	0044.289	0000.916	30.387004	-88.822089
06/10/2022 13:26:15.000	15.250	0000.893	0023.585	0073.785	0004.131	0035.916	0008.825	0008.167	0044.322	0000.890	30.387004	-88.822089
06/10/2022 13:26:16.000	15.313	0000.864	0023.576	0073.785	0004.155	0035.994	0008.788	0008.167	0044.430	0000.861	30.387004	-88.822088
06/10/2022 13:26:16.000	14.438	0000.839	0023.573	0073.790	0004.222	0036.200	0009.012	0008.167	0044.714	0000.836	30.387004	-88.822088
06/10/2022 13:26:16.000	14.188	0000.808	0023.571	0073.790	0004.213	0036.192	0008.637	0008.174	0044.703	0000.805	30.387004	-88.822088
06/10/2022 13:26:16.000	14.188	0000.782	0023.570	0073.790	0004.250	0036.108	0008.450	0008.170	0044.587	0000.780	30.387003	-88.822088
06/10/2022 13:26:17.000	13.375	0000.756	0023.569	0074.365	0004.312	0035.994	0008.925	0008.174	0044.430	0000.754	30.387003	-88.822088
06/10/2022 13:26:17.000	13.125	0000.730	0023.567	0074.365	0004.302	0035.778	0009.463	0008.176	0044.132	0000.728	30.387003	-88.822088
06/10/2022 13:26:17.000	13.375	0000.712	0023.563	0074.365	0004.370	0035.598	0009.300	0008.180	0043.884	0000.710	30.387003	-88.822088
06/10/2022 13:26:17.000	13.563	0000.695	0023.547	0074.360	0004.369	0035.262	0009.350	0008.180	0043.422	0000.693	30.387003	-88.822088
06/10/2022 13:26:18.000	13.625	0000.674	0023.541	0074.330	0004.347	0035.166	0009.600	0008.172	0043.290	0000.672	30.387002	-88.822087
06/10/2022 13:26:18.000	13.750	0000.641	0023.526	0074.670	0004.378	0035.056	0009.512	0008.174	0043.139	0000.639	30.387002	-88.822087
06/10/2022 13:26:18.000	13.875	0000.607	0023.499	0074.665	0004.415	0034.910	0008.875	0008.173	0042.939	0000.605	30.387002	-88.822087
06/10/2022 13:26:18.000	13.375	0000.572	0023.464	0074.660	0004.450	0034.900	0009.025	0008.181	0042.925	0000.570	30.387002	-88.822087
06/10/2022 13:26:19.000	13.687	0000.547	0023.437	0074.660	0004.467	0034.800	0009.325	0008.183	0042.788	0000.545	30.387002	-88.822087
06/10/2022 13:26:19.000	13.250	0000.533	0023.420	0075.215	0004.531	0034.662	0009.375	0008.176	0042.599	0000.531	30.387001	-88.822087
06/10/2022 13:26:19.000	13.062	0000.525	0023.404	0075.210	0004.511	0034.586	0008.813	0008.189	0042.494	0000.523	30.387001	-88.822087
06/10/2022 13:26:19.000	13.250	0000.505	0023.384	0075.215	0004.514	0034.586	0008.913	0008.186	0042.494	0000.503	30.387001	-88.822087
06/10/2022 13:26:20.000	13.000	0000.463	0023.380	0075.215	0004.566	0034.590	0008.400	0008.180	0042.500	0000.462	30.387001	-88.822086
06/10/2022 13:26:20.000	12.687	0000.420	0023.380	0075.220	0004.616	0034.640	0008.550	0008.181	0042.568	0000.419	30.387000	-88.822086
06/10/2022 13:26:20.000	12.813	0000.390	0023.385	0076.615	0004.646	0034.612	0008.688	0008.187	0042.530	0000.389	30.387000	-88.822086
06/10/2022 13:26:20.000	12.813	0000.380	0023.386	0076.615	0004.674	0034.602	0008.850	0008.187	0042.516	0000.379	30.387000	-88.822086
06/10/2022 13:26:21.000	12.375	0000.379	0023.383	0076.615	0004.724	0034.646	0008.875	0008.187	0042.577	0000.378	30.387000	-88.822086
06/10/2022 13:26:21.000	12.563	0000.374	0023.370	0076.615	0004.657	0034.598	0009.238	0008.190	0042.511	0000.373	30.387000	-88.822086
06/10/2022 13:26:21.000	12.938	0000.350	0023.356	0076.615	0004.729	0034.492	0008.863	0008.185	0042.366	0000.349	30.387000	-88.822086
06/10/2022 13:26:21.000	12.687	0000.315	0023.347	0077.040	0004.705	0034.354	0008.637	0008.187	0042.177	0000.314	30.386999	-88.822085
06/10/2022 13:26:22.000	12.563	0000.268	0023.346	0077.035	0004.738	0034.470	0008.313	0008.184	0042.336	0000.267	30.386999	-88.822085
06/10/2022 13:26:22.000	12.687	0000.238	0023.350	0077.035	0004.832	0034.528	0008.137	0008.188	0042.415	0000.237	30.386999	-88.822085
06/10/2022 13:26:22.000	12.437	0000.225	0023.350	0077.040	0004.800	0034.086	0008.000	0008.193	0041.810	0000.224	30.386999	-88.822085
06/10/2022 13:26:22.000	12.250	0000.219	0023.322	0077.605	0004.853	0033.954	0007.813	0008.197	0041.630	0000.218	30.386999	-88.822085
06/10/2022 13:26:23.000	12.000	0000.209	0023.291	0077.600	0004.868	0034.112	0008.262	0008.200	0041.846	0000.208	30.386999	-88.822085
06/10/2022 13:26:23.000	12.000	0000.185	0023.274	0077.600	0004.892	0034.170	0007.950	0008.202	0041.925	0000.184	30.386998	-88.822085
06/10/2022 13:26:23.000	12.313	0000.159	0023.274	0077.595	0004.884	0034.052	0007.763	0008.202	0041.764	0000.159	30.386998	-88.822084
06/10/2022 13:26:23.000	12.250	0000.112	0023.277	0077.600	0004.925	0034.058	0008.000	0008.206	0041.772	0000.112	30.386998	-88.822084
06/10/2022 13:26:24.000	12.250	0000.083	0023.282	0078.630	0004.970	0034.138	0008.450	0008.197	0041.882	0000.083	30.386998	-88.822084
06/10/2022 13:26:24.000	12.250	0000.072	0023.283	0078.625	0005.015	0034.154	0008.137	0008.203	0041.903	0000.072	30.386997	-88.822084
06/10/2022 13:26:24.000	12.000	0000.066	0023.273	0078.625	0005.037	0033.926	0007.988	0008.201	0041.592	0000.066	30.386997	-88.822084
06/10/2022 13:26:24.000	12.062	0000.051	0023.263	0078.630	0005.072	0033.796	0007.875	0008.260	0041.415	0000.051	30.386997	-88.822084
06/10/2022 13:26:25.000	11.625	0000.029	0023.249	0078.625	0005.043	0033.956	0008.600	0008.223	0041.633	0000.029	30.386997	-88.822084
06/10/2022 13:26:25.000	11.688	0000.002	0023.247	0079.970	0005.083	0034.104	0008.338	0008.225	0041.835	0000.002	30.386997	-88.822084
06/10/2022 13:26:25.000	12.500	-000.012	0023.248	0079.960	0005.093	0033.976	0008.363	0008.217	0041.660	-000.012	30.386996	-88.822084
06/10/2022 13:26:25.000	12.000	-000.003	0023.254	0079.970	0005.165	0033.902	0008.675	0008.223	0041.559	-000.003	30.386996	-88.822084
06/10/2022 13:26:26.000	11.688	-000.001	0023.253	0079.970	0005.142	0033.982	0009.100	0008.215	0041.668	-000.001	30.386996	-88.822084
06/10/2022 13:26:26.000	11.688	-000.001	0023.242	0080.730	0005.112	0033.904	0009.100	0008.219	0041.562	-000.001	30.386996	-88.822083
06/10/2022 13:26:26.000	11.750	0000.002	0023.230	0080.710	0005.134	0033.848	0009.163	0008.220	0041.486	0000.002	30.386996	-88.822083
06/10/2022 13:26:26.000	11.938	0000.000	0023.220	0080.720	0005.114	0033.850	0009.363	0008.222	0041.488	0000.000	30.386996	-88.822083
06/10/2022 13:26:27.000	11.875	-000.001	0023.222	0080.715	0005.139	0033.814	0009.288	0008.218	0041.439	-000.001	30.386995	-88.822083
06/10/2022 13:26:27.000	12.000	-000.001	0023.224	0080.720	0005.127	0033.784	0009.213	0008.219	0041.398	-000.001	30.386995	-88.822083
06/10/2022 13:26:27.000	12.062	-000.001	0023.222	0081.390	0005.121	0033.758	0009.538	0008.215	0041.363	-000.001	30.386995	-88.822083
06/10/2022 13:26:27.000	11.688	-000.001	0023.222	0081.380	0005.153	0033.710	0009.188	0008.217	0041.297	-000.001	30.386995	-88.822083
06/10/2022 13:26:28.000	11.688	-000.000	0023.217	0081.380	0005.090	0033.622	0008.925	0008.225	0041.177	-000.000	30.386995	-88.822083
06/10/2022 13:26:28.000	11.812	0000.001	0023.215	0081.380	0005.105	0033.500	0008.775	0008.226	0041.011	0000.001	30.386994	-88.822082
06/10/2022 13:26:28.000	11.875	0000.002	0023.216	0081.395	0005.128	0033.316	0008.863	0008.222	0040.761	0000.002	30.386994	-88.822082
06/10/2022 13:26:28.000	11.875	0000.000	0023.213	0081.770	0005.102	0033.312	0008.988	0008.222	0040.755	0000.000	30.386994	-88.822082
06/10/2022 13:26:29.000	11.750	-000.001	0023.211	0081.775	0005.156	0033.246	0008.713	0008.223	0040.665	-000.001	30.386994	-88.822082
06/10/2022 13:26:29.000	11.812	-000.001	0023.199	0081.770	0005.119	0033.224	0008.738	0008.226	0040.635	-000.001	30.386994	-88.822082
06/10/2022 13:26:29.000	11.750	-000.001	0023.194	0081.780	0005.118	0033.256	0008.938	0008.226	0040.679	-000.001	30.386993	-88.822082
06/10/2022 13:26:29.000	11.875	0000.004	0023.195	0082.170	0005.116	0033.260	0008.738	0008.231	0040.684	0000.004	30.386993	-88.822082
06/10/2022 13:26:30.000	12.250	0000.005	0023.187	0082.135	0005.112	0033.228	0009.275	0008.234	0040.641	0000.005	30.386993	-88.822081
06/10/2022 13:26:30.000	12.000	-000.000	0023.184	0082.155	0005.090	0033.070	0009.050	0008.220	0040.426	-000.000	30.386993	-88.822081
06/10/2022 13:26:30.000	12.188	-000.002	0023.178	0082.155	0005.139	0032.868	0008.250	0008.228	0040.152	-000.002	30.386993	-88.822081
06/10/2022 13:26:30.000	11.437	-000.000	0023.161	0082.155	0005.161	0032.958	0008.637	0008.228	0040.274	-000.000	30.386992	-88.822081
06/10/2022 13:26:31.000	11.437	0000.002	0023.148	0082.245	0005.142	0033.040	0008.613	0008.230	0040.385	0000.002	30.386992	-88.822081
06/10/2022 13:26:31.000	11.688	0000.005	0023.135	0082.245	0005.140	0033.028	0009.163	0008.227	0040.369	0000.005	30.386992	-88.822081
06/10/2022 13:26:31.000	11.500	-000.001	0023.128	0082.240	0005.123	0032.972	0009.050	0008.232	0040.293	-000.001	30.386992	-88.822081
