Date / Time	TURBIDITY;FTU	PRESSURE;DBAR	TEMPERATURE;C	DISSOLVED OXYGEN;SAT%	ALTITUDE;M	CONDUCTIVITY;MS/CM	FLUOROMETER (C);UG/L	PH;PH	Calc. SALINITY; PSU	Calc. DEPTH;M	LATITUDE;DEG	LONGITUDE;DEG
06/10/2022 12:32:02.000	113.500	-000.003	0022.300	0089.140	0003.421	0027.478	0007.725	0008.264	0032.934	-000.003	30.387530	-88.853995
06/10/2022 12:32:02.000	132.375	-000.003	0022.298	0089.150	0000.000	0027.160	0008.762	0008.263	0032.515	-000.003	30.387531	-88.853992
06/10/2022 12:32:02.000	44.750	-000.002	0022.301	0089.150	0003.598	0027.636	0009.175	0008.265	0033.143	-000.002	30.387532	-88.853988
06/10/2022 12:32:03.000	27.500	-000.002	0022.301	0089.150	0003.596	0027.474	0008.913	0008.264	0032.929	-000.002	30.387534	-88.853984
06/10/2022 12:32:03.000	59.313	-000.001	0022.299	0089.200	0003.579	0027.232	0009.038	0008.266	0032.610	-000.001	30.387536	-88.853977
06/10/2022 12:32:03.000	33.000	-000.004	0022.297	0089.200	0003.647	0022.822	0008.463	0008.264	0026.861	-000.004	30.387537	-88.853973
06/10/2022 12:32:03.000	121.062	-000.003	0022.301	0089.200	0003.554	0017.096	0008.475	0008.263	0019.604	-000.003	30.387538	-88.853970
06/10/2022 12:32:04.000	638.688	-000.003	0022.301	0089.195	0003.591	0025.468	0008.663	0008.267	0030.294	-000.003	30.387539	-88.853966
06/10/2022 12:32:04.000	135.188	-000.003	0022.296	0089.195	0003.590	0027.712	0008.800	0008.264	0033.243	-000.003	30.387541	-88.853960
06/10/2022 12:32:04.000	22.875	-000.001	0022.298	0089.985	0003.584	0027.722	0008.775	0008.266	0033.257	-000.001	30.387542	-88.853957
06/10/2022 12:32:04.000	55.563	-000.001	0022.302	0089.980	0003.555	0020.084	0008.750	0008.265	0023.361	-000.001	30.387543	-88.853953
06/10/2022 12:32:05.000	26.188	-000.004	0022.301	0089.975	0003.524	0024.790	0008.463	0008.264	0029.410	-000.004	30.387544	-88.853950
06/10/2022 12:32:05.000	1700.438	-000.004	0022.298	0089.975	0003.530	0026.090	0008.550	0008.264	0031.108	-000.004	30.387546	-88.853944
06/10/2022 12:32:05.000	477.812	-000.003	0022.295	0090.200	0003.584	0027.772	0008.825	0008.267	0033.323	-000.003	30.387547	-88.853941
06/10/2022 12:32:05.000	66.875	0000.007	0022.294	0090.185	0000.000	0026.360	0009.063	0008.266	0031.462	0000.007	30.387548	-88.853938
06/10/2022 12:32:06.000	159.125	-000.014	0022.293	0090.195	0003.555	0009.052	0009.050	0008.263	0009.860	-000.014	30.387549	-88.853935
06/10/2022 12:32:06.000	194.438	-000.005	0022.293	0090.195	0003.544	0026.716	0009.125	0008.265	0031.930	-000.005	30.387551	-88.853930
06/10/2022 12:32:06.000	240.062	-000.004	0022.293	0090.195	0003.534	0027.444	0008.913	0008.264	0032.889	-000.004	30.387552	-88.853927
06/10/2022 12:32:06.000	49.437	-000.003	0022.296	0089.850	0003.506	0027.370	0008.750	0008.265	0032.792	-000.003	30.387553	-88.853924
06/10/2022 12:32:07.000	19.938	-000.004	0022.297	0089.840	0003.491	0023.934	0008.825	0008.265	0028.298	-000.004	30.387554	-88.853921
06/10/2022 12:32:07.000	1353.438	-000.004	0022.300	0089.840	0003.575	0014.528	0009.063	0008.264	0016.430	-000.004	30.387556	-88.853916
06/10/2022 12:32:07.000	1328.250	-000.003	0022.301	0089.845	0000.000	0027.578	0009.213	0008.264	0033.066	-000.003	30.387556	-88.853913
06/10/2022 12:32:07.000	240.875	0000.000	0022.299	0089.860	0003.525	0027.744	0008.663	0008.265	0033.286	0000.000	30.387557	-88.853911
06/10/2022 12:32:08.000	39.750	0000.000	0022.305	0089.650	0003.513	0027.634	0008.525	0008.264	0033.140	0000.000	30.387558	-88.853908
06/10/2022 12:32:08.000	205.125	-000.005	0022.305	0089.650	0003.490	0026.564	0008.438	0008.264	0031.730	-000.005	30.387560	-88.853903
06/10/2022 12:32:08.000	570.000	-000.004	0022.308	0089.655	0003.493	0011.870	0008.725	0008.263	0013.205	-000.004	30.387561	-88.853901
06/10/2022 12:32:08.000	132.625	-000.003	0022.312	0089.650	0003.509	0027.740	0008.963	0008.265	0033.280	-000.003	30.387562	-88.853898
06/10/2022 12:32:09.000	24.250	-000.002	0022.315	0089.595	0003.539	0027.824	0009.375	0008.265	0033.392	-000.002	30.387562	-88.853896
06/10/2022 12:32:09.000	13.625	-000.005	0022.316	0089.590	0003.488	0027.352	0009.563	0008.264	0032.768	-000.005	30.387564	-88.853892
06/10/2022 12:32:09.000	83.125	-000.005	0022.319	0089.595	0003.449	0023.476	0009.288	0008.264	0027.705	-000.005	30.387565	-88.853889
06/10/2022 12:32:09.000	73.750	-000.004	0022.324	0089.600	0003.443	0027.892	0009.375	0008.264	0033.482	-000.004	30.387566	-88.853887
06/10/2022 12:32:10.000	16.437	0000.005	0022.323	0089.605	0003.462	0027.906	0009.450	0008.265	0033.500	0000.005	30.387567	-88.853885
06/10/2022 12:32:10.000	15.688	0000.001	0022.326	0089.535	0003.478	0026.624	0009.600	0008.263	0031.809	0000.001	30.387568	-88.853881
06/10/2022 12:32:10.000	257.750	-000.003	0022.327	0089.525	0003.466	0027.576	0009.613	0008.263	0033.064	-000.003	30.387569	-88.853879
06/10/2022 12:32:10.000	32.062	-000.003	0022.329	0089.530	0003.440	0027.826	0009.813	0008.264	0033.394	-000.003	30.387570	-88.853877
06/10/2022 12:32:11.000	12.750	-000.003	0022.325	0089.525	0003.428	0027.868	0009.500	0008.265	0033.450	-000.003	30.387571	-88.853875
06/10/2022 12:32:11.000	16.938	0000.001	0022.322	0089.520	0003.404	0027.872	0009.100	0008.264	0033.455	0000.001	30.387572	-88.853870
06/10/2022 12:32:11.000	12.125	-000.005	0022.320	0089.435	0003.433	0027.672	0008.913	0008.264	0033.191	-000.005	30.387573	-88.853868
06/10/2022 12:32:11.000	57.562	-000.007	0022.318	0089.425	0003.437	0004.518	0008.800	0008.263	0004.684	-000.007	30.387574	-88.853866
06/10/2022 12:32:12.000	211.750	-000.004	0022.319	0089.430	0003.469	0027.646	0009.125	0008.262	0033.156	-000.004	30.387575	-88.853864
06/10/2022 12:32:12.000	23.937	-000.003	0022.320	0089.430	0003.447	0027.860	0009.400	0008.265	0033.439	-000.003	30.387576	-88.853861
06/10/2022 12:32:12.000	19.188	0000.001	0022.321	0089.375	0003.453	0027.852	0009.563	0008.264	0033.429	0000.001	30.387577	-88.853859
06/10/2022 12:32:12.000	11.437	-000.005	0022.316	0089.385	0003.411	0027.688	0009.488	0008.264	0033.212	-000.005	30.387578	-88.853856
06/10/2022 12:32:13.000	11.187	-000.006	0022.317	0089.370	0003.402	0025.664	0009.488	0008.264	0030.550	-000.006	30.387579	-88.853854
06/10/2022 12:32:13.000	11.437	-000.005	0022.317	0089.365	0003.418	0027.714	0009.488	0008.264	0033.246	-000.005	30.387579	-88.853852
06/10/2022 12:32:13.000	11.187	-000.004	0022.318	0089.365	0003.431	0027.842	0009.425	0008.263	0033.415	-000.004	30.387580	-88.853850
06/10/2022 12:32:13.000	13.813	-000.003	0022.316	0089.370	0003.467	0027.870	0009.288	0008.264	0033.452	-000.003	30.387581	-88.853847
06/10/2022 12:32:14.000	10.625	-000.004	0022.318	0089.370	0003.402	0027.790	0009.750	0008.263	0033.347	-000.004	30.387582	-88.853845
06/10/2022 12:32:14.000	40.062	-000.007	0022.320	0089.370	0003.399	0026.458	0009.525	0008.263	0031.591	-000.007	30.387583	-88.853843
06/10/2022 12:32:14.000	35.625	-000.004	0022.316	0089.360	0003.431	0027.742	0009.400	0008.263	0033.283	-000.004	30.387583	-88.853842
06/10/2022 12:32:14.000	13.625	-000.003	0022.312	0089.360	0003.414	0027.826	0009.100	0008.263	0033.394	-000.003	30.387585	-88.853838
06/10/2022 12:32:15.000	11.688	-000.003	0022.313	0089.365	0003.415	0027.884	0009.188	0008.264	0033.471	-000.003	30.387585	-88.853837
06/10/2022 12:32:15.000	10.500	-000.001	0022.316	0089.370	0003.415	0027.810	0009.188	0008.263	0033.373	-000.001	30.387586	-88.853835
06/10/2022 12:32:15.000	12.000	-000.003	0022.320	0089.370	0003.400	0027.156	0009.450	0008.262	0032.509	-000.003	30.387587	-88.853833
06/10/2022 12:32:15.000	11.938	-000.003	0022.322	0089.370	0003.380	0027.890	0009.438	0008.264	0033.479	-000.003	30.387588	-88.853830
06/10/2022 12:32:16.000	10.500	-000.003	0022.326	0089.335	0003.379	0027.908	0009.238	0008.264	0033.503	-000.003	30.387589	-88.853829
06/10/2022 12:32:16.000	10.375	-000.001	0022.329	0089.350	0003.386	0027.918	0009.225	0008.264	0033.516	-000.001	30.387589	-88.853827
06/10/2022 12:32:16.000	10.750	-000.001	0022.334	0089.340	0003.391	0027.858	0009.425	0008.262	0033.437	-000.001	30.387590	-88.853825
06/10/2022 12:32:16.000	11.000	-000.007	0022.337	0089.340	0003.389	0027.518	0009.300	0008.263	0032.987	-000.007	30.387591	-88.853822
06/10/2022 12:32:17.000	12.125	-000.003	0022.338	0089.335	0003.385	0027.846	0009.225	0008.262	0033.421	-000.003	30.387591	-88.853822
06/10/2022 12:32:17.000	10.500	-000.003	0022.337	0089.385	0003.376	0027.894	0009.512	0008.264	0033.484	-000.003	30.387593	-88.853819
06/10/2022 12:32:17.000	10.500	-000.002	0022.334	0089.380	0003.382	0027.880	0009.675	0008.264	0033.466	-000.002	30.387593	-88.853817
06/10/2022 12:32:17.000	14.750	-000.005	0022.335	0089.385	0003.254	0027.226	0009.675	0008.263	0032.602	-000.005	30.387594	-88.853816
06/10/2022 12:32:18.000	10.625	-000.004	0022.331	0089.375	0003.249	0027.786	0009.538	0008.263	0033.341	-000.004	30.387595	-88.853813
06/10/2022 12:32:18.000	10.562	0000.001	0022.327	0089.375	0003.378	0027.880	0009.625	0008.266	0033.466	0000.001	30.387595	-88.853812
06/10/2022 12:32:18.000	11.063	0000.002	0022.325	0089.350	0003.369	0027.880	0010.025	0008.263	0033.466	0000.002	30.387596	-88.853811
06/10/2022 12:32:18.000	10.438	0000.001	0022.326	0089.350	0003.371	0027.756	0009.963	0008.263	0033.302	0000.001	30.387597	-88.853808
06/10/2022 12:32:19.000	11.750	-000.005	0022.324	0089.350	0003.374	0027.640	0009.788	0008.263	0033.148	-000.005	30.387597	-88.853806
06/10/2022 12:32:19.000	11.063	-000.004	0022.322	0089.350	0003.392	0027.792	0009.838	0008.263	0033.349	-000.004	30.387598	-88.853805
06/10/2022 12:32:19.000	10.500	-000.003	0022.320	0089.305	0003.394	0027.774	0009.675	0008.263	0033.325	-000.003	30.387598	-88.853803
06/10/2022 12:32:19.000	10.625	-000.003	0022.320	0089.300	0003.371	0027.638	0009.975	0008.264	0033.146	-000.003	30.387599	-88.853801
06/10/2022 12:32:20.000	10.500	-000.003	0022.321	0089.315	0003.364	0027.848	0009.863	0008.264	0033.423	-000.003	30.387600	-88.853800
06/10/2022 12:32:20.000	10.375	-000.001	0022.317	0089.315	0003.341	0027.854	0009.738	0008.264	0033.431	-000.001	30.387600	-88.853798
06/10/2022 12:32:20.000	24.875	-000.001	0022.316	0089.305	0003.363	0027.872	0009.538	0008.264	0033.455	-000.001	30.387601	-88.853797
06/10/2022 12:32:20.000	11.437	-000.002	0022.315	0089.320	0000.000	0027.860	0009.350	0008.263	0033.439	-000.002	30.387602	-88.853794
06/10/2022 12:32:21.000	11.000	-000.005	0022.315	0089.325	0003.382	0027.804	0009.725	0008.263	0033.365	-000.005	30.387602	-88.853793
06/10/2022 12:32:21.000	10.812	-000.004	0022.317	0089.320	0003.381	0027.624	0009.975	0008.263	0033.127	-000.004	30.387603	-88.853791
06/10/2022 12:32:21.000	10.562	-000.004	0022.318	0089.320	0003.368	0027.670	0009.850	0008.261	0033.188	-000.004	30.387603	-88.853790
06/10/2022 12:32:21.000	10.500	-000.003	0022.320	0089.330	0003.349	0027.860	0009.550	0008.264	0033.439	-000.003	30.387604	-88.853788
06/10/2022 12:32:22.000	11.125	-000.002	0022.322	0089.285	0003.325	0027.884	0009.575	0008.264	0033.471	-000.002	30.387605	-88.853787
06/10/2022 12:32:22.000	10.313	0000.002	0022.322	0089.285	0003.329	0027.884	0009.863	0008.263	0033.471	0000.002	30.387605	-88.853785
06/10/2022 12:32:22.000	10.438	-000.002	0022.322	0089.280	0003.320	0027.806	0009.762	0008.264	0033.368	-000.002	30.387606	-88.853784
06/10/2022 12:32:22.000	10.375	-000.007	0022.321	0089.265	0003.332	0027.082	0009.400	0008.263	0032.412	-000.007	30.387607	-88.853781
06/10/2022 12:32:23.000	11.000	-000.002	0022.324	0089.285	0003.344	0027.800	0009.325	0008.261	0033.360	-000.002	30.387607	-88.853780
06/10/2022 12:32:23.000	10.313	-000.002	0022.324	0089.285	0003.336	0027.876	0009.463	0008.265	0033.460	-000.002	30.387607	-88.853779
06/10/2022 12:32:23.000	10.375	0000.005	0022.323	0089.295	0000.000	0027.882	0009.700	0008.265	0033.468	0000.005	30.387608	-88.853778
06/10/2022 12:32:23.000	10.562	0000.008	0022.324	0089.285	0003.303	0027.870	0009.588	0008.263	0033.452	0000.008	30.387609	-88.853776
06/10/2022 12:32:24.000	10.625	-000.008	0022.323	0089.285	0003.309	0027.652	0009.738	0008.264	0033.164	-000.008	30.387609	-88.853774
06/10/2022 12:32:24.000	14.125	-000.006	0022.323	0089.325	0003.342	0014.024	0009.637	0008.263	0015.814	-000.006	30.387610	-88.853773
06/10/2022 12:32:24.000	75.250	-000.003	0022.323	0089.325	0003.355	0027.484	0009.738	0008.263	0032.942	-000.003	30.387610	-88.853772
06/10/2022 12:32:24.000	14.562	-000.003	0022.321	0089.320	0003.354	0027.872	0009.650	0008.265	0033.455	-000.003	30.387611	-88.853770
06/10/2022 12:32:25.000	11.875	0000.015	0022.323	0089.315	0003.339	0027.880	0009.375	0008.265	0033.466	0000.015	30.387611	-88.853770
06/10/2022 12:32:25.000	11.313	0000.020	0022.321	0089.325	0003.313	0027.878	0009.750	0008.264	0033.463	0000.020	30.387612	-88.853767
06/10/2022 12:32:25.000	10.875	-000.001	0022.321	0089.315	0003.261	0027.766	0009.913	0008.264	0033.315	-000.001	30.387612	-88.853766
06/10/2022 12:32:25.000	11.000	-000.008	0022.320	0089.315	0003.309	0023.696	0009.738	0008.264	0027.990	-000.008	30.387613	-88.853765
06/10/2022 12:32:26.000	146.938	-000.003	0022.315	0089.315	0003.354	0027.192	0010.362	0008.263	0032.557	-000.003	30.387613	-88.853764
06/10/2022 12:32:26.000	21.875	-000.002	0022.316	0089.315	0003.353	0027.720	0010.300	0008.263	0033.254	-000.002	30.387614	-88.853762
06/10/2022 12:32:26.000	11.063	-000.002	0022.316	0089.365	0003.345	0027.866	0010.450	0008.265	0033.447	-000.002	30.387614	-88.853761
06/10/2022 12:32:26.000	10.250	0000.004	0022.317	0089.360	0003.348	0027.882	0009.988	0008.264	0033.468	0000.004	30.387615	-88.853760
06/10/2022 12:32:27.000	10.375	0000.004	0022.324	0089.365	0003.335	0027.866	0009.563	0008.264	0033.447	0000.004	30.387615	-88.853759
06/10/2022 12:32:27.000	10.125	-000.005	0022.330	0089.370	0003.320	0027.870	0009.738	0008.263	0033.452	-000.005	30.387616	-88.853757
06/10/2022 12:32:27.000	10.187	-000.006	0022.335	0089.365	0003.303	0027.800	0009.762	0008.264	0033.360	-000.006	30.387616	-88.853756
06/10/2022 12:32:27.000	10.250	-000.005	0022.334	0089.375	0003.309	0027.852	0009.838	0008.264	0033.429	-000.005	30.387617	-88.853755
06/10/2022 12:32:28.000	10.313	-000.003	0022.328	0089.370	0003.312	0027.862	0010.425	0008.264	0033.442	-000.003	30.387617	-88.853754
06/10/2022 12:32:28.000	10.250	-000.005	0022.325	0089.375	0003.309	0027.800	0009.963	0008.261	0033.360	-000.005	30.387618	-88.853752
06/10/2022 12:32:28.000	10.375	-000.005	0022.325	0089.375	0003.306	0027.564	0010.225	0008.263	0033.048	-000.005	30.387618	-88.853751
06/10/2022 12:32:28.000	10.250	-000.003	0022.320	0089.375	0003.308	0027.824	0010.163	0008.264	0033.392	-000.003	30.387618	-88.853750
06/10/2022 12:32:29.000	10.063	-000.003	0022.317	0089.400	0003.308	0027.868	0010.075	0008.265	0033.450	-000.003	30.387619	-88.853749
06/10/2022 12:32:29.000	10.063	0000.005	0022.319	0089.395	0003.297	0027.874	0010.137	0008.264	0033.458	0000.005	30.387619	-88.853747
06/10/2022 12:32:29.000	10.187	0000.005	0022.321	0089.395	0003.328	0027.878	0009.950	0008.264	0033.463	0000.005	30.387620	-88.853746
06/10/2022 12:32:29.000	10.063	-000.006	0022.324	0089.395	0003.308	0027.852	0009.938	0008.263	0033.429	-000.006	30.387620	-88.853745
06/10/2022 12:32:30.000	10.250	-000.008	0022.326	0089.345	0003.313	0025.926	0009.963	0008.263	0030.893	-000.008	30.387621	-88.853744
06/10/2022 12:32:30.000	10.875	-000.004	0022.326	0089.325	0003.311	0027.896	0010.137	0008.265	0033.487	-000.004	30.387621	-88.853742
06/10/2022 12:32:30.000	10.500	-000.005	0022.327	0089.345	0003.329	0027.886	0010.013	0008.265	0033.474	-000.005	30.387622	-88.853742
06/10/2022 12:32:30.000	10.250	-000.001	0022.328	0089.350	0003.317	0027.918	0009.838	0008.265	0033.516	-000.001	30.387622	-88.853741
06/10/2022 12:32:31.000	10.313	0000.004	0022.326	0089.345	0003.300	0027.884	0009.850	0008.264	0033.471	0000.004	30.387622	-88.853740
06/10/2022 12:32:31.000	10.562	0000.002	0022.323	0089.320	0003.303	0027.860	0009.925	0008.264	0033.439	0000.002	30.387623	-88.853738
06/10/2022 12:32:31.000	10.500	-000.002	0022.319	0089.320	0003.311	0027.778	0010.200	0008.263	0033.331	-000.002	30.387623	-88.853737
06/10/2022 12:32:31.000	10.438	-000.002	0022.314	0089.320	0003.296	0027.742	0010.163	0008.264	0033.283	-000.002	30.387624	-88.853736
06/10/2022 12:32:32.000	10.438	-000.002	0022.308	0089.320	0003.299	0027.770	0010.150	0008.265	0033.320	-000.002	30.387624	-88.853735
06/10/2022 12:32:32.000	10.187	-000.003	0022.306	0089.325	0003.296	0027.818	0009.875	0008.265	0033.384	-000.003	30.387624	-88.853734
06/10/2022 12:32:32.000	10.187	-000.002	0022.304	0089.320	0003.349	0027.830	0010.000	0008.264	0033.400	-000.002	30.387625	-88.853733
06/10/2022 12:32:32.000	10.375	-000.001	0022.302	0089.330	0003.287	0027.818	0009.762	0008.264	0033.384	-000.001	30.387625	-88.853732
06/10/2022 12:32:33.000	10.187	-000.003	0022.306	0089.330	0003.288	0027.828	0009.750	0008.263	0033.397	-000.003	30.387625	-88.853731
06/10/2022 12:32:33.000	10.562	-000.004	0022.307	0089.330	0003.284	0027.784	0010.063	0008.263	0033.339	-000.004	30.387626	-88.853729
06/10/2022 12:32:33.000	10.500	-000.003	0022.310	0089.320	0003.278	0027.776	0010.313	0008.263	0033.328	-000.003	30.387626	-88.853728
06/10/2022 12:32:33.000	10.438	-000.002	0022.307	0089.350	0003.277	0027.744	0010.475	0008.265	0033.286	-000.002	30.387627	-88.853728
06/10/2022 12:32:34.000	10.500	-000.001	0022.309	0089.325	0003.287	0027.808	0010.300	0008.264	0033.370	-000.001	30.387627	-88.853727
06/10/2022 12:32:34.000	10.375	-000.002	0022.306	0089.320	0003.301	0027.834	0010.812	0008.265	0033.405	-000.002	30.387628	-88.853725
06/10/2022 12:32:34.000	10.375	-000.001	0022.309	0089.330	0003.312	0027.834	0010.988	0008.264	0033.405	-000.001	30.387628	-88.853724
06/10/2022 12:32:34.000	10.125	-000.000	0022.309	0089.340	0003.332	0027.828	0010.625	0008.264	0033.397	-000.000	30.387628	-88.853724
06/10/2022 12:32:35.000	10.313	-000.002	0022.310	0089.340	0003.304	0027.800	0010.425	0008.264	0033.360	-000.002	30.387629	-88.853722
06/10/2022 12:32:35.000	10.313	-000.003	0022.309	0089.340	0003.271	0027.814	0010.738	0008.264	0033.378	-000.003	30.387629	-88.853722
06/10/2022 12:32:35.000	10.313	-000.003	0022.310	0089.335	0003.270	0027.766	0010.713	0008.263	0033.315	-000.003	30.387629	-88.853721
06/10/2022 12:32:35.000	10.375	-000.003	0022.308	0089.330	0003.260	0027.820	0010.038	0008.265	0033.386	-000.003	30.387630	-88.853719
06/10/2022 12:32:36.000	10.438	-000.003	0022.310	0089.355	0003.263	0027.820	0009.887	0008.263	0033.386	-000.003	30.387630	-88.853718
06/10/2022 12:32:36.000	10.250	-000.003	0022.312	0089.360	0003.264	0027.848	0010.175	0008.264	0033.423	-000.003	30.387630	-88.853718
06/10/2022 12:32:36.000	10.187	-000.000	0022.311	0089.360	0003.256	0027.852	0010.088	0008.265	0033.429	-000.000	30.387631	-88.853717
06/10/2022 12:32:36.000	10.187	-000.001	0022.314	0089.365	0003.259	0027.852	0009.925	0008.264	0033.429	-000.001	30.387631	-88.853716
06/10/2022 12:32:37.000	10.313	-000.003	0022.314	0089.360	0003.270	0027.830	0009.863	0008.264	0033.400	-000.003	30.387632	-88.853715
06/10/2022 12:32:37.000	10.250	-000.003	0022.316	0089.350	0003.272	0027.788	0009.875	0008.264	0033.344	-000.003	30.387632	-88.853714
06/10/2022 12:32:37.000	10.187	-000.002	0022.317	0089.370	0003.263	0027.810	0009.963	0008.264	0033.373	-000.002	30.387632	-88.853713
06/10/2022 12:32:37.000	10.250	-000.002	0022.318	0089.360	0003.314	0027.846	0009.725	0008.264	0033.421	-000.002	30.387633	-88.853712
06/10/2022 12:32:38.000	10.313	-000.002	0022.316	0089.360	0003.260	0027.856	0009.588	0008.265	0033.434	-000.002	30.387633	-88.853711
06/10/2022 12:32:38.000	10.187	-000.001	0022.316	0089.350	0003.254	0027.826	0009.700	0008.263	0033.394	-000.001	30.387633	-88.853710
06/10/2022 12:32:38.000	10.250	-000.003	0022.316	0089.350	0003.258	0027.848	0010.113	0008.264	0033.423	-000.003	30.387634	-88.853709
06/10/2022 12:32:38.000	10.187	-000.004	0022.318	0089.350	0003.254	0027.786	0010.150	0008.265	0033.341	-000.004	30.387634	-88.853708
06/10/2022 12:32:39.000	10.187	-000.004	0022.316	0089.350	0003.245	0027.810	0010.013	0008.263	0033.373	-000.004	30.387634	-88.853708
06/10/2022 12:32:39.000	10.438	-000.003	0022.316	0089.340	0003.260	0027.858	0010.113	0008.264	0033.437	-000.003	30.387635	-88.853706
06/10/2022 12:32:39.000	10.375	-000.002	0022.312	0089.360	0003.263	0027.828	0010.338	0008.264	0033.397	-000.002	30.387635	-88.853706
06/10/2022 12:32:39.000	10.313	-000.003	0022.313	0089.350	0003.256	0027.778	0010.225	0008.263	0033.331	-000.003	30.387635	-88.853705
06/10/2022 12:32:40.000	10.250	-000.003	0022.312	0089.355	0003.344	0027.776	0010.313	0008.264	0033.328	-000.003	30.387636	-88.853704
06/10/2022 12:32:40.000	10.125	-000.002	0022.310	0089.350	0003.317	0027.828	0010.325	0008.264	0033.397	-000.002	30.387636	-88.853703
06/10/2022 12:32:40.000	10.375	-000.002	0022.308	0089.365	0003.258	0027.906	0010.362	0008.264	0033.500	-000.002	30.387636	-88.853702
06/10/2022 12:32:40.000	10.250	0000.000	0022.311	0089.390	0003.243	0027.904	0010.213	0008.264	0033.497	0000.000	30.387637	-88.853702
06/10/2022 12:32:41.000	10.438	-000.001	0022.315	0089.370	0003.240	0027.950	0010.225	0008.265	0033.558	-000.001	30.387637	-88.853701
06/10/2022 12:32:41.000	10.375	-000.003	0022.323	0089.370	0003.276	0027.810	0010.263	0008.263	0033.373	-000.003	30.387637	-88.853700
06/10/2022 12:32:41.000	10.250	-000.001	0022.326	0089.375	0003.257	0027.886	0010.488	0008.264	0033.474	-000.001	30.387638	-88.853699
06/10/2022 12:32:41.000	10.250	-000.000	0022.330	0089.405	0003.265	0027.904	0010.038	0008.263	0033.497	-000.000	30.387638	-88.853698
06/10/2022 12:32:42.000	10.375	-000.002	0022.332	0089.405	0003.263	0027.916	0009.512	0008.263	0033.513	-000.002	30.387638	-88.853697
06/10/2022 12:32:42.000	10.375	0000.002	0022.328	0089.405	0003.255	0027.892	0009.738	0008.263	0033.482	0000.002	30.387638	-88.853697
06/10/2022 12:32:42.000	10.187	0000.002	0022.327	0089.395	0003.309	0027.884	0010.663	0008.264	0033.471	0000.002	30.387639	-88.853695
06/10/2022 12:32:42.000	10.125	0000.000	0022.325	0089.410	0003.240	0027.880	0010.013	0008.263	0033.466	0000.000	30.387639	-88.853695
06/10/2022 12:32:43.000	10.187	-000.002	0022.324	0089.375	0003.240	0027.732	0010.362	0008.264	0033.270	-000.002	30.387639	-88.853694
06/10/2022 12:32:43.000	10.438	-000.004	0022.319	0089.370	0003.246	0027.722	0010.263	0008.262	0033.257	-000.004	30.387640	-88.853693
06/10/2022 12:32:43.000	10.187	-000.001	0022.318	0089.375	0003.253	0027.848	0010.250	0008.264	0033.423	-000.001	30.387640	-88.853693
06/10/2022 12:32:43.000	10.250	-000.001	0022.316	0089.360	0003.253	0027.844	0010.075	0008.264	0033.418	-000.001	30.387640	-88.853692
06/10/2022 12:32:44.000	10.250	0000.000	0022.314	0089.360	0003.242	0027.852	0009.788	0008.264	0033.429	0000.000	30.387641	-88.853692
06/10/2022 12:32:44.000	10.250	0000.005	0022.315	0089.330	0003.230	0027.848	0010.150	0008.265	0033.423	0000.005	30.387641	-88.853690
06/10/2022 12:32:44.000	10.250	0000.004	0022.313	0089.350	0003.225	0027.840	0010.588	0008.264	0033.413	0000.004	30.387641	-88.853690
06/10/2022 12:32:44.000	10.313	-000.005	0022.313	0089.345	0003.234	0027.666	0010.600	0008.264	0033.183	-000.005	30.387642	-88.853689
06/10/2022 12:32:45.000	10.187	-000.002	0022.311	0089.345	0000.000	0027.702	0010.313	0008.263	0033.230	-000.002	30.387642	-88.853688
06/10/2022 12:32:45.000	10.187	-000.000	0022.313	0089.375	0003.233	0027.654	0010.588	0008.264	0033.167	-000.000	30.387642	-88.853687
06/10/2022 12:32:45.000	10.313	0000.000	0022.310	0089.365	0003.231	0027.806	0010.375	0008.263	0033.368	0000.000	30.387642	-88.853687
06/10/2022 12:32:45.000	10.375	0000.002	0022.310	0089.365	0003.258	0027.850	0010.088	0008.265	0033.426	0000.002	30.387643	-88.853686
06/10/2022 12:32:46.000	10.375	0000.011	0022.310	0089.375	0003.214	0027.852	0010.338	0008.266	0033.429	0000.011	30.387643	-88.853686
06/10/2022 12:32:46.000	10.375	0000.012	0022.310	0089.360	0003.223	0027.852	0010.550	0008.264	0033.429	0000.012	30.387643	-88.853684
06/10/2022 12:32:46.000	10.500	0000.001	0022.309	0089.335	0003.203	0027.770	0010.500	0008.264	0033.320	0000.001	30.387644	-88.853684
06/10/2022 12:32:46.000	10.250	-000.004	0022.311	0089.335	0003.215	0027.646	0009.950	0008.265	0033.156	-000.004	30.387644	-88.853683
06/10/2022 12:32:47.000	10.250	-000.001	0022.308	0089.340	0003.218	0027.720	0009.913	0008.263	0033.254	-000.001	30.387644	-88.853683
06/10/2022 12:32:47.000	10.375	-000.000	0022.307	0089.335	0003.217	0027.746	0010.488	0008.264	0033.288	-000.000	30.387645	-88.853682
06/10/2022 12:32:47.000	10.375	0000.002	0022.306	0089.360	0003.217	0027.856	0010.263	0008.267	0033.434	0000.002	30.387645	-88.853681
06/10/2022 12:32:47.000	10.250	0000.005	0022.306	0089.365	0003.211	0027.854	0009.925	0008.265	0033.431	0000.005	30.387645	-88.853680
06/10/2022 12:32:48.000	10.375	0000.004	0022.307	0089.365	0003.222	0027.846	0009.950	0008.264	0033.421	0000.004	30.387645	-88.853680
06/10/2022 12:32:48.000	10.250	-000.005	0022.307	0089.360	0003.193	0027.826	0009.688	0008.265	0033.394	-000.005	30.387646	-88.853679
06/10/2022 12:32:48.000	10.375	-000.008	0022.306	0089.365	0003.194	0027.700	0009.863	0008.264	0033.228	-000.008	30.387646	-88.853678
06/10/2022 12:32:48.000	10.438	-000.006	0022.307	0089.340	0003.215	0027.650	0010.063	0008.264	0033.161	-000.006	30.387646	-88.853678
06/10/2022 12:32:49.000	10.375	-000.005	0022.306	0089.335	0003.201	0027.824	0010.475	0008.265	0033.392	-000.005	30.387646	-88.853677
06/10/2022 12:32:49.000	10.562	-000.003	0022.308	0089.335	0003.197	0027.848	0010.038	0008.264	0033.423	-000.003	30.387647	-88.853676
06/10/2022 12:32:49.000	10.625	0000.005	0022.309	0089.340	0003.187	0027.848	0010.000	0008.264	0033.423	0000.005	30.387647	-88.853676
06/10/2022 12:32:49.000	10.438	0000.003	0022.307	0089.340	0003.179	0027.820	0010.200	0008.265	0033.386	0000.003	30.387647	-88.853675
06/10/2022 12:32:50.000	10.500	-000.007	0022.307	0089.345	0003.178	0027.706	0009.975	0008.264	0033.236	-000.007	30.387647	-88.853675
06/10/2022 12:32:50.000	10.375	-000.002	0022.307	0089.345	0003.195	0027.808	0009.900	0008.264	0033.370	-000.002	30.387648	-88.853674
06/10/2022 12:32:50.000	10.375	-000.001	0022.305	0089.340	0003.188	0027.828	0009.838	0008.265	0033.397	-000.001	30.387648	-88.853673
06/10/2022 12:32:50.000	10.313	-000.003	0022.309	0089.340	0003.185	0027.838	0009.725	0008.263	0033.410	-000.003	30.387648	-88.853673
06/10/2022 12:32:51.000	10.250	-000.003	0022.309	0089.330	0003.183	0027.782	0009.750	0008.264	0033.336	-000.003	30.387648	-88.853672
06/10/2022 12:32:51.000	10.187	-000.003	0022.308	0089.350	0003.182	0027.842	0009.663	0008.265	0033.415	-000.003	30.387648	-88.853671
06/10/2022 12:32:51.000	10.125	0000.003	0022.310	0089.335	0003.268	0027.850	0009.488	0008.265	0033.426	0000.003	30.387649	-88.853670
06/10/2022 12:32:51.000	10.313	0000.001	0022.309	0089.330	0003.181	0027.792	0009.525	0008.264	0033.349	0000.001	30.387649	-88.853670
06/10/2022 12:32:52.000	10.250	-000.003	0022.307	0089.330	0003.182	0027.774	0009.600	0008.264	0033.325	-000.003	30.387649	-88.853669
06/10/2022 12:32:52.000	10.250	-000.003	0022.309	0089.330	0003.184	0027.698	0009.738	0008.263	0033.225	-000.003	30.387649	-88.853669
06/10/2022 12:32:52.000	10.250	-000.003	0022.311	0089.330	0003.200	0027.838	0010.250	0008.265	0033.410	-000.003	30.387650	-88.853668
06/10/2022 12:32:52.000	10.250	-000.000	0022.310	0089.330	0003.212	0027.838	0009.762	0008.264	0033.410	-000.000	30.387650	-88.853668
06/10/2022 12:32:53.000	10.313	0000.002	0022.306	0089.330	0003.181	0027.828	0009.688	0008.264	0033.397	0000.002	30.387650	-88.853667
06/10/2022 12:32:53.000	10.500	0000.004	0022.304	0089.330	0003.233	0027.806	0009.450	0008.264	0033.368	0000.004	30.387650	-88.853666
06/10/2022 12:32:53.000	10.438	0000.002	0022.305	0089.295	0003.187	0027.780	0009.375	0008.264	0033.333	0000.002	30.387651	-88.853666
06/10/2022 12:32:53.000	10.625	-000.007	0022.304	0089.305	0003.200	0027.136	0009.600	0008.264	0032.483	-000.007	30.387651	-88.853665
06/10/2022 12:32:54.000	10.750	-000.002	0022.299	0089.310	0003.200	0027.548	0009.950	0008.265	0033.027	-000.002	30.387651	-88.853665
06/10/2022 12:32:54.000	10.500	-000.001	0022.298	0089.295	0000.000	0027.704	0010.075	0008.265	0033.233	-000.001	30.387651	-88.853664
06/10/2022 12:32:54.000	10.562	0000.001	0022.294	0089.305	0003.191	0027.764	0010.000	0008.267	0033.312	0000.001	30.387651	-88.853664
06/10/2022 12:32:54.000	10.375	0000.010	0022.292	0089.305	0003.175	0027.770	0010.638	0008.267	0033.320	0000.010	30.387651	-88.853663
06/10/2022 12:32:55.000	10.250	0000.014	0022.288	0089.305	0003.172	0027.766	0010.713	0008.266	0033.315	0000.014	30.387652	-88.853663
06/10/2022 12:32:55.000	10.187	0000.002	0022.288	0089.305	0003.171	0027.696	0009.913	0008.265	0033.222	0000.002	30.387652	-88.853661
06/10/2022 12:32:55.000	102.125	-000.007	0022.288	0089.305	0003.193	0025.766	0009.637	0008.264	0030.684	-000.007	30.387652	-88.853661
06/10/2022 12:32:55.000	51.813	-000.002	0022.287	0089.330	0003.207	0027.508	0009.788	0008.265	0032.974	-000.002	30.387652	-88.853661
06/10/2022 12:32:56.000	13.125	-000.001	0022.286	0089.320	0003.207	0027.662	0010.063	0008.265	0033.177	-000.001	30.387652	-88.853660
06/10/2022 12:32:56.000	10.375	0000.002	0022.286	0089.325	0003.190	0027.762	0010.137	0008.267	0033.310	0000.002	30.387653	-88.853660
06/10/2022 12:32:56.000	10.250	0000.015	0022.285	0089.315	0003.175	0027.766	0010.300	0008.267	0033.315	0000.015	30.387653	-88.853659
06/10/2022 12:32:56.000	10.313	0000.017	0022.283	0089.325	0003.153	0027.758	0010.888	0008.267	0033.304	0000.017	30.387653	-88.853659
06/10/2022 12:32:57.000	10.250	0000.002	0022.281	0089.405	0003.162	0027.728	0010.538	0008.264	0033.265	0000.002	30.387653	-88.853658
06/10/2022 12:32:57.000	10.313	-000.007	0022.282	0089.405	0003.173	0027.142	0010.425	0008.265	0032.491	-000.007	30.387654	-88.853657
06/10/2022 12:32:57.000	12.188	-000.003	0022.283	0089.400	0003.174	0026.276	0010.525	0008.263	0031.352	-000.003	30.387654	-88.853657
06/10/2022 12:32:57.000	11.625	-000.002	0022.281	0089.400	0003.183	0027.720	0010.013	0008.267	0033.254	-000.002	30.387654	-88.853656
06/10/2022 12:32:58.000	10.500	-000.001	0022.281	0089.410	0003.171	0027.750	0009.700	0008.265	0033.294	-000.001	30.387654	-88.853656
06/10/2022 12:32:58.000	10.313	0000.009	0022.282	0089.390	0003.157	0027.762	0009.738	0008.267	0033.310	0000.009	30.387654	-88.853655
06/10/2022 12:32:58.000	10.438	0000.013	0022.283	0089.410	0003.162	0027.758	0009.762	0008.264	0033.304	0000.013	30.387654	-88.853655
06/10/2022 12:32:58.000	10.438	0000.003	0022.282	0089.410	0003.151	0027.714	0009.738	0008.265	0033.246	0000.003	30.387654	-88.853654
06/10/2022 12:32:59.000	10.500	-000.006	0022.282	0089.410	0003.154	0027.220	0009.950	0008.265	0032.594	-000.006	30.387655	-88.853654
06/10/2022 12:32:59.000	11.187	-000.003	0022.282	0089.315	0003.161	0027.462	0010.338	0008.264	0032.913	-000.003	30.387655	-88.853653
06/10/2022 12:32:59.000	10.375	-000.002	0022.283	0089.320	0003.159	0027.738	0009.988	0008.267	0033.278	-000.002	30.387655	-88.853653
06/10/2022 12:32:59.000	10.313	0000.003	0022.284	0089.325	0003.159	0027.764	0009.788	0008.265	0033.312	0000.003	30.387655	-88.853652
06/10/2022 12:33:00.000	10.313	0000.007	0022.285	0089.320	0003.158	0027.762	0009.988	0008.264	0033.310	0000.007	30.387655	-88.853652
06/10/2022 12:33:00.000	10.313	0000.003	0022.285	0089.330	0003.144	0027.754	0009.850	0008.265	0033.299	0000.003	30.387656	-88.853651
06/10/2022 12:33:00.000	10.125	-000.006	0022.286	0089.305	0003.165	0027.702	0009.938	0008.264	0033.230	-000.006	30.387656	-88.853651
06/10/2022 12:33:00.000	10.187	-000.005	0022.286	0089.305	0003.152	0027.680	0009.925	0008.264	0033.201	-000.005	30.387656	-88.853650
06/10/2022 12:33:01.000	10.187	-000.004	0022.287	0089.305	0003.157	0027.736	0010.100	0008.264	0033.275	-000.004	30.387656	-88.853650
06/10/2022 12:33:01.000	10.187	-000.004	0022.288	0089.305	0003.162	0027.782	0010.050	0008.264	0033.336	-000.004	30.387656	-88.853649
06/10/2022 12:33:01.000	10.313	-000.002	0022.290	0089.320	0003.165	0027.788	0010.988	0008.264	0033.344	-000.002	30.387656	-88.853649
06/10/2022 12:33:01.000	10.250	-000.001	0022.293	0089.330	0003.163	0027.790	0010.425	0008.266	0033.347	-000.001	30.387657	-88.853648
06/10/2022 12:33:02.000	10.250	-000.002	0022.291	0089.315	0003.145	0027.764	0010.213	0008.264	0033.312	-000.002	30.387657	-88.853648
06/10/2022 12:33:02.000	10.250	-000.005	0022.293	0089.315	0003.145	0027.784	0010.175	0008.264	0033.339	-000.005	30.387657	-88.853647
06/10/2022 12:33:02.000	10.250	-000.004	0022.295	0089.300	0003.146	0027.756	0010.113	0008.264	0033.302	-000.004	30.387657	-88.853647
06/10/2022 12:33:02.000	10.187	-000.005	0022.298	0089.285	0003.145	0027.618	0009.938	0008.263	0033.119	-000.005	30.387657	-88.853647
06/10/2022 12:33:03.000	10.313	-000.003	0022.296	0089.290	0003.139	0027.784	0010.612	0008.265	0033.339	-000.003	30.387657	-88.853646
06/10/2022 12:33:03.000	10.375	0000.003	0022.301	0089.285	0003.132	0027.810	0010.950	0008.265	0033.373	0000.003	30.387658	-88.853646
06/10/2022 12:33:03.000	10.250	0000.012	0022.298	0089.275	0003.132	0027.824	0010.512	0008.264	0033.392	0000.012	30.387658	-88.853645
06/10/2022 12:33:03.000	10.063	0000.016	0022.299	0089.275	0003.114	0027.822	0010.175	0008.265	0033.389	0000.016	30.387658	-88.853645
06/10/2022 12:33:04.000	10.063	0000.016	0022.300	0089.295	0003.135	0027.826	0010.213	0008.266	0033.394	0000.016	30.387658	-88.853644
06/10/2022 12:33:04.000	10.063	0000.020	0022.299	0089.290	0003.108	0027.828	0010.412	0008.265	0033.397	0000.020	30.387658	-88.853644
06/10/2022 12:33:04.000	10.063	0000.025	0022.300	0089.290	0003.096	0027.828	0010.600	0008.265	0033.397	0000.026	30.387658	-88.853643
06/10/2022 12:33:04.000	10.063	0000.024	0022.298	0089.285	0003.095	0027.824	0010.988	0008.265	0033.392	0000.025	30.387658	-88.853643
06/10/2022 12:33:05.000	10.063	0000.030	0022.300	0089.315	0003.096	0027.828	0011.137	0008.264	0033.397	0000.031	30.387659	-88.853643
06/10/2022 12:33:05.000	10.125	0000.039	0022.301	0089.315	0003.085	0027.826	0010.938	0008.265	0033.394	0000.040	30.387659	-88.853642
06/10/2022 12:33:05.000	10.500	0000.045	0022.302	0089.310	0003.087	0027.826	0010.562	0008.265	0033.394	0000.046	30.387659	-88.853642
06/10/2022 12:33:05.000	10.250	0000.046	0022.301	0089.315	0003.080	0027.826	0010.412	0008.265	0033.394	0000.047	30.387659	-88.853641
06/10/2022 12:33:06.000	10.438	0000.048	0022.302	0089.305	0003.075	0027.826	0010.400	0008.265	0033.394	0000.049	30.387659	-88.853641
06/10/2022 12:33:06.000	10.438	0000.051	0022.302	0089.300	0003.074	0027.826	0010.688	0008.265	0033.394	0000.052	30.387660	-88.853640
06/10/2022 12:33:06.000	10.250	0000.064	0022.304	0089.300	0003.057	0027.828	0010.612	0008.267	0033.397	0000.065	30.387660	-88.853640
06/10/2022 12:33:06.000	10.313	0000.073	0022.303	0089.295	0003.040	0027.828	0010.638	0008.256	0033.397	0000.075	30.387660	-88.853640
06/10/2022 12:33:07.000	10.250	0000.077	0022.304	0089.305	0003.025	0027.828	0010.450	0008.256	0033.397	0000.079	30.387660	-88.853639
06/10/2022 12:33:07.000	10.187	0000.058	0022.305	0089.310	0003.037	0027.828	0010.588	0008.256	0033.397	0000.059	30.387660	-88.853638
06/10/2022 12:33:07.000	10.063	0000.071	0022.305	0089.360	0003.058	0027.822	0010.013	0008.272	0033.389	0000.073	30.387660	-88.853638
06/10/2022 12:33:07.000	10.187	0000.098	0022.302	0089.360	0003.031	0027.824	0009.575	0008.261	0033.392	0000.100	30.387660	-88.853638
06/10/2022 12:33:08.000	10.125	0000.133	0022.303	0089.360	0002.990	0027.822	0009.538	0008.271	0033.389	0000.136	30.387660	-88.853637
06/10/2022 12:33:08.000	10.187	0000.148	0022.306	0089.360	0002.958	0027.824	0009.488	0008.254	0033.392	0000.151	30.387660	-88.853637
06/10/2022 12:33:08.000	10.063	0000.157	0022.306	0089.360	0002.942	0027.824	0009.813	0008.255	0033.392	0000.161	30.387661	-88.853637
06/10/2022 12:33:08.000	10.125	0000.143	0022.303	0089.345	0002.943	0027.822	0010.500	0008.256	0033.389	0000.146	30.387661	-88.853636
06/10/2022 12:33:09.000	10.187	0000.154	0022.305	0089.350	0002.953	0027.824	0010.200	0008.258	0033.392	0000.158	30.387661	-88.853636
06/10/2022 12:33:09.000	10.187	0000.167	0022.304	0089.355	0002.944	0027.824	0009.988	0008.273	0033.392	0000.171	30.387661	-88.853635
06/10/2022 12:33:09.000	10.187	0000.200	0022.305	0089.350	0002.916	0027.822	0009.625	0008.257	0033.389	0000.205	30.387661	-88.853635
06/10/2022 12:33:09.000	10.375	0000.217	0022.306	0089.405	0002.893	0027.826	0009.650	0008.254	0033.394	0000.222	30.387661	-88.853635
06/10/2022 12:33:10.000	10.375	0000.226	0022.306	0089.405	0000.000	0027.828	0009.863	0008.255	0033.397	0000.231	30.387662	-88.853634
06/10/2022 12:33:10.000	10.187	0000.221	0022.305	0089.415	0002.864	0027.828	0010.288	0008.255	0033.397	0000.226	30.387662	-88.853634
06/10/2022 12:33:10.000	10.125	0000.228	0022.306	0089.405	0002.892	0027.828	0009.788	0008.256	0033.397	0000.233	30.387662	-88.853633
06/10/2022 12:33:10.000	10.250	0000.236	0022.303	0089.405	0002.868	0027.826	0009.625	0008.256	0033.394	0000.242	30.387662	-88.853633
06/10/2022 12:33:11.000	10.500	0000.204	0022.306	0089.425	0002.829	0027.818	0009.363	0008.261	0033.384	0000.209	30.387662	-88.853633
06/10/2022 12:33:11.000	10.250	0000.143	0022.305	0089.425	0002.908	0027.828	0009.188	0008.256	0033.397	0000.146	30.387662	-88.853632
06/10/2022 12:33:11.000	10.063	0000.092	0022.306	0089.425	0002.977	0027.838	0009.075	0008.258	0033.410	0000.094	30.387662	-88.853632
06/10/2022 12:33:11.000	10.125	0000.067	0022.306	0089.430	0003.004	0027.832	0009.488	0008.256	0033.402	0000.069	30.387662	-88.853632
06/10/2022 12:33:12.000	10.187	0000.047	0022.308	0089.385	0003.029	0027.826	0009.613	0008.281	0033.394	0000.048	30.387662	-88.853631
06/10/2022 12:33:12.000	10.187	0000.027	0022.307	0089.375	0003.047	0027.826	0010.450	0008.274	0033.394	0000.028	30.387663	-88.853631
06/10/2022 12:33:12.000	10.187	0000.009	0022.307	0089.390	0003.071	0027.800	0010.975	0008.269	0033.360	0000.009	30.387663	-88.853631
06/10/2022 12:33:12.000	10.125	-000.000	0022.308	0089.390	0003.072	0027.808	0010.750	0008.269	0033.370	-000.000	30.387663	-88.853630
06/10/2022 12:33:13.000	10.187	0000.004	0022.308	0089.375	0003.069	0027.818	0010.275	0008.270	0033.384	0000.004	30.387663	-88.853630
06/10/2022 12:33:13.000	10.375	0000.006	0022.308	0089.350	0003.067	0027.780	0010.550	0008.267	0033.333	0000.006	30.387663	-88.853629
06/10/2022 12:33:13.000	10.438	-000.004	0022.307	0089.340	0003.067	0027.704	0010.575	0008.267	0033.233	-000.004	30.387663	-88.853629
06/10/2022 12:33:13.000	10.313	-000.000	0022.308	0089.345	0000.000	0027.756	0010.638	0008.268	0033.302	-000.000	30.387663	-88.853629
06/10/2022 12:33:14.000	10.250	-000.000	0022.310	0089.345	0003.072	0027.772	0010.350	0008.265	0033.323	-000.000	30.387663	-88.853629
06/10/2022 12:33:14.000	10.187	-000.002	0022.308	0089.340	0003.073	0027.778	0010.750	0008.267	0033.331	-000.002	30.387663	-88.853628
06/10/2022 12:33:14.000	10.125	-000.002	0022.307	0089.375	0003.072	0027.796	0010.450	0008.266	0033.355	-000.002	30.387663	-88.853628
06/10/2022 12:33:14.000	10.187	-000.002	0022.309	0089.375	0003.072	0027.794	0010.275	0008.266	0033.352	-000.002	30.387664	-88.853627
06/10/2022 12:33:15.000	10.375	-000.001	0022.310	0089.375	0003.068	0027.794	0010.225	0008.266	0033.352	-000.001	30.387664	-88.853627
06/10/2022 12:33:15.000	10.250	0000.001	0022.309	0089.370	0003.061	0027.804	0010.250	0008.267	0033.365	0000.001	30.387664	-88.853627
06/10/2022 12:33:15.000	10.187	0000.002	0022.309	0089.345	0003.057	0027.810	0010.525	0008.266	0033.373	0000.002	30.387664	-88.853626
06/10/2022 12:33:15.000	10.250	0000.001	0022.312	0089.325	0003.061	0027.756	0010.725	0008.267	0033.302	0000.001	30.387664	-88.853626
06/10/2022 12:33:16.000	10.187	-000.004	0022.312	0089.350	0003.077	0027.626	0010.225	0008.264	0033.130	-000.004	30.387664	-88.853626
06/10/2022 12:33:16.000	10.250	-000.003	0022.312	0089.355	0003.092	0027.774	0009.975	0008.265	0033.325	-000.003	30.387664	-88.853625
06/10/2022 12:33:16.000	10.187	-000.001	0022.312	0089.350	0003.085	0027.814	0009.838	0008.266	0033.378	-000.001	30.387664	-88.853625
06/10/2022 12:33:16.000	10.063	0000.001	0022.311	0089.300	0003.083	0027.800	0010.137	0008.265	0033.360	0000.001	30.387664	-88.853625
06/10/2022 12:33:17.000	10.187	-000.001	0022.311	0089.300	0003.070	0027.794	0010.288	0008.265	0033.352	-000.001	30.387664	-88.853625
06/10/2022 12:33:17.000	10.125	-000.004	0022.312	0089.305	0003.063	0027.782	0010.175	0008.264	0033.336	-000.004	30.387665	-88.853624
06/10/2022 12:33:17.000	10.187	-000.003	0022.313	0089.295	0003.066	0027.746	0009.913	0008.265	0033.288	-000.003	30.387665	-88.853624
06/10/2022 12:33:17.000	10.187	-000.003	0022.314	0089.295	0003.080	0027.790	0010.013	0008.265	0033.347	-000.003	30.387665	-88.853623
06/10/2022 12:33:18.000	10.125	-000.000	0022.312	0089.340	0003.073	0027.818	0010.113	0008.265	0033.384	-000.000	30.387665	-88.853623
06/10/2022 12:33:18.000	10.187	0000.000	0022.314	0089.340	0003.073	0027.804	0009.975	0008.265	0033.365	0000.000	30.387665	-88.853623
06/10/2022 12:33:18.000	10.313	-000.006	0022.312	0089.340	0003.068	0027.742	0010.275	0008.266	0033.283	-000.006	30.387665	-88.853622
06/10/2022 12:33:18.000	10.250	-000.006	0022.314	0089.335	0003.066	0027.772	0010.200	0008.264	0033.323	-000.006	30.387665	-88.853622
06/10/2022 12:33:19.000	10.125	-000.004	0022.313	0089.295	0000.000	0027.766	0010.137	0008.265	0033.315	-000.004	30.387665	-88.853622
06/10/2022 12:33:19.000	10.125	-000.004	0022.313	0089.295	0003.073	0027.800	0010.688	0008.266	0033.360	-000.004	30.387665	-88.853621
06/10/2022 12:33:19.000	10.187	0000.000	0022.312	0089.305	0003.118	0027.828	0011.137	0008.267	0033.397	0000.000	30.387665	-88.853621
06/10/2022 12:33:19.000	10.187	0000.008	0022.313	0089.305	0003.103	0027.814	0010.875	0008.265	0033.378	0000.008	30.387665	-88.853621
06/10/2022 12:33:20.000	10.250	-000.005	0022.314	0089.310	0003.109	0027.732	0010.713	0008.264	0033.270	-000.005	30.387665	-88.853621
06/10/2022 12:33:20.000	13.250	-000.007	0022.313	0089.305	0003.109	0027.392	0010.425	0008.264	0032.821	-000.007	30.387666	-88.853620
06/10/2022 12:33:20.000	10.625	-000.005	0022.313	0089.310	0003.087	0027.694	0010.500	0008.265	0033.220	-000.005	30.387666	-88.853620
06/10/2022 12:33:20.000	10.250	-000.004	0022.314	0089.305	0003.092	0027.818	0010.125	0008.265	0033.384	-000.004	30.387666	-88.853620
06/10/2022 12:33:21.000	10.187	0000.003	0022.312	0089.300	0003.104	0027.828	0009.887	0008.265	0033.397	0000.003	30.387666	-88.853620
06/10/2022 12:33:21.000	10.250	0000.008	0022.314	0089.300	0003.089	0027.824	0010.387	0008.265	0033.392	0000.008	30.387666	-88.853619
06/10/2022 12:33:21.000	10.250	-000.001	0022.313	0089.305	0003.077	0027.778	0010.562	0008.263	0033.331	-000.001	30.387666	-88.853619
06/10/2022 12:33:21.000	11.063	-000.007	0022.313	0089.300	0003.072	0027.604	0010.412	0008.264	0033.101	-000.007	30.387666	-88.853619
06/10/2022 12:33:22.000	10.250	-000.004	0022.313	0089.295	0003.077	0027.780	0010.500	0008.264	0033.333	-000.004	30.387666	-88.853618
06/10/2022 12:33:22.000	10.313	-000.002	0022.313	0089.295	0003.082	0027.820	0010.150	0008.266	0033.386	-000.002	30.387666	-88.853618
06/10/2022 12:33:22.000	10.313	0000.003	0022.312	0089.330	0003.075	0027.806	0010.150	0008.265	0033.368	0000.003	30.387666	-88.853618
06/10/2022 12:33:22.000	10.375	0000.002	0022.312	0089.315	0003.070	0027.802	0009.950	0008.267	0033.362	0000.002	30.387666	-88.853617
06/10/2022 12:33:23.000	10.313	-000.010	0022.312	0089.330	0003.074	0027.640	0010.400	0008.263	0033.148	-000.010	30.387666	-88.853617
06/10/2022 12:33:23.000	10.500	-000.005	0022.310	0089.330	0003.085	0027.560	0010.362	0008.264	0033.043	-000.005	30.387666	-88.853617
06/10/2022 12:33:23.000	10.375	-000.003	0022.311	0089.325	0003.065	0027.758	0010.187	0008.265	0033.304	-000.003	30.387666	-88.853617
06/10/2022 12:33:23.000	10.187	0000.001	0022.312	0089.345	0003.058	0027.804	0010.475	0008.267	0033.365	0000.001	30.387666	-88.853616
06/10/2022 12:33:24.000	10.250	0000.016	0022.314	0089.340	0003.049	0027.802	0010.275	0008.267	0033.362	0000.016	30.387666	-88.853616
06/10/2022 12:33:24.000	10.375	0000.014	0022.312	0089.340	0003.048	0027.784	0010.325	0008.265	0033.339	0000.014	30.387667	-88.853616
06/10/2022 12:33:24.000	10.500	-000.008	0022.312	0089.340	0003.056	0026.616	0010.013	0008.265	0031.799	-000.008	30.387667	-88.853615
06/10/2022 12:33:24.000	128.813	-000.005	0022.312	0089.340	0003.080	0016.088	0009.838	0008.263	0018.352	-000.005	30.387667	-88.853615
06/10/2022 12:33:25.000	33.937	-000.004	0022.312	0089.360	0003.085	0027.646	0010.150	0008.266	0033.156	-000.004	30.387667	-88.853615
06/10/2022 12:33:25.000	12.000	0000.005	0022.312	0089.360	0003.086	0027.798	0010.038	0008.267	0033.357	0000.005	30.387667	-88.853615
06/10/2022 12:33:25.000	10.500	0000.022	0022.312	0089.360	0003.068	0027.800	0009.788	0008.266	0033.360	0000.023	30.387667	-88.853615
06/10/2022 12:33:25.000	10.313	0000.024	0022.310	0089.380	0003.049	0027.788	0009.750	0008.265	0033.344	0000.025	30.387667	-88.853614
06/10/2022 12:33:26.000	10.375	0000.003	0022.310	0089.340	0003.050	0027.704	0009.625	0008.265	0033.233	0000.003	30.387667	-88.853614
06/10/2022 12:33:26.000	34.250	-000.005	0022.311	0089.350	0003.049	0026.186	0009.625	0008.265	0031.234	-000.005	30.387667	-88.853613
06/10/2022 12:33:26.000	13.500	-000.003	0022.311	0089.345	0003.068	0027.600	0010.425	0008.265	0033.095	-000.003	30.387667	-88.853613
06/10/2022 12:33:26.000	10.375	-000.002	0022.312	0089.340	0003.074	0027.780	0010.612	0008.265	0033.333	-000.002	30.387667	-88.853613
06/10/2022 12:33:27.000	10.187	0000.002	0022.312	0089.340	0003.081	0027.794	0010.100	0008.265	0033.352	0000.002	30.387667	-88.853613
06/10/2022 12:33:27.000	10.250	0000.012	0022.313	0089.340	0003.059	0027.794	0010.038	0008.267	0033.352	0000.012	30.387667	-88.853613
06/10/2022 12:33:27.000	10.250	0000.008	0022.312	0089.350	0003.044	0027.758	0010.200	0008.264	0033.304	0000.008	30.387667	-88.853612
06/10/2022 12:33:27.000	10.250	-000.004	0022.312	0089.350	0003.034	0027.732	0010.175	0008.265	0033.270	-000.004	30.387667	-88.853612
06/10/2022 12:33:28.000	10.250	-000.003	0022.312	0089.345	0003.033	0027.752	0010.362	0008.265	0033.296	-000.003	30.387667	-88.853612
06/10/2022 12:33:28.000	10.187	-000.002	0022.312	0089.350	0003.048	0027.778	0010.475	0008.264	0033.331	-000.002	30.387667	-88.853612
06/10/2022 12:33:28.000	10.187	-000.000	0022.312	0089.365	0003.055	0027.788	0011.025	0008.265	0033.344	-000.000	30.387667	-88.853611
06/10/2022 12:33:28.000	10.063	0000.003	0022.312	0089.365	0003.059	0027.792	0010.750	0008.266	0033.349	0000.003	30.387667	-88.853611
06/10/2022 12:33:29.000	10.250	-000.001	0022.311	0089.370	0003.054	0027.684	0010.588	0008.264	0033.206	-000.001	30.387667	-88.853611
06/10/2022 12:33:29.000	10.375	-000.004	0022.312	0089.360	0001.384	0027.624	0010.688	0008.264	0033.127	-000.004	30.387667	-88.853611
06/10/2022 12:33:29.000	10.250	-000.003	0022.311	0089.360	0003.041	0027.738	0010.850	0008.264	0033.278	-000.003	30.387667	-88.853611
06/10/2022 12:33:29.000	10.313	0000.002	0022.309	0089.365	0003.041	0027.800	0010.562	0008.267	0033.360	0000.002	30.387667	-88.853610
06/10/2022 12:33:30.000	10.375	0000.006	0022.310	0089.350	0003.043	0027.794	0010.250	0008.265	0033.352	0000.006	30.387667	-88.853610
