Date / Time	TURBIDITY;FTU	PRESSURE;DBAR	TEMPERATURE;C	DISSOLVED OXYGEN;SAT%	ALTITUDE;M	CONDUCTIVITY;MS/CM	FLUOROMETER (C);UG/L	PH;PH	Calc. SALINITY; PSU	Calc. DEPTH;M	LATITUDE;DEG	LONGITUDE;DEG
06/10/2022 12:58:12.000	669.438	-000.000	0022.828	0088.385	0003.119	0029.054	0007.213	0008.256	0035.024	-000.000	30.391699	-88.835831
06/10/2022 12:58:12.000	383.312	0000.004	0022.827	0088.370	0003.129	0028.114	0007.450	0008.258	0033.775	0000.004	30.391701	-88.835822
06/10/2022 12:58:13.000	197.687	-000.004	0022.831	0088.380	0003.154	0029.212	0007.588	0008.256	0035.234	-000.004	30.391702	-88.835818
06/10/2022 12:58:13.000	304.125	-000.009	0022.835	0088.375	0003.162	0028.080	0007.838	0008.256	0033.730	-000.009	30.391703	-88.835814
06/10/2022 12:58:13.000	672.750	-000.006	0022.839	0088.375	0084.585	0029.586	0007.912	0008.255	0035.733	-000.006	30.391704	-88.835809
06/10/2022 12:58:13.000	105.500	0000.073	0022.837	0088.265	0092.768	0029.522	0007.787	0008.264	0035.648	0000.073	30.391705	-88.835801
06/10/2022 12:58:14.000	65.563	0000.084	0022.836	0088.260	0003.102	0028.998	0007.888	0008.261	0034.949	0000.084	30.391706	-88.835797
06/10/2022 12:58:14.000	180.625	0000.076	0022.832	0088.260	0000.000	0029.070	0008.100	0008.259	0035.045	0000.076	30.391707	-88.835793
06/10/2022 12:58:14.000	161.437	0000.061	0022.831	0088.255	0003.215	0028.968	0008.225	0008.256	0034.909	0000.061	30.391708	-88.835789
06/10/2022 12:58:14.000	249.250	0000.057	0022.831	0088.160	0003.126	0029.028	0008.225	0008.258	0034.989	0000.057	30.391709	-88.835782
06/10/2022 12:58:15.000	44.750	0000.056	0022.833	0088.115	0003.101	0029.634	0008.063	0008.258	0035.797	0000.056	30.391709	-88.835778
06/10/2022 12:58:15.000	16.125	0000.063	0022.858	0088.165	0003.122	0030.354	0008.225	0008.254	0036.760	0000.063	30.391710	-88.835774
06/10/2022 12:58:15.000	40.375	0000.068	0022.899	0088.165	0003.126	0030.394	0008.375	0008.248	0036.814	0000.068	30.391711	-88.835771
06/10/2022 12:58:15.000	19.000	0000.068	0022.922	0088.165	0003.126	0030.338	0008.725	0008.244	0036.739	0000.068	30.391712	-88.835763
06/10/2022 12:58:16.000	15.125	0000.065	0022.940	0087.965	0000.000	0030.778	0008.575	0008.239	0037.329	0000.065	30.391712	-88.835760
06/10/2022 12:58:16.000	16.938	0000.062	0022.950	0087.965	0003.191	0030.792	0008.575	0008.232	0037.348	0000.062	30.391713	-88.835757
06/10/2022 12:58:16.000	35.125	0000.058	0022.964	0087.960	0003.251	0030.642	0008.575	0008.221	0037.147	0000.058	30.391714	-88.835754
06/10/2022 12:58:16.000	22.687	0000.054	0022.973	0087.970	0003.146	0030.598	0008.575	0008.218	0037.088	0000.054	30.391715	-88.835747
06/10/2022 12:58:17.000	28.563	0000.056	0022.974	0087.965	0003.181	0030.698	0008.825	0008.219	0037.222	0000.056	30.391715	-88.835744
06/10/2022 12:58:17.000	42.750	0000.063	0022.979	0086.365	0003.162	0030.682	0008.688	0008.219	0037.200	0000.063	30.391716	-88.835741
06/10/2022 12:58:17.000	27.375	0000.041	0022.989	0086.360	0003.105	0030.802	0008.463	0008.223	0037.362	0000.041	30.391717	-88.835738
06/10/2022 12:58:17.000	51.875	-000.005	0023.003	0086.365	0003.255	0029.022	0008.575	0008.220	0034.981	-000.005	30.391718	-88.835732
06/10/2022 12:58:18.000	403.312	-000.007	0023.012	0086.360	0000.139	0027.120	0008.225	0008.216	0032.462	-000.007	30.391718	-88.835729
06/10/2022 12:58:18.000	71.813	0000.002	0023.024	0084.265	0003.276	0030.774	0008.275	0008.210	0037.324	0000.002	30.391719	-88.835726
06/10/2022 12:58:18.000	27.375	-000.006	0023.037	0084.280	0003.261	0030.820	0007.800	0008.205	0037.386	-000.006	30.391720	-88.835723
06/10/2022 12:58:18.000	21.437	-000.004	0023.048	0084.265	0003.238	0031.156	0008.413	0008.200	0037.838	-000.004	30.391721	-88.835718
06/10/2022 12:58:19.000	54.187	-000.003	0023.063	0084.275	0003.228	0031.004	0008.637	0008.196	0037.633	-000.003	30.391721	-88.835715
06/10/2022 12:58:19.000	42.688	-000.002	0023.076	0084.260	0003.221	0031.452	0008.738	0008.195	0038.236	-000.002	30.391722	-88.835713
06/10/2022 12:58:19.000	15.500	-000.002	0023.089	0083.280	0003.256	0031.326	0008.075	0008.192	0038.066	-000.002	30.391722	-88.835710
06/10/2022 12:58:19.000	77.688	-000.001	0023.095	0083.280	0003.211	0029.886	0008.100	0008.190	0036.134	-000.001	30.391723	-88.835705
06/10/2022 12:58:20.000	46.687	-000.005	0023.089	0083.285	0003.200	0016.304	0008.475	0008.187	0018.619	-000.005	30.391724	-88.835702
06/10/2022 12:58:20.000	299.625	-000.002	0023.071	0083.290	0093.897	0020.560	0008.488	0008.187	0023.965	-000.002	30.391725	-88.835700
06/10/2022 12:58:20.000	93.500	-000.001	0023.055	0083.290	0003.244	0030.844	0008.500	0008.191	0037.418	-000.001	30.391725	-88.835697
06/10/2022 12:58:20.000	19.813	-000.001	0023.039	0082.185	0003.256	0030.738	0008.338	0008.193	0037.276	-000.001	30.391727	-88.835693
06/10/2022 12:58:21.000	12.938	-000.002	0023.015	0082.180	0003.292	0030.600	0008.200	0008.197	0037.090	-000.002	30.391727	-88.835690
06/10/2022 12:58:21.000	37.625	-000.002	0023.003	0082.175	0003.218	0030.526	0008.363	0008.196	0036.991	-000.002	30.391728	-88.835688
06/10/2022 12:58:21.000	35.938	-000.002	0022.992	0082.180	0003.254	0030.606	0008.900	0008.199	0037.098	-000.002	30.391728	-88.835686
06/10/2022 12:58:21.000	14.313	-000.001	0022.985	0081.905	0003.335	0030.636	0008.525	0008.202	0037.139	-000.001	30.391729	-88.835681
06/10/2022 12:58:22.000	14.188	-000.001	0022.974	0081.875	0003.277	0030.488	0008.550	0008.203	0036.940	-000.001	30.391730	-88.835679
06/10/2022 12:58:22.000	16.500	-000.002	0022.964	0081.915	0003.273	0030.560	0008.313	0008.204	0037.037	-000.002	30.391730	-88.835677
06/10/2022 12:58:22.000	18.000	-000.002	0022.961	0081.910	0003.227	0030.488	0008.425	0008.204	0036.940	-000.002	30.391731	-88.835675
06/10/2022 12:58:22.000	42.125	-000.003	0022.960	0081.915	0003.239	0030.588	0008.425	0008.206	0037.074	-000.003	30.391732	-88.835670
06/10/2022 12:58:23.000	15.938	-000.002	0022.961	0082.210	0000.000	0030.600	0008.525	0008.207	0037.090	-000.002	30.391732	-88.835668
06/10/2022 12:58:23.000	15.438	-000.003	0022.958	0082.215	0003.224	0030.430	0008.475	0008.206	0036.862	-000.003	30.391733	-88.835666
06/10/2022 12:58:23.000	27.813	-000.003	0022.950	0082.210	0000.000	0030.190	0008.500	0008.206	0036.541	-000.003	30.391733	-88.835664
06/10/2022 12:58:23.000	18.750	-000.002	0022.943	0082.215	0003.249	0030.442	0008.563	0008.207	0036.878	-000.002	30.391734	-88.835660
06/10/2022 12:58:24.000	13.312	-000.002	0022.938	0082.205	0003.268	0030.380	0008.387	0008.209	0036.795	-000.002	30.391734	-88.835658
06/10/2022 12:58:24.000	12.000	-000.002	0022.930	0082.560	0003.208	0030.288	0008.163	0008.210	0036.672	-000.002	30.391735	-88.835656
06/10/2022 12:58:24.000	30.938	-000.002	0022.922	0082.550	0003.261	0029.882	0008.275	0008.212	0036.129	-000.002	30.391735	-88.835654
06/10/2022 12:58:24.000	27.188	-000.002	0022.914	0082.550	0003.259	0030.122	0007.800	0008.213	0036.450	-000.002	30.391736	-88.835650
06/10/2022 12:58:25.000	51.937	-000.002	0022.913	0082.545	0003.286	0030.294	0007.625	0008.218	0036.680	-000.002	30.391737	-88.835649
06/10/2022 12:58:25.000	19.500	-000.002	0022.906	0083.070	0003.269	0030.292	0007.763	0008.215	0036.677	-000.002	30.391737	-88.835647
06/10/2022 12:58:25.000	12.625	-000.002	0022.910	0083.050	0003.258	0030.474	0007.975	0008.216	0036.921	-000.002	30.391738	-88.835645
06/10/2022 12:58:25.000	11.625	-000.002	0022.933	0083.070	0003.240	0030.854	0008.025	0008.213	0037.431	-000.002	30.391739	-88.835641
06/10/2022 12:58:26.000	13.125	-000.003	0022.959	0083.065	0003.274	0030.828	0007.900	0008.212	0037.397	-000.003	30.391739	-88.835640
06/10/2022 12:58:26.000	12.563	-000.003	0022.976	0083.065	0003.231	0030.492	0007.975	0008.211	0036.946	-000.003	30.391740	-88.835638
06/10/2022 12:58:26.000	16.625	-000.002	0022.990	0083.605	0003.234	0030.620	0008.075	0008.207	0037.117	-000.002	30.391740	-88.835636
06/10/2022 12:58:26.000	14.438	-000.002	0022.997	0083.605	0003.275	0030.304	0008.250	0008.207	0036.693	-000.002	30.391741	-88.835633
06/10/2022 12:58:27.000	13.312	-000.002	0023.003	0083.610	0003.251	0030.618	0008.262	0008.206	0037.115	-000.002	30.391741	-88.835631
06/10/2022 12:58:27.000	11.563	-000.002	0023.006	0083.600	0003.237	0031.078	0008.200	0008.207	0037.733	-000.002	30.391742	-88.835630
06/10/2022 12:58:27.000	11.500	-000.001	0023.014	0083.605	0003.231	0031.170	0008.137	0008.207	0037.856	-000.001	30.391742	-88.835628
06/10/2022 12:58:27.000	14.562	-000.002	0023.028	0083.215	0003.209	0031.108	0008.363	0008.205	0037.773	-000.002	30.391744	-88.835625
06/10/2022 12:58:28.000	93.313	-000.002	0023.037	0083.215	0003.214	0030.476	0008.313	0008.199	0036.924	-000.002	30.391744	-88.835623
06/10/2022 12:58:28.000	25.375	-000.002	0023.040	0083.215	0003.267	0030.986	0008.525	0008.197	0037.609	-000.002	30.391745	-88.835622
06/10/2022 12:58:28.000	12.313	-000.002	0023.044	0083.225	0003.327	0031.106	0008.525	0008.195	0037.770	-000.002	30.391745	-88.835620
06/10/2022 12:58:28.000	11.875	-000.002	0023.047	0082.925	0003.237	0031.236	0008.413	0008.193	0037.945	-000.002	30.391746	-88.835617
06/10/2022 12:58:29.000	11.313	-000.001	0023.045	0082.945	0003.218	0031.204	0008.563	0008.192	0037.902	-000.001	30.391746	-88.835616
06/10/2022 12:58:29.000	11.688	-000.002	0023.045	0082.925	0003.248	0031.048	0008.663	0008.189	0037.692	-000.002	30.391747	-88.835614
06/10/2022 12:58:29.000	11.437	-000.003	0023.042	0082.925	0003.230	0031.060	0008.550	0008.189	0037.708	-000.003	30.391747	-88.835613
06/10/2022 12:58:29.000	12.188	-000.003	0023.039	0082.925	0003.229	0031.084	0008.525	0008.191	0037.741	-000.003	30.391748	-88.835610
06/10/2022 12:58:30.000	11.812	-000.003	0023.039	0082.435	0003.234	0031.084	0008.488	0008.189	0037.741	-000.003	30.391749	-88.835608
06/10/2022 12:58:30.000	12.375	-000.002	0023.037	0082.430	0003.265	0030.932	0008.438	0008.190	0037.536	-000.002	30.391749	-88.835607
06/10/2022 12:58:30.000	11.313	-000.002	0023.032	0082.430	0003.276	0030.710	0008.713	0008.190	0037.238	-000.002	30.391750	-88.835606
06/10/2022 12:58:30.000	11.500	-000.002	0023.024	0082.435	0003.330	0030.812	0008.713	0008.190	0037.375	-000.002	30.391751	-88.835603
06/10/2022 12:58:31.000	11.375	-000.002	0023.016	0082.430	0003.258	0030.918	0008.425	0008.193	0037.518	-000.002	30.391752	-88.835602
06/10/2022 12:58:31.000	12.000	-000.002	0023.012	0082.290	0003.209	0031.018	0008.275	0008.192	0037.652	-000.002	30.391752	-88.835601
06/10/2022 12:58:31.000	11.375	-000.001	0023.014	0082.290	0003.213	0031.018	0008.262	0008.192	0037.652	-000.001	30.391753	-88.835599
06/10/2022 12:58:31.000	11.313	-000.002	0023.016	0082.280	0003.218	0031.028	0008.387	0008.192	0037.665	-000.002	30.391754	-88.835597
06/10/2022 12:58:32.000	11.187	-000.002	0023.017	0082.290	0003.182	0030.952	0008.325	0008.192	0037.563	-000.002	30.391754	-88.835595
06/10/2022 12:58:32.000	11.187	-000.002	0023.019	0082.225	0003.179	0030.990	0008.512	0008.192	0037.614	-000.002	30.391754	-88.835594
06/10/2022 12:58:32.000	11.437	-000.002	0023.016	0082.310	0003.235	0030.990	0008.550	0008.194	0037.614	-000.002	30.391755	-88.835593
06/10/2022 12:58:32.000	11.063	-000.002	0023.014	0082.235	0003.173	0030.964	0008.438	0008.194	0037.579	-000.002	30.391755	-88.835590
06/10/2022 12:58:33.000	11.313	-000.003	0023.012	0082.235	0003.181	0030.790	0008.475	0008.193	0037.346	-000.003	30.391756	-88.835589
06/10/2022 12:58:33.000	11.875	-000.000	0023.007	0082.225	0003.174	0030.650	0008.525	0008.193	0037.158	-000.000	30.391756	-88.835588
06/10/2022 12:58:33.000	11.187	0000.000	0023.003	0082.210	0003.225	0030.856	0008.838	0008.195	0037.434	0000.000	30.391757	-88.835586
06/10/2022 12:58:33.000	11.375	0000.000	0023.001	0082.210	0003.249	0030.922	0008.800	0008.195	0037.523	0000.000	30.391758	-88.835584
06/10/2022 12:58:34.000	11.187	0000.000	0023.001	0082.210	0003.176	0030.764	0008.600	0008.195	0037.311	0000.000	30.391759	-88.835583
06/10/2022 12:58:34.000	10.938	-000.001	0022.995	0082.215	0003.311	0030.690	0008.425	0008.196	0037.211	-000.001	30.391759	-88.835582
06/10/2022 12:58:34.000	11.313	-000.003	0022.985	0082.210	0003.185	0030.426	0008.650	0008.196	0036.857	-000.003	30.391760	-88.835581
06/10/2022 12:58:34.000	11.313	-000.004	0022.967	0082.380	0003.284	0030.388	0008.387	0008.198	0036.806	-000.004	30.391760	-88.835578
06/10/2022 12:58:35.000	11.688	-000.003	0022.950	0082.380	0003.234	0030.310	0008.200	0008.200	0036.702	-000.003	30.391761	-88.835577
06/10/2022 12:58:35.000	11.500	-000.001	0022.940	0082.380	0003.245	0030.202	0007.950	0008.201	0036.557	-000.001	30.391761	-88.835576
06/10/2022 12:58:35.000	11.313	0000.000	0022.936	0082.380	0003.203	0030.226	0007.900	0008.203	0036.589	0000.000	30.391761	-88.835575
06/10/2022 12:58:35.000	11.125	0000.001	0022.934	0082.300	0003.203	0030.540	0008.088	0008.205	0037.010	0000.001	30.391762	-88.835573
06/10/2022 12:58:36.000	11.187	0000.001	0022.932	0082.355	0003.185	0030.594	0008.088	0008.207	0037.082	0000.001	30.391762	-88.835571
06/10/2022 12:58:36.000	11.437	0000.003	0022.936	0082.290	0003.250	0030.614	0008.012	0008.206	0037.109	0000.003	30.391763	-88.835570
06/10/2022 12:58:36.000	11.437	0000.001	0022.939	0082.300	0003.195	0030.646	0008.313	0008.205	0037.152	0000.001	30.391763	-88.835569
06/10/2022 12:58:36.000	11.313	-000.004	0022.946	0082.290	0003.228	0030.614	0008.588	0008.206	0037.109	-000.004	30.391764	-88.835567
06/10/2022 12:58:37.000	11.437	-000.001	0022.958	0082.495	0003.267	0030.674	0008.450	0008.205	0037.190	-000.001	30.391765	-88.835566
06/10/2022 12:58:37.000	13.125	-000.002	0022.966	0082.495	0003.239	0030.798	0008.475	0008.205	0037.356	-000.002	30.391765	-88.835565
06/10/2022 12:58:37.000	11.437	-000.002	0022.973	0082.500	0003.259	0030.850	0008.675	0008.206	0037.426	-000.002	30.391765	-88.835564
06/10/2022 12:58:37.000	11.063	-000.002	0022.976	0082.495	0003.237	0030.812	0008.713	0008.204	0037.375	-000.002	30.391766	-88.835562
06/10/2022 12:58:38.000	11.250	-000.004	0022.975	0082.490	0003.286	0030.782	0008.875	0008.205	0037.335	-000.004	30.391766	-88.835561
06/10/2022 12:58:38.000	11.063	-000.003	0022.976	0082.930	0003.230	0030.810	0008.713	0008.204	0037.372	-000.003	30.391766	-88.835560
06/10/2022 12:58:38.000	11.187	-000.002	0022.978	0082.935	0003.240	0030.832	0008.650	0008.203	0037.402	-000.002	30.391767	-88.835559
06/10/2022 12:58:38.000	11.063	-000.003	0022.978	0082.930	0003.249	0030.742	0008.450	0008.204	0037.281	-000.003	30.391767	-88.835557
06/10/2022 12:58:39.000	11.063	-000.002	0022.979	0082.930	0003.314	0030.516	0008.637	0008.203	0036.978	-000.002	30.391767	-88.835556
06/10/2022 12:58:39.000	11.313	-000.002	0022.979	0083.015	0003.281	0030.578	0008.700	0008.202	0037.061	-000.002	30.391768	-88.835554
06/10/2022 12:58:39.000	11.187	-000.001	0022.978	0083.095	0003.255	0030.732	0008.600	0008.204	0037.268	-000.001	30.391768	-88.835553
06/10/2022 12:58:39.000	10.875	-000.000	0022.979	0083.015	0003.279	0030.812	0008.613	0008.204	0037.375	-000.000	30.391769	-88.835552
06/10/2022 12:58:40.000	11.063	0000.002	0022.979	0083.015	0003.250	0030.832	0009.325	0008.204	0037.402	0000.002	30.391769	-88.835551
06/10/2022 12:58:40.000	11.313	0000.007	0022.977	0083.020	0003.251	0030.826	0009.238	0008.202	0037.394	0000.007	30.391769	-88.835550
06/10/2022 12:58:40.000	11.187	0000.006	0022.974	0083.005	0003.230	0030.820	0008.800	0008.202	0037.386	0000.006	30.391769	-88.835549
06/10/2022 12:58:40.000	11.063	-000.001	0022.971	0083.005	0003.316	0030.764	0008.588	0008.202	0037.311	-000.001	30.391770	-88.835547
06/10/2022 12:58:41.000	11.063	-000.005	0022.968	0083.000	0003.326	0030.636	0008.488	0008.202	0037.139	-000.005	30.391770	-88.835546
06/10/2022 12:58:41.000	11.875	-000.004	0022.966	0083.005	0003.260	0030.360	0008.475	0008.204	0036.769	-000.004	30.391770	-88.835545
06/10/2022 12:58:41.000	11.688	-000.002	0022.964	0083.005	0003.308	0030.128	0009.350	0008.204	0036.458	-000.002	30.391770	-88.835544
06/10/2022 12:58:41.000	12.313	-000.002	0022.961	0083.240	0003.277	0030.568	0008.875	0008.203	0037.047	-000.002	30.391771	-88.835542
06/10/2022 12:58:42.000	11.063	-000.001	0022.958	0083.240	0003.297	0030.642	0009.125	0008.206	0037.147	-000.001	30.391771	-88.835541
06/10/2022 12:58:42.000	11.563	0000.005	0022.950	0083.245	0003.243	0030.600	0008.850	0008.206	0037.090	0000.005	30.391771	-88.835540
06/10/2022 12:58:42.000	10.938	0000.008	0022.941	0083.245	0003.296	0030.588	0008.600	0008.207	0037.074	0000.008	30.391771	-88.835539
06/10/2022 12:58:42.000	11.063	0000.002	0022.937	0083.450	0000.000	0030.506	0008.762	0008.206	0036.964	0000.002	30.391772	-88.835537
06/10/2022 12:58:43.000	11.000	-000.005	0022.932	0083.445	0003.268	0030.454	0008.775	0008.206	0036.895	-000.005	30.391772	-88.835536
06/10/2022 12:58:43.000	11.000	-000.001	0022.929	0083.445	0003.302	0030.406	0008.613	0008.206	0036.830	-000.001	30.391772	-88.835535
06/10/2022 12:58:43.000	10.875	-000.001	0022.923	0083.440	0003.329	0030.404	0008.613	0008.207	0036.828	-000.001	30.391772	-88.835535
06/10/2022 12:58:43.000	10.875	-000.001	0022.919	0083.440	0003.269	0030.376	0008.775	0008.206	0036.790	-000.001	30.391773	-88.835533
06/10/2022 12:58:44.000	10.875	-000.001	0022.916	0083.570	0003.266	0030.386	0008.625	0008.207	0036.803	-000.001	30.391773	-88.835532
06/10/2022 12:58:44.000	11.000	-000.001	0022.914	0083.570	0003.254	0030.342	0008.613	0008.207	0036.744	-000.001	30.391773	-88.835531
06/10/2022 12:58:44.000	10.812	-000.001	0022.913	0083.565	0003.243	0030.410	0008.838	0008.207	0036.836	-000.001	30.391773	-88.835530
06/10/2022 12:58:44.000	10.750	-000.002	0022.915	0083.570	0003.294	0030.430	0008.713	0008.211	0036.862	-000.002	30.391774	-88.835528
06/10/2022 12:58:45.000	10.750	-000.002	0022.914	0083.565	0003.240	0030.436	0008.400	0008.211	0036.870	-000.002	30.391774	-88.835527
06/10/2022 12:58:45.000	11.000	-000.003	0022.915	0083.510	0003.284	0030.400	0008.488	0008.212	0036.822	-000.003	30.391774	-88.835527
06/10/2022 12:58:45.000	10.875	-000.003	0022.913	0083.510	0003.325	0030.422	0008.438	0008.215	0036.852	-000.003	30.391774	-88.835526
06/10/2022 12:58:45.000	11.563	-000.002	0022.914	0083.510	0003.148	0030.420	0008.550	0008.216	0036.849	-000.002	30.391774	-88.835524
06/10/2022 12:58:46.000	11.563	-000.003	0022.911	0083.510	0003.151	0030.432	0008.288	0008.216	0036.865	-000.003	30.391775	-88.835523
06/10/2022 12:58:46.000	10.875	-000.003	0022.911	0084.140	0003.267	0030.420	0008.300	0008.216	0036.849	-000.003	30.391775	-88.835522
06/10/2022 12:58:46.000	10.812	-000.004	0022.908	0084.120	0003.215	0030.328	0008.613	0008.218	0036.726	-000.004	30.391775	-88.835522
06/10/2022 12:58:46.000	10.875	-000.002	0022.907	0084.135	0003.210	0030.360	0008.563	0008.216	0036.769	-000.002	30.391775	-88.835520
06/10/2022 12:58:47.000	11.000	-000.001	0022.906	0084.135	0003.252	0030.454	0008.838	0008.219	0036.895	-000.001	30.391775	-88.835519
06/10/2022 12:58:47.000	10.812	-000.001	0022.904	0084.130	0003.248	0030.518	0008.525	0008.219	0036.980	-000.001	30.391776	-88.835518
06/10/2022 12:58:47.000	10.812	-000.001	0022.891	0084.525	0003.300	0030.482	0008.688	0008.218	0036.932	-000.001	30.391776	-88.835518
06/10/2022 12:58:47.000	10.750	-000.001	0022.867	0084.520	0003.233	0030.424	0009.188	0008.220	0036.854	-000.001	30.391776	-88.835516
06/10/2022 12:58:48.000	10.812	-000.001	0022.847	0084.525	0003.258	0030.338	0008.650	0008.220	0036.739	-000.001	30.391776	-88.835515
06/10/2022 12:58:48.000	10.875	-000.001	0022.834	0084.525	0003.254	0030.302	0008.688	0008.222	0036.691	-000.001	30.391776	-88.835515
06/10/2022 12:58:48.000	11.000	-000.001	0022.824	0084.525	0003.241	0030.146	0008.750	0008.222	0036.482	-000.001	30.391777	-88.835514
06/10/2022 12:58:48.000	11.187	-000.005	0022.824	0084.665	0003.303	0029.934	0008.938	0008.220	0036.198	-000.005	30.391777	-88.835512
06/10/2022 12:58:49.000	10.750	-000.002	0022.825	0084.665	0003.240	0029.970	0008.775	0008.223	0036.246	-000.002	30.391777	-88.835511
06/10/2022 12:58:49.000	11.063	-000.001	0022.826	0084.665	0003.249	0030.100	0008.613	0008.226	0036.420	-000.001	30.391777	-88.835511
06/10/2022 12:58:49.000	11.000	-000.001	0022.828	0084.670	0003.295	0030.244	0008.575	0008.227	0036.613	-000.001	30.391777	-88.835510
06/10/2022 12:58:49.000	10.875	-000.001	0022.829	0084.640	0003.304	0030.128	0008.525	0008.228	0036.458	-000.001	30.391778	-88.835509
06/10/2022 12:58:50.000	11.000	0000.006	0022.829	0084.725	0003.224	0030.028	0008.363	0008.228	0036.324	0000.006	30.391778	-88.835508
06/10/2022 12:58:50.000	10.750	0000.006	0022.831	0084.645	0003.206	0030.004	0008.475	0008.227	0036.292	0000.006	30.391778	-88.835507
06/10/2022 12:58:50.000	10.812	0000.003	0022.833	0084.655	0003.247	0029.962	0008.163	0008.227	0036.236	0000.003	30.391778	-88.835506
06/10/2022 12:58:50.000	10.750	-000.005	0022.832	0084.650	0003.279	0029.866	0008.175	0008.228	0036.107	-000.005	30.391779	-88.835505
06/10/2022 12:58:51.000	10.875	-000.003	0022.829	0084.915	0003.320	0029.786	0008.463	0008.228	0036.000	-000.003	30.391779	-88.835504
06/10/2022 12:58:51.000	10.750	-000.001	0022.822	0084.915	0003.278	0029.744	0008.713	0008.229	0035.944	-000.001	30.391779	-88.835504
06/10/2022 12:58:51.000	10.625	-000.001	0022.815	0084.915	0003.264	0029.796	0008.575	0008.231	0036.014	-000.001	30.391779	-88.835503
06/10/2022 12:58:51.000	10.750	-000.001	0022.815	0084.915	0003.272	0029.818	0008.887	0008.233	0036.043	-000.001	30.391780	-88.835502
06/10/2022 12:58:52.000	10.688	-000.001	0022.812	0084.915	0003.312	0029.788	0009.075	0008.231	0036.003	-000.001	30.391780	-88.835501
06/10/2022 12:58:52.000	10.750	-000.001	0022.813	0085.175	0003.276	0029.806	0008.775	0008.233	0036.027	-000.001	30.391780	-88.835500
06/10/2022 12:58:52.000	10.625	-000.001	0022.811	0085.170	0003.269	0029.808	0008.913	0008.235	0036.030	-000.001	30.391780	-88.835500
06/10/2022 12:58:52.000	10.688	-000.001	0022.811	0085.175	0003.274	0029.846	0008.738	0008.235	0036.081	-000.001	30.391781	-88.835498
06/10/2022 12:58:53.000	10.625	-000.001	0022.810	0085.175	0003.304	0029.848	0008.800	0008.235	0036.083	-000.001	30.391781	-88.835498
06/10/2022 12:58:53.000	10.750	-000.000	0022.808	0085.450	0003.243	0029.846	0008.563	0008.236	0036.081	-000.000	30.391781	-88.835497
06/10/2022 12:58:53.000	10.688	-000.001	0022.809	0085.465	0003.314	0029.806	0008.675	0008.236	0036.027	-000.001	30.391781	-88.835496
06/10/2022 12:58:53.000	10.875	-000.003	0022.807	0085.440	0003.264	0029.780	0008.363	0008.237	0035.992	-000.003	30.391782	-88.835495
06/10/2022 12:58:54.000	11.000	-000.005	0022.809	0085.440	0003.328	0029.706	0008.338	0008.236	0035.893	-000.005	30.391782	-88.835494
06/10/2022 12:58:54.000	10.812	-000.004	0022.809	0085.440	0002.713	0029.766	0008.175	0008.236	0035.974	-000.004	30.391782	-88.835494
06/10/2022 12:58:54.000	10.750	-000.004	0022.808	0085.605	0003.341	0029.794	0008.188	0008.238	0036.011	-000.004	30.391783	-88.835493
06/10/2022 12:58:54.000	10.688	-000.003	0022.807	0085.605	0003.334	0029.822	0008.400	0008.238	0036.048	-000.003	30.391783	-88.835492
06/10/2022 12:58:55.000	11.063	-000.006	0022.806	0085.600	0003.372	0029.740	0008.363	0008.238	0035.939	-000.006	30.391784	-88.835491
06/10/2022 12:58:55.000	10.750	-000.005	0022.807	0085.610	0003.293	0029.734	0008.400	0008.240	0035.931	-000.005	30.391784	-88.835491
06/10/2022 12:58:55.000	10.875	-000.004	0022.807	0085.610	0003.268	0029.772	0008.300	0008.238	0035.982	-000.004	30.391784	-88.835490
06/10/2022 12:58:55.000	10.875	-000.003	0022.808	0085.670	0003.280	0029.808	0008.238	0008.240	0036.030	-000.003	30.391784	-88.835489
06/10/2022 12:58:56.000	10.875	-000.003	0022.810	0085.675	0003.263	0029.788	0008.475	0008.241	0036.003	-000.003	30.391785	-88.835488
06/10/2022 12:58:56.000	10.750	-000.005	0022.807	0085.675	0003.256	0029.756	0008.750	0008.243	0035.960	-000.005	30.391785	-88.835488
06/10/2022 12:58:56.000	10.875	-000.005	0022.806	0085.675	0003.252	0029.742	0008.463	0008.243	0035.942	-000.005	30.391785	-88.835487
06/10/2022 12:58:56.000	10.750	-000.004	0022.804	0085.805	0003.260	0029.752	0008.438	0008.243	0035.955	-000.004	30.391786	-88.835486
06/10/2022 12:58:57.000	10.688	-000.004	0022.806	0085.895	0003.253	0029.790	0008.775	0008.244	0036.006	-000.004	30.391786	-88.835486
06/10/2022 12:58:57.000	10.625	-000.004	0022.808	0085.810	0003.270	0029.796	0008.938	0008.245	0036.014	-000.004	30.391786	-88.835485
06/10/2022 12:58:57.000	10.938	-000.004	0022.808	0085.805	0003.355	0029.832	0008.925	0008.246	0036.062	-000.004	30.391786	-88.835485
06/10/2022 12:58:57.000	10.938	-000.000	0022.810	0085.810	0003.310	0029.794	0008.600	0008.245	0036.011	-000.000	30.391787	-88.835483
06/10/2022 12:58:58.000	10.938	-000.004	0022.808	0085.960	0003.225	0029.778	0008.363	0008.244	0035.990	-000.004	30.391787	-88.835483
06/10/2022 12:58:58.000	11.125	-000.006	0022.808	0085.960	0003.229	0029.624	0008.500	0008.245	0035.784	-000.006	30.391788	-88.835482
06/10/2022 12:58:58.000	10.875	-000.005	0022.807	0085.960	0003.231	0029.660	0008.563	0008.245	0035.832	-000.005	30.391788	-88.835482
06/10/2022 12:58:58.000	10.875	-000.004	0022.802	0085.965	0003.290	0029.656	0008.650	0008.245	0035.827	-000.004	30.391788	-88.835481
06/10/2022 12:58:59.000	10.812	-000.004	0022.798	0085.960	0003.220	0029.676	0008.913	0008.246	0035.853	-000.004	30.391788	-88.835480
06/10/2022 12:58:59.000	10.562	-000.003	0022.793	0086.415	0003.215	0029.670	0008.475	0008.247	0035.845	-000.003	30.391789	-88.835480
06/10/2022 12:58:59.000	10.562	-000.002	0022.788	0086.410	0003.281	0029.656	0008.500	0008.246	0035.827	-000.002	30.391789	-88.835479
06/10/2022 12:58:59.000	11.000	-000.003	0022.786	0086.415	0003.254	0029.622	0008.650	0008.247	0035.781	-000.003	30.391789	-88.835478
06/10/2022 12:59:00.000	10.938	-000.005	0022.783	0086.410	0003.252	0029.628	0009.288	0008.246	0035.789	-000.005	30.391790	-88.835478
06/10/2022 12:59:00.000	10.688	-000.004	0022.786	0086.625	0003.289	0029.604	0008.925	0008.246	0035.757	-000.004	30.391790	-88.835477
06/10/2022 12:59:00.000	10.688	-000.004	0022.788	0086.535	0003.263	0029.642	0008.938	0008.248	0035.808	-000.004	30.391791	-88.835477
06/10/2022 12:59:00.000	10.750	-000.003	0022.791	0086.615	0003.243	0029.648	0009.012	0008.247	0035.816	-000.003	30.391791	-88.835476
06/10/2022 12:59:01.000	10.812	-000.004	0022.792	0086.630	0003.361	0029.696	0008.875	0008.247	0035.880	-000.004	30.391792	-88.835475
06/10/2022 12:59:01.000	10.562	-000.003	0022.793	0086.630	0003.294	0029.694	0008.850	0008.247	0035.877	-000.003	30.391792	-88.835475
06/10/2022 12:59:01.000	10.812	-000.003	0022.797	0086.755	0003.332	0029.742	0008.625	0008.247	0035.942	-000.003	30.391792	-88.835474
06/10/2022 12:59:01.000	10.750	-000.003	0022.797	0086.755	0003.248	0029.794	0009.012	0008.248	0036.011	-000.003	30.391792	-88.835473
06/10/2022 12:59:02.000	11.000	0000.004	0022.796	0086.755	0003.318	0029.804	0008.875	0008.248	0036.024	0000.004	30.391792	-88.835473
06/10/2022 12:59:02.000	10.938	0000.004	0022.797	0086.755	0003.216	0029.814	0008.938	0008.248	0036.038	0000.004	30.391793	-88.835472
06/10/2022 12:59:02.000	10.938	-000.001	0022.800	0086.750	0003.293	0029.776	0009.075	0008.248	0035.987	-000.001	30.391793	-88.835472
06/10/2022 12:59:02.000	10.875	-000.006	0022.803	0086.875	0003.214	0029.700	0008.750	0008.248	0035.885	-000.006	30.391794	-88.835471
06/10/2022 12:59:03.000	11.000	-000.004	0022.808	0086.870	0003.230	0029.614	0008.450	0008.248	0035.771	-000.004	30.391794	-88.835470
06/10/2022 12:59:03.000	10.875	-000.003	0022.814	0086.870	0003.280	0029.792	0008.387	0008.249	0036.008	-000.003	30.391794	-88.835470
06/10/2022 12:59:03.000	11.000	-000.003	0022.815	0086.870	0003.268	0029.836	0008.413	0008.248	0036.067	-000.003	30.391795	-88.835470
06/10/2022 12:59:03.000	10.812	0000.000	0022.820	0086.950	0003.226	0029.850	0008.137	0008.248	0036.086	0000.000	30.391795	-88.835469
06/10/2022 12:59:04.000	10.875	0000.002	0022.823	0086.955	0003.281	0029.850	0008.200	0008.247	0036.086	0000.002	30.391795	-88.835468
06/10/2022 12:59:04.000	10.750	0000.001	0022.823	0086.935	0003.266	0029.814	0008.450	0008.247	0036.038	0000.001	30.391796	-88.835468
06/10/2022 12:59:04.000	11.000	-000.007	0022.825	0086.935	0003.287	0029.680	0008.875	0008.247	0035.859	-000.007	30.391796	-88.835467
06/10/2022 12:59:04.000	10.812	-000.004	0022.824	0086.935	0003.250	0029.650	0009.012	0008.245	0035.819	-000.004	30.391796	-88.835466
06/10/2022 12:59:05.000	10.812	-000.003	0022.826	0087.065	0003.269	0029.786	0009.625	0008.247	0036.000	-000.003	30.391797	-88.835466
06/10/2022 12:59:05.000	10.875	-000.003	0022.826	0087.060	0003.353	0029.844	0009.175	0008.247	0036.078	-000.003	30.391797	-88.835466
06/10/2022 12:59:05.000	10.875	-000.002	0022.823	0087.060	0003.321	0029.826	0008.925	0008.246	0036.054	-000.002	30.391797	-88.835465
06/10/2022 12:59:05.000	10.750	-000.002	0022.827	0087.055	0003.331	0029.826	0008.875	0008.247	0036.054	-000.002	30.391798	-88.835464
06/10/2022 12:59:06.000	10.812	-000.003	0022.825	0087.070	0003.327	0029.786	0009.038	0008.245	0036.000	-000.003	30.391798	-88.835464
06/10/2022 12:59:06.000	11.000	-000.005	0022.824	0087.005	0003.287	0029.758	0009.262	0008.245	0035.963	-000.005	30.391798	-88.835464
06/10/2022 12:59:06.000	11.063	-000.004	0022.829	0087.010	0003.303	0029.766	0009.375	0008.246	0035.974	-000.004	30.391798	-88.835463
06/10/2022 12:59:06.000	11.000	-000.004	0022.826	0087.000	0003.236	0029.768	0009.400	0008.247	0035.976	-000.004	30.391799	-88.835462
06/10/2022 12:59:07.000	11.000	-000.004	0022.827	0087.005	0003.292	0029.780	0009.313	0008.247	0035.992	-000.004	30.391800	-88.835462
06/10/2022 12:59:07.000	11.000	-000.003	0022.826	0086.995	0003.258	0029.734	0009.025	0008.246	0035.931	-000.003	30.391800	-88.835462
06/10/2022 12:59:07.000	10.875	-000.002	0022.824	0087.020	0003.271	0029.760	0009.163	0008.245	0035.966	-000.002	30.391800	-88.835461
06/10/2022 12:59:07.000	10.875	-000.002	0022.824	0087.000	0003.343	0029.774	0009.012	0008.245	0035.984	-000.002	30.391801	-88.835460
06/10/2022 12:59:08.000	10.938	-000.002	0022.826	0087.010	0003.302	0029.758	0008.900	0008.245	0035.963	-000.002	30.391801	-88.835460
06/10/2022 12:59:08.000	10.875	-000.002	0022.826	0086.995	0003.352	0029.808	0008.838	0008.247	0036.030	-000.002	30.391801	-88.835460
06/10/2022 12:59:08.000	10.875	0000.001	0022.826	0087.010	0003.330	0029.826	0008.963	0008.247	0036.054	0000.001	30.391801	-88.835459
06/10/2022 12:59:08.000	10.875	0000.007	0022.826	0087.015	0003.237	0029.826	0009.150	0008.246	0036.054	0000.007	30.391801	-88.835459
06/10/2022 12:59:09.000	11.187	0000.001	0022.825	0087.015	0003.297	0029.778	0008.637	0008.245	0035.990	0000.001	30.391802	-88.835458
06/10/2022 12:59:09.000	10.875	-000.009	0022.827	0087.015	0003.326	0029.316	0008.750	0008.246	0035.373	-000.009	30.391802	-88.835457
06/10/2022 12:59:09.000	11.563	-000.005	0022.826	0087.020	0003.264	0029.396	0008.738	0008.245	0035.480	-000.005	30.391802	-88.835457
06/10/2022 12:59:09.000	11.000	-000.004	0022.829	0087.065	0003.303	0029.740	0008.950	0008.247	0035.939	-000.004	30.391803	-88.835457
06/10/2022 12:59:10.000	10.812	-000.003	0022.828	0087.060	0003.309	0029.828	0009.275	0008.248	0036.056	-000.003	30.391803	-88.835456
06/10/2022 12:59:10.000	10.875	0000.005	0022.828	0087.065	0003.286	0029.810	0008.887	0008.247	0036.032	0000.005	30.391804	-88.835456
06/10/2022 12:59:10.000	10.875	0000.004	0022.828	0087.060	0003.261	0029.782	0008.850	0008.247	0035.995	0000.004	30.391804	-88.835455
06/10/2022 12:59:10.000	10.875	-000.004	0022.827	0087.060	0003.311	0029.692	0008.650	0008.245	0035.875	-000.004	30.391804	-88.835454
06/10/2022 12:59:11.000	10.625	-000.007	0022.827	0087.065	0003.302	0029.670	0008.850	0008.247	0035.845	-000.007	30.391804	-88.835454
06/10/2022 12:59:11.000	10.750	-000.004	0022.826	0087.050	0003.265	0029.700	0009.075	0008.247	0035.885	-000.004	30.391804	-88.835454
06/10/2022 12:59:11.000	10.812	-000.006	0022.826	0087.050	0003.264	0029.678	0009.075	0008.246	0035.856	-000.006	30.391805	-88.835453
06/10/2022 12:59:11.000	11.187	-000.005	0022.824	0087.045	0003.248	0029.652	0009.325	0008.247	0035.821	-000.005	30.391805	-88.835453
06/10/2022 12:59:12.000	11.000	-000.004	0022.822	0087.145	0003.241	0029.610	0009.875	0008.246	0035.765	-000.004	30.391805	-88.835452
06/10/2022 12:59:12.000	11.000	-000.004	0022.816	0087.155	0003.286	0029.648	0009.025	0008.246	0035.816	-000.004	30.391806	-88.835452
06/10/2022 12:59:12.000	10.938	-000.004	0022.813	0087.145	0003.312	0029.680	0008.887	0008.248	0035.859	-000.004	30.391806	-88.835451
06/10/2022 12:59:12.000	10.812	-000.001	0022.815	0087.145	0003.314	0029.690	0008.762	0008.248	0035.872	-000.001	30.391806	-88.835451
06/10/2022 12:59:13.000	10.938	0000.001	0022.815	0087.155	0003.239	0029.690	0008.588	0008.247	0035.872	0000.001	30.391806	-88.835450
06/10/2022 12:59:13.000	10.875	-000.001	0022.816	0087.210	0003.311	0029.686	0008.450	0008.247	0035.867	-000.001	30.391807	-88.835450
06/10/2022 12:59:13.000	10.875	-000.007	0022.812	0087.210	0003.278	0029.676	0008.800	0008.247	0035.853	-000.007	30.391807	-88.835450
06/10/2022 12:59:13.000	10.688	-000.005	0022.812	0087.205	0003.340	0029.666	0008.613	0008.248	0035.840	-000.005	30.391807	-88.835449
06/10/2022 12:59:14.000	10.938	-000.004	0022.811	0087.210	0003.254	0029.676	0008.663	0008.248	0035.853	-000.004	30.391807	-88.835448
06/10/2022 12:59:14.000	10.750	-000.004	0022.812	0087.230	0003.303	0029.708	0008.887	0008.248	0035.896	-000.004	30.391808	-88.835448
06/10/2022 12:59:14.000	10.750	-000.004	0022.815	0087.145	0003.299	0029.714	0008.850	0008.248	0035.904	-000.004	30.391808	-88.835448
06/10/2022 12:59:14.000	10.688	-000.004	0022.813	0087.220	0003.241	0029.724	0008.738	0008.248	0035.917	-000.004	30.391808	-88.835447
06/10/2022 12:59:15.000	10.812	-000.004	0022.813	0087.225	0003.289	0029.702	0008.775	0008.248	0035.888	-000.004	30.391808	-88.835446
06/10/2022 12:59:15.000	10.562	-000.003	0022.815	0087.220	0003.240	0029.720	0008.913	0008.249	0035.912	-000.003	30.391809	-88.835446
06/10/2022 12:59:15.000	10.625	0000.000	0022.815	0087.295	0003.238	0029.744	0008.863	0008.249	0035.944	0000.000	30.391809	-88.835446
06/10/2022 12:59:15.000	10.875	0000.007	0022.810	0087.295	0003.250	0029.740	0008.838	0008.249	0035.939	0000.007	30.391809	-88.835445
06/10/2022 12:59:16.000	11.000	0000.005	0022.810	0087.295	0003.235	0029.728	0009.113	0008.248	0035.923	0000.005	30.391809	-88.835445
06/10/2022 12:59:16.000	11.063	-000.003	0022.807	0087.285	0003.237	0029.584	0009.425	0008.249	0035.731	-000.003	30.391809	-88.835444
06/10/2022 12:59:16.000	11.000	-000.000	0022.808	0087.295	0003.234	0029.370	0009.438	0008.249	0035.445	-000.000	30.391810	-88.835444
06/10/2022 12:59:16.000	11.063	0000.001	0022.810	0087.275	0003.248	0029.590	0009.475	0008.248	0035.739	0000.001	30.391810	-88.835443
06/10/2022 12:59:17.000	10.875	-000.001	0022.811	0087.275	0003.260	0029.750	0009.463	0008.251	0035.952	-000.001	30.391810	-88.835443
06/10/2022 12:59:17.000	10.750	0000.001	0022.810	0087.275	0003.305	0029.766	0009.913	0008.251	0035.974	0000.001	30.391810	-88.835443
06/10/2022 12:59:17.000	10.750	0000.010	0022.812	0087.275	0000.000	0029.770	0009.600	0008.251	0035.979	0000.010	30.391811	-88.835442
06/10/2022 12:59:17.000	11.000	0000.011	0022.811	0087.325	0003.240	0029.766	0009.425	0008.249	0035.974	0000.011	30.391811	-88.835442
06/10/2022 12:59:18.000	10.875	-000.000	0022.813	0087.330	0003.274	0029.730	0009.350	0008.249	0035.925	-000.000	30.391811	-88.835441
06/10/2022 12:59:18.000	11.063	-000.007	0022.813	0087.330	0000.000	0029.328	0009.262	0008.248	0035.389	-000.007	30.391811	-88.835441
06/10/2022 12:59:18.000	12.000	-000.002	0022.818	0087.335	0003.247	0029.468	0009.050	0008.249	0035.576	-000.002	30.391811	-88.835440
06/10/2022 12:59:18.000	10.875	-000.002	0022.821	0087.330	0003.237	0029.744	0009.262	0008.250	0035.944	-000.002	30.391811	-88.835440
06/10/2022 12:59:19.000	10.875	0000.002	0022.822	0087.375	0003.256	0029.866	0009.225	0008.251	0036.107	0000.002	30.391811	-88.835439
06/10/2022 12:59:19.000	10.875	0000.009	0022.831	0087.375	0000.000	0029.876	0009.313	0008.251	0036.121	0000.009	30.391811	-88.835439
06/10/2022 12:59:19.000	11.000	0000.009	0022.837	0087.375	0071.099	0029.882	0009.238	0008.249	0036.129	0000.009	30.391812	-88.835439
06/10/2022 12:59:19.000	11.063	-000.001	0022.842	0087.375	0003.263	0029.826	0009.363	0008.249	0036.054	-000.001	30.391812	-88.835438
06/10/2022 12:59:20.000	11.000	-000.004	0022.845	0087.380	0003.311	0029.828	0009.450	0008.248	0036.056	-000.004	30.391812	-88.835437
06/10/2022 12:59:20.000	11.187	-000.002	0022.844	0087.375	0003.318	0029.830	0009.525	0008.247	0036.059	-000.002	30.391812	-88.835437
06/10/2022 12:59:20.000	11.375	-000.001	0022.842	0087.375	0003.273	0029.902	0009.488	0008.248	0036.155	-000.001	30.391812	-88.835437
06/10/2022 12:59:20.000	10.750	-000.001	0022.844	0087.365	0003.294	0029.828	0009.738	0008.248	0036.056	-000.001	30.391812	-88.835436
06/10/2022 12:59:21.000	10.812	-000.001	0022.846	0087.365	0000.000	0029.834	0009.563	0008.249	0036.064	-000.001	30.391813	-88.835436
06/10/2022 12:59:21.000	10.812	-000.001	0022.850	0087.405	0003.285	0029.828	0009.900	0008.248	0036.056	-000.001	30.391813	-88.835436
06/10/2022 12:59:21.000	10.812	-000.001	0022.855	0087.295	0003.300	0029.960	0009.238	0008.249	0036.233	-000.001	30.391813	-88.835435
06/10/2022 12:59:21.000	10.750	-000.000	0022.857	0087.405	0003.263	0030.008	0009.338	0008.249	0036.297	-000.000	30.391813	-88.835434
06/10/2022 12:59:22.000	10.812	0000.006	0022.857	0087.405	0003.310	0030.010	0009.300	0008.249	0036.300	0000.006	30.391813	-88.835434
06/10/2022 12:59:22.000	10.875	0000.009	0022.856	0087.395	0003.288	0030.006	0009.050	0008.248	0036.294	0000.009	30.391813	-88.835434
06/10/2022 12:59:22.000	11.000	0000.004	0022.858	0087.400	0003.246	0029.986	0009.050	0008.248	0036.268	0000.004	30.391813	-88.835433
06/10/2022 12:59:22.000	10.875	-000.005	0022.858	0087.400	0003.260	0029.742	0009.025	0008.246	0035.942	-000.005	30.391813	-88.835433
06/10/2022 12:59:23.000	10.750	-000.002	0022.861	0087.400	0003.272	0029.904	0009.200	0008.249	0036.158	-000.002	30.391813	-88.835432
06/10/2022 12:59:23.000	10.688	-000.001	0022.858	0087.400	0003.255	0029.946	0009.350	0008.249	0036.214	-000.001	30.391813	-88.835432
06/10/2022 12:59:23.000	11.063	-000.001	0022.855	0087.405	0003.283	0029.946	0009.438	0008.247	0036.214	-000.001	30.391814	-88.835432
06/10/2022 12:59:23.000	10.750	-000.002	0022.850	0087.400	0003.248	0029.910	0009.625	0008.247	0036.166	-000.002	30.391814	-88.835431
06/10/2022 12:59:24.000	10.562	-000.005	0022.850	0087.405	0003.342	0029.844	0009.563	0008.246	0036.078	-000.005	30.391814	-88.835431
06/10/2022 12:59:24.000	10.688	-000.002	0022.847	0087.405	0003.252	0029.866	0009.350	0008.246	0036.107	-000.002	30.391814	-88.835430
06/10/2022 12:59:24.000	10.812	-000.001	0022.842	0087.405	0003.292	0029.912	0009.275	0008.247	0036.169	-000.001	30.391814	-88.835430
06/10/2022 12:59:24.000	10.750	0000.001	0022.837	0087.365	0003.274	0029.896	0009.313	0008.248	0036.147	0000.001	30.391814	-88.835429
06/10/2022 12:59:25.000	10.812	0000.004	0022.831	0087.420	0003.267	0029.872	0009.288	0008.248	0036.115	0000.004	30.391814	-88.835429
06/10/2022 12:59:25.000	10.750	-000.002	0022.830	0087.360	0003.282	0029.814	0009.262	0008.247	0036.038	-000.002	30.391814	-88.835429
06/10/2022 12:59:25.000	10.812	-000.006	0022.826	0087.365	0003.263	0029.724	0009.050	0008.247	0035.917	-000.006	30.391814	-88.835428
06/10/2022 12:59:25.000	10.625	-000.001	0022.825	0087.365	0000.000	0029.822	0008.975	0008.248	0036.048	-000.001	30.391814	-88.835428
06/10/2022 12:59:26.000	10.812	-000.002	0022.824	0087.395	0003.256	0029.852	0008.800	0008.248	0036.089	-000.002	30.391814	-88.835427
06/10/2022 12:59:26.000	10.625	-000.002	0022.822	0087.395	0003.322	0029.866	0009.050	0008.247	0036.107	-000.002	30.391814	-88.835427
06/10/2022 12:59:26.000	10.688	-000.003	0022.822	0087.390	0003.263	0029.790	0009.125	0008.247	0036.006	-000.003	30.391814	-88.835427
06/10/2022 12:59:26.000	10.688	-000.004	0022.820	0087.390	0003.348	0029.664	0009.113	0008.247	0035.837	-000.004	30.391815	-88.835426
06/10/2022 12:59:27.000	10.688	-000.002	0022.818	0087.390	0003.282	0029.636	0009.738	0008.246	0035.800	-000.002	30.391815	-88.835426
06/10/2022 12:59:27.000	10.750	-000.001	0022.813	0087.385	0003.276	0029.804	0009.825	0008.249	0036.024	-000.001	30.391815	-88.835426
06/10/2022 12:59:27.000	10.625	0000.007	0022.802	0087.375	0003.248	0029.784	0009.788	0008.249	0035.998	0000.007	30.391815	-88.835425
06/10/2022 12:59:27.000	10.500	0000.013	0022.797	0087.375	0003.350	0029.770	0009.738	0008.251	0035.979	0000.013	30.391815	-88.835425
06/10/2022 12:59:28.000	10.625	0000.009	0022.794	0087.375	0003.228	0029.766	0009.463	0008.249	0035.974	0000.009	30.391815	-88.835424
06/10/2022 12:59:28.000	37.938	-000.009	0022.791	0087.475	0003.281	0029.032	0008.887	0008.248	0034.995	-000.009	30.391815	-88.835424
06/10/2022 12:59:28.000	79.750	-000.004	0022.794	0087.430	0000.000	0028.450	0008.988	0008.249	0034.221	-000.004	30.391815	-88.835423
06/10/2022 12:59:28.000	15.750	-000.003	0022.795	0087.480	0003.257	0029.582	0009.125	0008.249	0035.728	-000.003	30.391815	-88.835423
06/10/2022 12:59:29.000	11.313	-000.003	0022.795	0087.480	0003.261	0029.748	0009.213	0008.252	0035.950	-000.003	30.391815	-88.835423
06/10/2022 12:59:29.000	11.000	0000.008	0022.793	0087.480	0003.400	0029.744	0009.175	0008.251	0035.944	0000.008	30.391815	-88.835422
06/10/2022 12:59:29.000	10.812	0000.012	0022.794	0087.480	0000.000	0029.726	0009.100	0008.249	0035.920	0000.012	30.391815	-88.835422
06/10/2022 12:59:29.000	10.812	0000.012	0022.791	0087.475	0003.269	0029.700	0009.050	0008.249	0035.885	0000.012	30.391815	-88.835421
06/10/2022 12:59:30.000	10.875	-000.000	0022.789	0087.470	0003.309	0029.594	0009.125	0008.249	0035.744	-000.000	30.391815	-88.835421
06/10/2022 12:59:30.000	15.250	-000.003	0022.786	0087.475	0003.293	0029.166	0009.025	0008.250	0035.173	-000.003	30.391815	-88.835421
06/10/2022 12:59:30.000	13.375	-000.002	0022.785	0087.475	0003.284	0028.566	0009.063	0008.249	0034.375	-000.002	30.391815	-88.835421
06/10/2022 12:59:30.000	11.437	-000.002	0022.786	0087.605	0003.282	0029.532	0009.200	0008.251	0035.661	-000.002	30.391815	-88.835420
06/10/2022 12:59:31.000	11.063	-000.002	0022.784	0087.595	0003.287	0029.634	0008.988	0008.252	0035.797	-000.002	30.391815	-88.835420
06/10/2022 12:59:31.000	11.000	0000.009	0022.785	0087.600	0003.260	0029.638	0009.113	0008.254	0035.803	0000.009	30.391815	-88.835419
06/10/2022 12:59:31.000	10.875	0000.011	0022.787	0087.595	0003.291	0029.632	0008.988	0008.252	0035.795	0000.011	30.391815	-88.835419
06/10/2022 12:59:31.000	10.875	0000.004	0022.786	0087.680	0003.262	0029.612	0008.800	0008.252	0035.768	0000.004	30.391815	-88.835418
06/10/2022 12:59:32.000	10.812	-000.007	0022.787	0087.675	0003.261	0029.432	0008.887	0008.252	0035.528	-000.007	30.391815	-88.835418
06/10/2022 12:59:32.000	11.313	-000.004	0022.790	0087.685	0003.264	0029.282	0009.137	0008.251	0035.328	-000.004	30.391815	-88.835418
06/10/2022 12:59:32.000	10.875	-000.003	0022.792	0087.680	0003.317	0029.520	0009.012	0008.253	0035.645	-000.003	30.391815	-88.835418
06/10/2022 12:59:32.000	10.750	-000.001	0022.794	0087.680	0003.243	0029.620	0008.938	0008.254	0035.779	-000.001	30.391815	-88.835417
06/10/2022 12:59:33.000	10.688	0000.004	0022.796	0087.730	0003.245	0029.616	0009.137	0008.254	0035.773	0000.004	30.391816	-88.835417
06/10/2022 12:59:33.000	10.875	0000.007	0022.795	0087.725	0003.223	0029.610	0009.238	0008.253	0035.765	0000.007	30.391816	-88.835416
06/10/2022 12:59:33.000	10.750	-000.002	0022.798	0087.730	0003.236	0029.554	0009.262	0008.252	0035.690	-000.002	30.391816	-88.835416
06/10/2022 12:59:33.000	10.875	-000.007	0022.797	0087.725	0003.256	0029.410	0009.288	0008.255	0035.498	-000.007	30.391816	-88.835415
06/10/2022 12:59:34.000	10.812	-000.004	0022.798	0087.725	0003.257	0029.512	0009.538	0008.254	0035.634	-000.004	30.391816	-88.835415
06/10/2022 12:59:34.000	10.812	-000.003	0022.799	0087.805	0003.272	0029.576	0009.300	0008.254	0035.720	-000.003	30.391816	-88.835415
06/10/2022 12:59:34.000	10.625	-000.003	0022.796	0087.800	0003.278	0029.596	0009.150	0008.254	0035.747	-000.003	30.391816	-88.835415
06/10/2022 12:59:34.000	11.563	0000.001	0022.798	0087.805	0003.316	0029.610	0009.350	0008.255	0035.765	0000.001	30.391816	-88.835414
06/10/2022 12:59:35.000	11.063	0000.003	0022.799	0087.810	0003.266	0029.536	0009.050	0008.255	0035.666	0000.003	30.391816	-88.835414
06/10/2022 12:59:35.000	11.375	-000.004	0022.801	0087.800	0003.276	0029.426	0009.188	0008.254	0035.520	-000.004	30.391816	-88.835414
06/10/2022 12:59:35.000	11.500	-000.001	0022.800	0087.735	0000.000	0029.452	0009.288	0008.254	0035.554	-000.001	30.391816	-88.835413
06/10/2022 12:59:35.000	10.812	-000.001	0022.798	0087.800	0003.338	0029.554	0009.250	0008.255	0035.690	-000.001	30.391816	-88.835413
06/10/2022 12:59:36.000	10.750	-000.002	0022.801	0087.800	0003.260	0029.604	0009.288	0008.255	0035.757	-000.002	30.391816	-88.835413
06/10/2022 12:59:36.000	10.750	-000.001	0022.799	0087.800	0003.264	0029.610	0009.375	0008.254	0035.765	-000.001	30.391816	-88.835412
06/10/2022 12:59:36.000	10.750	0000.002	0022.796	0087.870	0003.248	0029.612	0009.325	0008.256	0035.768	0000.002	30.391816	-88.835412
06/10/2022 12:59:36.000	10.688	0000.003	0022.797	0087.870	0003.243	0029.614	0009.262	0008.254	0035.771	0000.003	30.391816	-88.835411
06/10/2022 12:59:37.000	10.688	0000.003	0022.795	0087.875	0003.255	0029.592	0009.275	0008.254	0035.741	0000.003	30.391816	-88.835411
06/10/2022 12:59:37.000	10.812	-000.005	0022.798	0087.870	0003.233	0029.548	0009.275	0008.256	0035.682	-000.005	30.391816	-88.835411
06/10/2022 12:59:37.000	10.750	-000.005	0022.799	0087.855	0003.234	0029.286	0009.350	0008.255	0035.333	-000.005	30.391816	-88.835410
06/10/2022 12:59:37.000	10.938	-000.002	0022.798	0087.920	0003.251	0029.414	0009.325	0008.254	0035.504	-000.002	30.391816	-88.835410
06/10/2022 12:59:38.000	10.875	-000.002	0022.799	0087.915	0003.230	0029.572	0009.375	0008.256	0035.714	-000.002	30.391816	-88.835410
06/10/2022 12:59:38.000	10.688	-000.000	0022.799	0087.915	0003.313	0029.610	0009.225	0008.256	0035.765	-000.000	30.391816	-88.835409
06/10/2022 12:59:38.000	11.125	0000.010	0022.800	0087.915	0003.264	0029.612	0009.213	0008.256	0035.768	0000.010	30.391816	-88.835409
06/10/2022 12:59:38.000	10.688	0000.009	0022.802	0087.940	0003.282	0029.596	0009.262	0008.256	0035.747	0000.009	30.391816	-88.835409
06/10/2022 12:59:39.000	10.750	-000.003	0022.801	0088.025	0003.237	0029.498	0009.163	0008.256	0035.616	-000.003	30.391816	-88.835408
06/10/2022 12:59:39.000	10.750	-000.004	0022.801	0087.945	0003.283	0029.380	0009.300	0008.256	0035.458	-000.004	30.391817	-88.835408
