Date / Time	TURBIDITY;FTU	PRESSURE;DBAR	TEMPERATURE;C	DISSOLVED OXYGEN;SAT%	ALTITUDE;M	CONDUCTIVITY;MS/CM	FLUOROMETER (C);UG/L	PH;PH	Calc. SALINITY; PSU	Calc. DEPTH;M	LATITUDE;DEG	LONGITUDE;DEG
07/10/2022 18:03:20.000	225.312	-000.004	0025.788	0097.820	0005.139	0027.396	0002.050	0008.399	0032.826	-000.004	30.197530	-89.182619
07/10/2022 18:03:20.000	36.000	0000.004	0025.797	0097.820	0005.155	0028.526	0002.000	0008.399	0034.322	0000.004	30.197529	-89.182623
07/10/2022 18:03:20.000	52.063	0000.004	0025.782	0097.820	0005.129	0026.636	0002.175	0008.422	0031.825	0000.004	30.197529	-89.182628
07/10/2022 18:03:20.000	423.250	0000.001	0025.745	0097.825	0005.095	0001.230	0002.188	0008.408	0001.183	0000.001	30.197528	-89.182638
07/10/2022 18:03:21.000	49.125	0000.003	0025.749	0097.820	0005.091	0002.684	0002.063	0008.417	0002.693	0000.003	30.197528	-89.182643
07/10/2022 18:03:21.000	274.062	0000.025	0025.770	0097.265	0005.138	0026.472	0002.225	0008.414	0031.609	0000.025	30.197528	-89.182648
07/10/2022 18:03:21.000	123.813	0000.112	0025.761	0097.275	0005.052	0026.216	0002.188	0008.402	0031.273	0000.112	30.197528	-89.182653
07/10/2022 18:03:21.000	111.000	0000.218	0025.747	0097.270	0004.996	0028.710	0002.075	0008.395	0034.566	0000.217	30.197527	-89.182662
07/10/2022 18:03:22.000	40.062	0000.333	0025.716	0097.275	0004.918	0030.008	0002.112	0008.380	0036.297	0000.332	30.197527	-89.182666
07/10/2022 18:03:22.000	8.688	0000.402	0025.634	0096.325	0004.849	0029.596	0002.063	0008.389	0035.747	0000.401	30.197527	-89.182670
07/10/2022 18:03:22.000	6.500	0000.451	0025.540	0097.500	0004.829	0029.888	0002.112	0008.397	0036.137	0000.450	30.197527	-89.182674
07/10/2022 18:03:22.000	6.188	0000.533	0025.454	0097.500	0004.800	0030.714	0002.150	0008.399	0037.243	0000.531	30.197527	-89.182683
07/10/2022 18:03:23.000	5.938	0000.611	0025.347	0097.500	0004.827	0030.572	0002.150	0008.399	0037.053	0000.609	30.197526	-89.182687
07/10/2022 18:03:23.000	6.000	0000.709	0025.264	0097.500	0004.855	0030.600	0002.125	0008.401	0037.090	0000.707	30.197526	-89.182691
07/10/2022 18:03:23.000	6.000	0000.774	0025.212	0097.220	0004.914	0030.986	0002.237	0008.405	0037.609	0000.772	30.197526	-89.182694
07/10/2022 18:03:23.000	5.938	0000.849	0025.129	0097.215	0004.958	0030.934	0002.225	0008.408	0037.539	0000.846	30.197525	-89.182702
07/10/2022 18:03:24.000	5.938	0000.918	0025.054	0097.215	0004.926	0031.088	0002.250	0008.401	0037.746	0000.915	30.197524	-89.182705
07/10/2022 18:03:24.000	5.813	0001.039	0024.976	0097.215	0004.936	0031.458	0002.188	0008.409	0038.244	0001.036	30.197524	-89.182709
07/10/2022 18:03:24.000	5.875	0001.088	0024.925	0097.220	0004.839	0032.170	0002.063	0008.395	0039.206	0001.085	30.197523	-89.182712
07/10/2022 18:03:24.000	5.688	0001.145	0024.865	0097.625	0004.794	0032.770	0002.013	0008.382	0040.019	0001.141	30.197522	-89.182719
07/10/2022 18:03:25.000	5.500	0001.229	0024.829	0097.625	0004.698	0033.830	0001.863	0008.376	0041.461	0001.225	30.197522	-89.182722
07/10/2022 18:03:25.000	5.313	0001.287	0024.782	0097.625	0004.605	0034.700	0001.913	0008.364	0042.651	0001.283	30.197522	-89.182726
07/10/2022 18:03:25.000	5.000	0001.367	0024.734	0097.625	0004.624	0035.498	0002.025	0008.350	0043.746	0001.363	30.197521	-89.182729
07/10/2022 18:03:25.000	4.688	0001.426	0024.696	0096.240	0004.523	0037.158	0001.900	0008.341	0046.040	0001.422	30.197521	-89.182735
07/10/2022 18:03:26.000	4.438	0001.506	0024.665	0097.135	0004.381	0038.644	0001.850	0008.335	0048.110	0001.501	30.197520	-89.182738
07/10/2022 18:03:26.000	4.250	0001.598	0024.652	0097.135	0004.343	0039.850	0002.075	0008.327	0049.802	0001.593	30.197520	-89.182741
07/10/2022 18:03:26.000	4.125	0001.700	0024.635	0097.145	0004.232	0040.978	0002.050	0008.319	0051.393	0001.695	30.197520	-89.182744
07/10/2022 18:03:26.000	4.188	0001.805	0024.617	0097.135	0003.999	0041.398	0002.125	0008.316	0051.988	0001.799	30.197519	-89.182750
07/10/2022 18:03:27.000	4.188	0001.911	0024.603	0094.965	0003.855	0042.012	0002.150	0008.312	0052.860	0001.905	30.197519	-89.182752
07/10/2022 18:03:27.000	4.063	0001.971	0024.590	0094.965	0003.763	0042.404	0002.138	0008.309	0053.419	0001.965	30.197518	-89.182755
07/10/2022 18:03:27.000	4.313	0002.066	0024.582	0094.970	0003.798	0042.716	0002.487	0008.306	0053.864	0002.060	30.197518	-89.182757
07/10/2022 18:03:27.000	4.313	0002.160	0024.563	0094.965	0003.491	0042.884	0002.475	0008.303	0054.104	0002.153	30.197517	-89.182763
07/10/2022 18:03:28.000	4.250	0002.232	0024.541	0094.965	0003.539	0042.906	0002.213	0008.302	0054.135	0002.225	30.197516	-89.182765
07/10/2022 18:03:28.000	4.313	0002.326	0024.522	0090.425	0003.253	0042.986	0002.350	0008.301	0054.249	0002.319	30.197515	-89.182768
07/10/2022 18:03:28.000	4.938	0002.415	0024.507	0090.430	0003.225	0043.034	0002.825	0008.302	0054.318	0002.407	30.197515	-89.182770
07/10/2022 18:03:28.000	5.813	0002.501	0024.496	0090.430	0003.099	0043.092	0002.850	0008.302	0054.401	0002.493	30.197515	-89.182775
07/10/2022 18:03:29.000	6.250	0002.616	0024.492	0090.435	0003.031	0043.334	0003.150	0008.300	0054.747	0002.608	30.197514	-89.182777
07/10/2022 18:03:29.000	5.875	0002.723	0024.505	0087.870	0002.910	0045.772	0003.663	0008.293	0058.262	0002.715	30.197514	-89.182780
07/10/2022 18:03:29.000	6.125	0002.823	0024.571	0086.455	0002.734	0046.190	0004.738	0008.298	0058.869	0002.814	30.197514	-89.182782
07/10/2022 18:03:29.000	6.688	0002.913	0024.633	0086.460	0002.538	0046.212	0003.925	0008.301	0058.901	0002.904	30.197513	-89.182787
07/10/2022 18:03:30.000	7.063	0002.962	0024.664	0086.460	0002.458	0046.222	0004.488	0008.306	0058.915	0002.953	30.197513	-89.182789
07/10/2022 18:03:30.000	7.438	0003.020	0024.677	0086.455	0002.339	0046.224	0004.300	0008.308	0058.918	0003.011	30.197512	-89.182791
07/10/2022 18:03:30.000	7.813	0003.046	0024.688	0083.660	0002.313	0046.222	0005.350	0008.311	0058.915	0003.037	30.197511	-89.182793
07/10/2022 18:03:30.000	7.750	0003.073	0024.698	0083.660	0002.280	0046.224	0004.275	0008.314	0058.918	0003.063	30.197510	-89.182797
07/10/2022 18:03:31.000	7.500	0003.082	0024.706	0083.665	0002.222	0046.224	0004.138	0008.314	0058.918	0003.072	30.197510	-89.182799
07/10/2022 18:03:31.000	7.688	0003.098	0024.711	0083.660	0002.173	0046.222	0003.600	0008.315	0058.915	0003.088	30.197509	-89.182801
07/10/2022 18:03:31.000	7.813	0003.106	0024.718	0083.660	0002.216	0046.226	0003.863	0008.317	0058.921	0003.096	30.197509	-89.182803
07/10/2022 18:03:31.000	7.688	0003.109	0024.720	0081.355	0002.168	0046.224	0003.913	0008.318	0058.918	0003.099	30.197508	-89.182807
07/10/2022 18:03:32.000	7.813	0003.112	0024.723	0081.350	0002.136	0046.224	0004.662	0008.319	0058.918	0003.102	30.197508	-89.182809
07/10/2022 18:03:32.000	7.875	0003.117	0024.724	0081.355	0002.166	0046.230	0004.725	0008.320	0058.927	0003.107	30.197508	-89.182810
07/10/2022 18:03:32.000	7.813	0003.127	0024.724	0081.345	0002.105	0046.228	0004.463	0008.321	0058.924	0003.117	30.197508	-89.182812
07/10/2022 18:03:32.000	7.750	0003.142	0024.724	0080.410	0002.091	0046.224	0004.550	0008.320	0058.918	0003.132	30.197507	-89.182816
07/10/2022 18:03:33.000	8.125	0003.158	0024.723	0080.195	0002.049	0046.228	0004.000	0008.323	0058.924	0003.148	30.197506	-89.182818
07/10/2022 18:03:33.000	8.125	0003.168	0024.724	0080.190	0002.053	0046.228	0004.813	0008.323	0058.924	0003.158	30.197506	-89.182819
07/10/2022 18:03:33.000	7.938	0003.192	0024.724	0080.195	0002.008	0046.232	0003.450	0008.323	0058.930	0003.182	30.197505	-89.182821
07/10/2022 18:03:33.000	7.938	0003.204	0024.725	0080.195	0001.999	0046.230	0004.775	0008.324	0058.927	0003.194	30.197504	-89.182824
07/10/2022 18:03:34.000	8.125	0003.221	0024.725	0079.305	0001.952	0046.230	0003.988	0008.325	0058.927	0003.211	30.197503	-89.182826
07/10/2022 18:03:34.000	8.313	0003.223	0024.723	0079.300	0001.944	0046.228	0003.513	0008.326	0058.924	0003.213	30.197503	-89.182828
07/10/2022 18:03:34.000	8.313	0003.221	0024.724	0079.295	0001.918	0046.226	0003.700	0008.325	0058.921	0003.211	30.197503	-89.182829
07/10/2022 18:03:34.000	8.563	0003.218	0024.723	0079.295	0001.977	0046.226	0003.513	0008.327	0058.921	0003.208	30.197502	-89.182832
07/10/2022 18:03:35.000	8.188	0003.225	0024.723	0079.300	0001.944	0046.226	0003.737	0008.327	0058.921	0003.215	30.197502	-89.182834
07/10/2022 18:03:35.000	8.125	0003.229	0024.724	0078.765	0001.997	0046.228	0003.875	0008.327	0058.924	0003.219	30.197502	-89.182836
07/10/2022 18:03:35.000	7.938	0003.231	0024.723	0078.770	0001.929	0046.228	0003.313	0008.328	0058.924	0003.221	30.197501	-89.182837
07/10/2022 18:03:35.000	8.125	0003.230	0024.722	0078.765	0001.904	0046.226	0002.938	0008.328	0058.921	0003.220	30.197500	-89.182841
07/10/2022 18:03:36.000	7.875	0003.230	0024.723	0078.765	0001.895	0046.228	0006.287	0008.328	0058.924	0003.220	30.197500	-89.182842
07/10/2022 18:03:36.000	8.000	0003.251	0024.724	0078.415	0001.914	0046.226	0004.300	0008.328	0058.921	0003.241	30.197500	-89.182843
07/10/2022 18:03:36.000	7.938	0003.274	0024.726	0078.425	0001.872	0046.228	0004.863	0008.331	0058.924	0003.264	30.197499	-89.182845
07/10/2022 18:03:36.000	7.750	0003.293	0024.725	0078.425	0001.844	0046.228	0004.125	0008.329	0058.924	0003.283	30.197498	-89.182847
07/10/2022 18:03:37.000	8.188	0003.303	0024.724	0078.430	0001.818	0046.226	0003.725	0008.331	0058.921	0003.293	30.197498	-89.182849
07/10/2022 18:03:37.000	7.875	0003.303	0024.725	0078.420	0001.813	0046.228	0003.450	0008.330	0058.924	0003.293	30.197497	-89.182850
07/10/2022 18:03:37.000	8.438	0003.280	0024.726	0078.270	0001.813	0046.230	0003.175	0008.329	0058.927	0003.270	30.197497	-89.182852
07/10/2022 18:03:37.000	8.125	0003.252	0024.724	0078.260	0001.833	0046.228	0003.888	0008.331	0058.924	0003.242	30.197496	-89.182855
07/10/2022 18:03:38.000	8.000	0003.243	0024.724	0078.270	0001.867	0046.226	0003.513	0008.332	0058.921	0003.233	30.197496	-89.182856
07/10/2022 18:03:38.000	7.750	0003.240	0024.725	0078.260	0001.882	0046.226	0003.725	0008.331	0058.921	0003.230	30.197495	-89.182858
07/10/2022 18:03:38.000	7.750	0003.252	0024.724	0078.270	0001.862	0046.228	0003.938	0008.332	0058.924	0003.242	30.197495	-89.182859
07/10/2022 18:03:38.000	8.000	0003.288	0024.723	0078.060	0001.859	0046.226	0003.737	0008.332	0058.921	0003.278	30.197494	-89.182861
07/10/2022 18:03:39.000	7.813	0003.319	0024.724	0078.065	0001.844	0046.226	0003.788	0008.332	0058.921	0003.309	30.197494	-89.182862
07/10/2022 18:03:39.000	8.188	0003.342	0024.723	0078.065	0001.806	0046.226	0004.050	0008.332	0058.921	0003.332	30.197494	-89.182864
07/10/2022 18:03:39.000	8.375	0003.347	0024.721	0078.065	0001.779	0046.228	0003.175	0008.332	0058.924	0003.337	30.197493	-89.182865
07/10/2022 18:03:39.000	8.125	0003.328	0024.723	0077.845	0001.775	0046.228	0002.925	0008.331	0058.924	0003.318	30.197492	-89.182868
07/10/2022 18:03:40.000	8.313	0003.292	0024.724	0077.950	0001.793	0046.226	0002.975	0008.334	0058.921	0003.282	30.197492	-89.182870
07/10/2022 18:03:40.000	8.125	0003.260	0024.722	0077.960	0001.829	0046.226	0003.950	0008.334	0058.921	0003.250	30.197491	-89.182871
07/10/2022 18:03:40.000	8.000	0003.255	0024.723	0077.965	0001.870	0046.226	0005.438	0008.332	0058.921	0003.245	30.197491	-89.182872
07/10/2022 18:03:40.000	7.875	0003.267	0024.722	0077.960	0001.851	0046.228	0004.350	0008.334	0058.924	0003.257	30.197491	-89.182874
07/10/2022 18:03:41.000	8.313	0003.298	0024.721	0077.955	0001.815	0046.226	0004.050	0008.334	0058.921	0003.288	30.197490	-89.182875
07/10/2022 18:03:41.000	8.000	0003.312	0024.723	0077.955	0001.800	0046.226	0003.737	0008.334	0058.921	0003.302	30.197490	-89.182876
07/10/2022 18:03:41.000	7.563	0003.318	0024.723	0077.955	0001.774	0046.226	0004.088	0008.334	0058.921	0003.308	30.197489	-89.182878
07/10/2022 18:03:41.000	8.000	0003.318	0024.722	0077.955	0001.762	0046.226	0003.675	0008.334	0058.921	0003.308	30.197488	-89.182880
07/10/2022 18:03:42.000	8.125	0003.322	0024.724	0077.950	0001.774	0046.226	0003.538	0008.334	0058.921	0003.312	30.197488	-89.182881
07/10/2022 18:03:42.000	8.313	0003.333	0024.723	0077.855	0001.742	0046.226	0004.275	0008.334	0058.921	0003.323	30.197488	-89.182882
07/10/2022 18:03:42.000	7.750	0003.341	0024.725	0077.845	0001.743	0046.228	0003.975	0008.334	0058.924	0003.331	30.197487	-89.182883
07/10/2022 18:03:42.000	8.063	0003.339	0024.724	0077.845	0001.723	0046.226	0003.475	0008.335	0058.921	0003.329	30.197487	-89.182886
07/10/2022 18:03:43.000	8.188	0003.315	0024.724	0077.855	0001.751	0046.226	0005.537	0008.335	0058.921	0003.305	30.197486	-89.182887
07/10/2022 18:03:43.000	8.125	0003.291	0024.724	0077.675	0001.784	0046.224	0003.938	0008.334	0058.918	0003.281	30.197486	-89.182888
07/10/2022 18:03:43.000	8.188	0003.276	0024.723	0077.810	0001.796	0046.224	0004.363	0008.335	0058.918	0003.266	30.197485	-89.182889
07/10/2022 18:03:43.000	8.125	0003.277	0024.724	0077.820	0001.844	0046.226	0003.513	0008.335	0058.921	0003.267	30.197485	-89.182891
07/10/2022 18:03:44.000	7.938	0003.305	0024.722	0077.820	0001.822	0046.226	0003.500	0008.335	0058.921	0003.295	30.197485	-89.182892
07/10/2022 18:03:44.000	7.625	0003.334	0024.724	0077.820	0001.762	0046.226	0004.438	0008.335	0058.921	0003.324	30.197484	-89.182894
07/10/2022 18:03:44.000	8.063	0003.351	0024.719	0077.785	0001.742	0046.226	0003.737	0008.336	0058.921	0003.341	30.197484	-89.182895
07/10/2022 18:03:44.000	8.125	0003.355	0024.724	0077.785	0001.730	0046.226	0004.350	0008.336	0058.921	0003.345	30.197483	-89.182897
07/10/2022 18:03:45.000	9.500	0003.349	0024.720	0077.785	0001.707	0046.226	0003.263	0008.336	0058.921	0003.339	30.197483	-89.182898
07/10/2022 18:03:45.000	8.000	0003.329	0024.722	0077.780	0001.730	0046.226	0002.950	0008.337	0058.921	0003.319	30.197482	-89.182899
07/10/2022 18:03:45.000	7.750	0003.315	0024.723	0077.785	0001.739	0046.224	0002.925	0008.337	0058.918	0003.305	30.197482	-89.182900
07/10/2022 18:03:45.000	7.688	0003.304	0024.723	0077.750	0001.741	0046.226	0003.563	0008.337	0058.921	0003.294	30.197481	-89.182902
07/10/2022 18:03:46.000	8.000	0003.301	0024.723	0077.750	0001.764	0046.224	0003.500	0008.337	0058.918	0003.291	30.197481	-89.182903
07/10/2022 18:03:46.000	7.938	0003.307	0024.724	0077.750	0001.755	0046.226	0003.813	0008.337	0058.921	0003.297	30.197480	-89.182904
07/10/2022 18:03:46.000	8.063	0003.327	0024.725	0077.745	0001.724	0046.226	0003.588	0008.337	0058.921	0003.317	30.197480	-89.182905
07/10/2022 18:03:46.000	8.000	0003.353	0024.725	0077.605	0001.726	0046.224	0003.875	0008.336	0058.918	0003.343	30.197480	-89.182907
07/10/2022 18:03:47.000	8.063	0003.368	0024.725	0077.745	0001.684	0046.228	0003.612	0008.337	0058.924	0003.357	30.197480	-89.182908
07/10/2022 18:03:47.000	8.500	0003.366	0024.723	0077.735	0001.672	0046.226	0003.913	0008.338	0058.921	0003.356	30.197479	-89.182909
07/10/2022 18:03:47.000	8.375	0003.343	0024.723	0077.735	0001.684	0046.228	0003.988	0008.338	0058.924	0003.333	30.197479	-89.182910
07/10/2022 18:03:47.000	8.438	0003.315	0024.723	0077.740	0001.707	0046.226	0003.888	0008.337	0058.921	0003.305	30.197478	-89.182912
07/10/2022 18:03:48.000	8.188	0003.301	0024.724	0077.735	0001.737	0046.228	0003.425	0008.337	0058.924	0003.291	30.197478	-89.182913
07/10/2022 18:03:48.000	8.188	0003.300	0024.725	0077.740	0001.757	0046.228	0003.013	0008.338	0058.924	0003.290	30.197477	-89.182914
07/10/2022 18:03:48.000	7.875	0003.311	0024.724	0077.740	0001.740	0046.226	0003.612	0008.338	0058.921	0003.301	30.197477	-89.182915
07/10/2022 18:03:48.000	7.750	0003.329	0024.724	0077.735	0001.729	0046.226	0003.888	0008.338	0058.921	0003.319	30.197476	-89.182917
07/10/2022 18:03:49.000	8.188	0003.341	0024.723	0077.745	0001.719	0046.228	0003.525	0008.338	0058.924	0003.331	30.197476	-89.182918
07/10/2022 18:03:49.000	8.125	0003.350	0024.722	0077.745	0001.722	0046.226	0003.362	0008.338	0058.921	0003.340	30.197476	-89.182918
07/10/2022 18:03:49.000	7.625	0003.351	0024.722	0077.745	0001.701	0046.226	0003.112	0008.338	0058.921	0003.341	30.197475	-89.182919
07/10/2022 18:03:49.000	8.125	0003.346	0024.722	0077.745	0001.674	0046.228	0003.150	0008.338	0058.924	0003.336	30.197475	-89.182921
07/10/2022 18:03:50.000	7.813	0003.334	0024.724	0077.735	0001.678	0046.228	0004.063	0008.338	0058.924	0003.324	30.197474	-89.182922
07/10/2022 18:03:50.000	7.750	0003.325	0024.723	0077.600	0001.690	0046.226	0003.400	0008.338	0058.921	0003.315	30.197474	-89.182923
07/10/2022 18:03:50.000	8.125	0003.323	0024.725	0077.740	0001.703	0046.226	0003.413	0008.340	0058.921	0003.313	30.197474	-89.182924
07/10/2022 18:03:50.000	7.688	0003.330	0024.726	0077.740	0001.703	0046.224	0004.388	0008.338	0058.918	0003.320	30.197474	-89.182926
07/10/2022 18:03:51.000	8.875	0003.343	0024.724	0077.745	0001.690	0046.226	0004.100	0008.339	0058.921	0003.333	30.197473	-89.182927
07/10/2022 18:03:51.000	9.125	0003.350	0024.723	0077.745	0001.683	0046.226	0003.413	0008.339	0058.921	0003.340	30.197473	-89.182928
07/10/2022 18:03:51.000	7.938	0003.350	0024.724	0077.770	0001.669	0046.226	0004.088	0008.339	0058.921	0003.340	30.197473	-89.182929
07/10/2022 18:03:51.000	8.000	0003.339	0024.725	0077.765	0001.693	0046.226	0002.988	0008.339	0058.921	0003.329	30.197472	-89.182931
07/10/2022 18:03:52.000	8.500	0003.331	0024.724	0077.770	0001.713	0046.226	0004.138	0008.339	0058.921	0003.321	30.197471	-89.182931
07/10/2022 18:03:52.000	8.125	0003.327	0024.724	0077.765	0001.720	0046.226	0003.725	0008.339	0058.921	0003.317	30.197471	-89.182932
07/10/2022 18:03:52.000	8.063	0003.329	0024.724	0077.765	0001.718	0046.226	0003.525	0008.339	0058.921	0003.319	30.197470	-89.182933
07/10/2022 18:03:52.000	8.188	0003.341	0024.724	0077.765	0001.702	0046.224	0003.688	0008.339	0058.918	0003.331	30.197470	-89.182934
07/10/2022 18:03:53.000	8.000	0003.347	0024.725	0077.765	0001.672	0046.226	0004.388	0008.339	0058.921	0003.337	30.197469	-89.182935
07/10/2022 18:03:53.000	7.750	0003.349	0024.725	0077.765	0001.668	0046.226	0005.037	0008.339	0058.921	0003.339	30.197469	-89.182936
07/10/2022 18:03:53.000	8.000	0003.340	0024.725	0077.765	0001.692	0046.228	0005.850	0008.340	0058.924	0003.330	30.197469	-89.182937
07/10/2022 18:03:53.000	8.125	0003.335	0024.725	0077.680	0001.704	0046.228	0004.600	0008.339	0058.924	0003.325	30.197469	-89.182939
07/10/2022 18:03:54.000	8.000	0003.333	0024.724	0077.765	0001.710	0046.224	0003.675	0008.339	0058.918	0003.323	30.197469	-89.182940
07/10/2022 18:03:54.000	7.750	0003.344	0024.726	0077.765	0001.690	0046.222	0003.425	0008.340	0058.915	0003.334	30.197468	-89.182941
07/10/2022 18:03:54.000	7.438	0003.353	0024.725	0077.765	0001.687	0046.224	0003.450	0008.340	0058.918	0003.343	30.197468	-89.182941
07/10/2022 18:03:54.000	8.188	0003.356	0024.722	0077.760	0001.674	0046.224	0003.325	0008.340	0058.918	0003.346	30.197467	-89.182943
07/10/2022 18:03:55.000	8.125	0003.353	0024.723	0077.745	0001.688	0046.224	0003.500	0008.341	0058.918	0003.343	30.197467	-89.182944
07/10/2022 18:03:55.000	8.000	0003.341	0024.723	0077.740	0001.720	0046.224	0002.963	0008.340	0058.918	0003.331	30.197466	-89.182945
07/10/2022 18:03:55.000	8.250	0003.338	0024.723	0077.735	0001.712	0046.224	0003.525	0008.339	0058.918	0003.328	30.197466	-89.182946
07/10/2022 18:03:55.000	8.438	0003.336	0024.723	0077.735	0001.696	0046.224	0003.475	0008.340	0058.918	0003.326	30.197466	-89.182947
07/10/2022 18:03:56.000	7.938	0003.332	0024.723	0077.740	0001.682	0046.222	0003.675	0008.340	0058.915	0003.322	30.197465	-89.182948
07/10/2022 18:03:56.000	7.875	0003.325	0024.723	0077.725	0001.683	0046.222	0002.975	0008.339	0058.915	0003.315	30.197465	-89.182949
07/10/2022 18:03:56.000	8.188	0003.320	0024.724	0077.720	0001.690	0046.222	0003.250	0008.341	0058.915	0003.310	30.197464	-89.182950
07/10/2022 18:03:56.000	7.813	0003.325	0024.723	0077.725	0001.696	0046.224	0003.775	0008.339	0058.918	0003.315	30.197464	-89.182951
07/10/2022 18:03:57.000	7.750	0003.350	0024.723	0077.720	0001.684	0046.224	0003.888	0008.340	0058.918	0003.340	30.197464	-89.182952
07/10/2022 18:03:57.000	7.688	0003.377	0024.722	0077.640	0001.644	0046.226	0003.362	0008.340	0058.921	0003.366	30.197463	-89.182952
07/10/2022 18:03:57.000	8.438	0003.386	0024.724	0077.730	0001.627	0046.226	0003.263	0008.341	0058.921	0003.375	30.197463	-89.182953
07/10/2022 18:03:57.000	8.063	0003.382	0024.724	0077.730	0001.625	0046.224	0003.538	0008.340	0058.918	0003.371	30.197463	-89.182955
07/10/2022 18:03:58.000	7.688	0003.354	0024.724	0077.725	0001.648	0046.226	0002.825	0008.341	0058.921	0003.344	30.197463	-89.182956
07/10/2022 18:03:58.000	7.563	0003.326	0024.726	0077.730	0001.669	0046.226	0003.450	0008.340	0058.921	0003.316	30.197463	-89.182957
07/10/2022 18:03:58.000	8.313	0003.314	0024.724	0077.690	0001.692	0046.226	0003.237	0008.341	0058.921	0003.304	30.197462	-89.182958
07/10/2022 18:03:58.000	8.750	0003.314	0024.725	0077.680	0001.706	0046.224	0004.775	0008.341	0058.918	0003.304	30.197462	-89.182959
07/10/2022 18:03:59.000	8.438	0003.330	0024.724	0077.680	0001.679	0046.224	0003.975	0008.341	0058.918	0003.320	30.197461	-89.182960
07/10/2022 18:03:59.000	8.313	0003.347	0024.724	0077.680	0001.666	0046.224	0003.563	0008.340	0058.918	0003.337	30.197460	-89.182960
07/10/2022 18:03:59.000	7.750	0003.362	0024.723	0077.685	0001.647	0046.224	0003.475	0008.341	0058.918	0003.352	30.197460	-89.182961
07/10/2022 18:03:59.000	7.500	0003.372	0024.723	0077.665	0001.643	0046.220	0006.425	0008.341	0058.913	0003.361	30.197459	-89.182962
07/10/2022 18:04:00.000	8.188	0003.375	0024.723	0077.665	0001.632	0046.226	0004.825	0008.340	0058.921	0003.364	30.197459	-89.182963
07/10/2022 18:04:00.000	8.313	0003.366	0024.721	0077.665	0001.634	0046.226	0005.400	0008.341	0058.921	0003.356	30.197459	-89.182964
07/10/2022 18:04:00.000	8.125	0003.341	0024.721	0077.660	0001.655	0046.222	0004.313	0008.341	0058.915	0003.331	30.197459	-89.182965
07/10/2022 18:04:00.000	7.938	0003.310	0024.721	0077.505	0001.689	0046.224	0003.688	0008.338	0058.918	0003.300	30.197459	-89.182967
07/10/2022 18:04:01.000	8.063	0003.293	0024.721	0077.615	0001.715	0046.224	0003.313	0008.341	0058.918	0003.283	30.197458	-89.182968
07/10/2022 18:04:01.000	8.813	0003.295	0024.722	0077.610	0001.751	0046.224	0003.500	0008.341	0058.918	0003.285	30.197458	-89.182968
07/10/2022 18:04:01.000	8.313	0003.334	0024.721	0077.610	0001.744	0046.226	0003.813	0008.339	0058.921	0003.324	30.197458	-89.182969
07/10/2022 18:04:01.000	8.438	0003.376	0024.720	0077.610	0001.676	0046.226	0004.000	0008.341	0058.921	0003.365	30.197457	-89.182970
07/10/2022 18:04:02.000	7.875	0003.405	0024.719	0077.540	0001.616	0046.224	0003.925	0008.342	0058.918	0003.394	30.197457	-89.182970
07/10/2022 18:04:02.000	8.313	0003.412	0024.723	0077.540	0001.584	0046.224	0003.563	0008.340	0058.918	0003.401	30.197456	-89.182971
07/10/2022 18:04:02.000	8.563	0003.380	0024.719	0077.540	0001.582	0046.224	0003.900	0008.341	0058.918	0003.369	30.197456	-89.182972
07/10/2022 18:04:02.000	8.625	0003.332	0024.723	0077.545	0001.626	0046.226	0003.863	0008.342	0058.921	0003.322	30.197455	-89.182974
07/10/2022 18:04:03.000	8.438	0003.300	0024.724	0077.545	0001.666	0046.226	0003.925	0008.340	0058.921	0003.290	30.197455	-89.182975
07/10/2022 18:04:03.000	8.438	0003.282	0024.725	0077.525	0001.703	0046.224	0003.487	0008.341	0058.918	0003.272	30.197455	-89.182975
07/10/2022 18:04:03.000	7.750	0003.294	0024.724	0077.520	0001.712	0046.226	0003.500	0008.341	0058.921	0003.284	30.197455	-89.182976
07/10/2022 18:04:03.000	7.688	0003.331	0024.725	0077.525	0001.685	0046.226	0004.438	0008.341	0058.921	0003.321	30.197455	-89.182977
07/10/2022 18:04:04.000	8.000	0003.365	0024.723	0077.525	0001.662	0046.226	0004.200	0008.342	0058.921	0003.355	30.197454	-89.182978
07/10/2022 18:04:04.000	8.313	0003.394	0024.723	0077.400	0001.629	0046.224	0005.750	0008.341	0058.918	0003.383	30.197454	-89.182978
07/10/2022 18:04:04.000	8.000	0003.401	0024.725	0077.535	0001.619	0046.224	0005.175	0008.341	0058.918	0003.390	30.197453	-89.182979
07/10/2022 18:04:04.000	7.875	0003.382	0024.723	0077.540	0001.619	0046.226	0009.313	0008.342	0058.921	0003.371	30.197453	-89.182981
07/10/2022 18:04:05.000	8.125	0003.352	0024.724	0077.535	0001.644	0046.226	0005.250	0008.342	0058.921	0003.342	30.197453	-89.182982
07/10/2022 18:04:05.000	7.750	0003.324	0024.724	0077.540	0001.667	0046.224	0004.613	0008.340	0058.918	0003.314	30.197452	-89.182982
07/10/2022 18:04:05.000	8.063	0003.308	0024.723	0077.545	0001.700	0046.222	0003.475	0008.342	0058.915	0003.298	30.197452	-89.182983
07/10/2022 18:04:05.000	8.563	0003.308	0024.723	0077.535	0001.691	0046.224	0003.463	0008.342	0058.918	0003.298	30.197452	-89.182984
07/10/2022 18:04:06.000	8.625	0003.323	0024.723	0077.535	0001.673	0046.226	0003.338	0008.341	0058.921	0003.313	30.197452	-89.182985
07/10/2022 18:04:06.000	8.313	0003.340	0024.722	0077.530	0001.651	0046.224	0005.088	0008.343	0058.918	0003.330	30.197451	-89.182985
07/10/2022 18:04:06.000	8.438	0003.359	0024.721	0077.535	0001.656	0046.224	0004.850	0008.343	0058.918	0003.349	30.197451	-89.182986
07/10/2022 18:04:06.000	8.563	0003.377	0024.722	0077.570	0001.617	0046.224	0004.113	0008.341	0058.918	0003.366	30.197450	-89.182987
07/10/2022 18:04:07.000	8.125	0003.390	0024.721	0077.560	0001.601	0046.226	0003.638	0008.343	0058.921	0003.379	30.197450	-89.182988
07/10/2022 18:04:07.000	8.313	0003.388	0024.722	0077.560	0001.600	0046.224	0005.875	0008.343	0058.918	0003.377	30.197449	-89.182989
07/10/2022 18:04:07.000	8.188	0003.357	0024.723	0077.560	0001.595	0046.224	0004.500	0008.343	0058.918	0003.347	30.197449	-89.182989
07/10/2022 18:04:07.000	8.438	0003.310	0024.722	0077.445	0001.650	0046.224	0003.463	0008.342	0058.918	0003.300	30.197449	-89.182991
07/10/2022 18:04:08.000	8.500	0003.289	0024.723	0077.570	0001.690	0046.226	0005.988	0008.344	0058.921	0003.279	30.197449	-89.182992
07/10/2022 18:04:08.000	8.188	0003.296	0024.725	0077.565	0001.713	0046.226	0006.200	0008.341	0058.921	0003.286	30.197449	-89.182992
07/10/2022 18:04:08.000	7.813	0003.340	0024.724	0077.560	0001.703	0046.226	0004.513	0008.343	0058.921	0003.330	30.197449	-89.182993
07/10/2022 18:04:08.000	8.438	0003.381	0024.722	0077.560	0001.637	0046.224	0003.625	0008.343	0058.918	0003.370	30.197448	-89.182994
07/10/2022 18:04:09.000	8.125	0003.402	0024.722	0077.565	0001.576	0046.228	0003.825	0008.342	0058.924	0003.391	30.197448	-89.182994
07/10/2022 18:04:09.000	7.875	0003.397	0024.723	0077.570	0001.548	0046.228	0003.450	0008.343	0058.924	0003.386	30.197447	-89.182995
07/10/2022 18:04:09.000	8.250	0003.357	0024.722	0077.560	0001.584	0046.226	0004.325	0008.343	0058.921	0003.347	30.197446	-89.182996
07/10/2022 18:04:09.000	7.813	0003.324	0024.722	0077.555	0001.638	0046.224	0005.513	0008.341	0058.918	0003.314	30.197446	-89.182997
07/10/2022 18:04:10.000	8.563	0003.310	0024.722	0077.570	0001.661	0046.224	0010.950	0008.343	0058.918	0003.300	30.197446	-89.182998
07/10/2022 18:04:10.000	8.000	0003.313	0024.721	0077.515	0001.681	0046.222	0006.463	0008.343	0058.915	0003.303	30.197446	-89.182998
07/10/2022 18:04:10.000	7.750	0003.333	0024.724	0077.525	0001.649	0046.224	0005.175	0008.341	0058.918	0003.323	30.197446	-89.182999
07/10/2022 18:04:10.000	8.375	0003.353	0024.723	0077.520	0001.628	0046.224	0004.213	0008.343	0058.918	0003.343	30.197446	-89.183001
07/10/2022 18:04:11.000	7.813	0003.361	0024.723	0077.520	0001.611	0046.224	0004.713	0008.343	0058.918	0003.351	30.197445	-89.183001
07/10/2022 18:04:11.000	7.938	0003.360	0024.723	0077.410	0001.589	0046.226	0003.788	0008.341	0058.921	0003.350	30.197445	-89.183002
07/10/2022 18:04:11.000	7.813	0003.355	0024.722	0077.555	0001.592	0046.226	0004.375	0008.344	0058.921	0003.345	30.197445	-89.183002
07/10/2022 18:04:11.000	8.250	0003.355	0024.723	0077.555	0001.595	0046.222	0003.588	0008.343	0058.915	0003.345	30.197444	-89.183003
07/10/2022 18:04:12.000	8.438	0003.361	0024.722	0077.555	0001.595	0046.224	0005.513	0008.342	0058.918	0003.351	30.197443	-89.183004
07/10/2022 18:04:12.000	9.375	0003.364	0024.722	0077.560	0001.589	0046.224	0003.963	0008.343	0058.918	0003.354	30.197443	-89.183004
07/10/2022 18:04:12.000	8.063	0003.360	0024.722	0077.475	0001.598	0046.226	0003.475	0008.344	0058.921	0003.350	30.197443	-89.183005
07/10/2022 18:04:12.000	8.813	0003.337	0024.723	0077.475	0001.614	0046.226	0004.438	0008.343	0058.921	0003.327	30.197443	-89.183007
07/10/2022 18:04:13.000	7.563	0003.318	0024.723	0077.475	0001.648	0046.226	0005.463	0008.343	0058.921	0003.308	30.197443	-89.183007
07/10/2022 18:04:13.000	7.938	0003.315	0024.724	0077.470	0001.669	0046.226	0003.938	0008.343	0058.921	0003.305	30.197443	-89.183008
07/10/2022 18:04:13.000	7.938	0003.337	0024.721	0077.470	0001.647	0046.226	0003.375	0008.343	0058.921	0003.327	30.197442	-89.183008
07/10/2022 18:04:13.000	7.750	0003.360	0024.721	0077.485	0001.613	0046.224	0004.100	0008.343	0058.918	0003.350	30.197442	-89.183009
07/10/2022 18:04:14.000	7.938	0003.377	0024.722	0077.480	0001.601	0046.226	0003.713	0008.344	0058.921	0003.366	30.197441	-89.183010
07/10/2022 18:04:14.000	8.125	0003.379	0024.723	0077.480	0001.577	0046.228	0005.738	0008.343	0058.924	0003.368	30.197441	-89.183011
07/10/2022 18:04:14.000	8.000	0003.369	0024.724	0077.480	0001.583	0046.222	0003.813	0008.343	0058.915	0003.358	30.197441	-89.183011
07/10/2022 18:04:14.000	8.125	0003.352	0024.721	0077.370	0001.612	0046.228	0004.000	0008.343	0058.924	0003.342	30.197440	-89.183012
07/10/2022 18:04:15.000	8.063	0003.341	0024.722	0077.490	0001.616	0046.226	0003.237	0008.344	0058.921	0003.331	30.197440	-89.183013
07/10/2022 18:04:15.000	8.563	0003.333	0024.722	0077.490	0001.641	0046.224	0003.563	0008.344	0058.918	0003.323	30.197440	-89.183014
07/10/2022 18:04:15.000	8.000	0003.330	0024.721	0077.490	0001.639	0046.226	0003.438	0008.343	0058.921	0003.320	30.197440	-89.183014
07/10/2022 18:04:15.000	8.375	0003.331	0024.722	0077.490	0001.642	0046.226	0003.438	0008.342	0058.921	0003.321	30.197439	-89.183015
07/10/2022 18:04:16.000	9.688	0003.341	0024.722	0077.500	0001.655	0046.226	0003.075	0008.344	0058.921	0003.331	30.197439	-89.183016
07/10/2022 18:04:16.000	10.625	0003.351	0024.719	0077.500	0001.636	0046.226	0003.313	0008.344	0058.921	0003.341	30.197439	-89.183016
07/10/2022 18:04:16.000	9.563	0003.360	0024.720	0077.500	0001.637	0046.224	0003.788	0008.343	0058.918	0003.350	30.197439	-89.183017
07/10/2022 18:04:16.000	8.500	0003.365	0024.722	0077.500	0001.616	0046.224	0003.913	0008.344	0058.918	0003.355	30.197438	-89.183018
07/10/2022 18:04:17.000	8.313	0003.366	0024.722	0077.500	0001.625	0046.224	0004.013	0008.344	0058.918	0003.356	30.197438	-89.183019
07/10/2022 18:04:17.000	8.188	0003.365	0024.720	0077.500	0001.620	0046.226	0004.763	0008.343	0058.921	0003.355	30.197438	-89.183019
07/10/2022 18:04:17.000	8.188	0003.352	0024.722	0077.490	0001.610	0046.222	0004.300	0008.344	0058.915	0003.342	30.197438	-89.183020
07/10/2022 18:04:17.000	8.188	0003.337	0024.722	0077.490	0001.628	0046.224	0007.113	0008.344	0058.918	0003.327	30.197437	-89.183021
07/10/2022 18:04:18.000	7.875	0003.323	0024.723	0077.490	0001.626	0046.222	0007.375	0008.344	0058.915	0003.313	30.197437	-89.183022
07/10/2022 18:04:18.000	8.375	0003.320	0024.724	0077.380	0001.632	0046.226	0005.325	0008.343	0058.921	0003.310	30.197437	-89.183022
07/10/2022 18:04:18.000	8.625	0003.326	0024.722	0077.490	0001.644	0046.226	0003.500	0008.345	0058.921	0003.316	30.197437	-89.183023
07/10/2022 18:04:18.000	8.625	0003.347	0024.722	0077.500	0001.613	0046.228	0003.675	0008.343	0058.924	0003.337	30.197436	-89.183023
07/10/2022 18:04:19.000	8.125	0003.369	0024.723	0077.505	0001.589	0046.226	0003.463	0008.344	0058.921	0003.358	30.197436	-89.183024
07/10/2022 18:04:19.000	8.875	0003.384	0024.721	0077.500	0001.559	0046.226	0002.925	0008.344	0058.921	0003.373	30.197435	-89.183024
07/10/2022 18:04:19.000	9.438	0003.388	0024.722	0077.490	0001.548	0046.226	0003.225	0008.343	0058.921	0003.377	30.197435	-89.183025
07/10/2022 18:04:19.000	9.500	0003.376	0024.722	0077.480	0001.559	0046.226	0012.550	0008.344	0058.921	0003.365	30.197435	-89.183027
07/10/2022 18:04:20.000	8.563	0003.352	0024.718	0077.480	0001.567	0046.230	0019.438	0008.344	0058.927	0003.342	30.197435	-89.183027
07/10/2022 18:04:20.000	8.125	0003.326	0024.720	0077.475	0001.597	0046.226	0009.163	0008.343	0058.921	0003.316	30.197435	-89.183028
07/10/2022 18:04:20.000	8.750	0003.314	0024.721	0077.475	0001.622	0046.224	0011.400	0008.344	0058.918	0003.304	30.197434	-89.183029
07/10/2022 18:04:20.000	8.000	0003.313	0024.721	0077.445	0001.639	0046.224	0012.425	0008.344	0058.918	0003.303	30.197434	-89.183029
07/10/2022 18:04:21.000	8.813	0003.336	0024.722	0077.445	0001.623	0046.224	0007.063	0008.343	0058.918	0003.326	30.197434	-89.183030
07/10/2022 18:04:21.000	7.750	0003.366	0024.721	0077.440	0001.600	0046.224	0004.613	0008.344	0058.918	0003.356	30.197433	-89.183030
07/10/2022 18:04:21.000	7.750	0003.382	0024.723	0077.435	0001.574	0046.226	0004.313	0008.345	0058.921	0003.371	30.197433	-89.183031
07/10/2022 18:04:21.000	8.125	0003.384	0024.720	0077.315	0001.559	0046.226	0003.638	0008.343	0058.921	0003.373	30.197432	-89.183032
07/10/2022 18:04:22.000	7.750	0003.364	0024.721	0077.415	0001.565	0046.226	0003.163	0008.345	0058.921	0003.354	30.197432	-89.183032
07/10/2022 18:04:22.000	8.188	0003.341	0024.723	0077.415	0001.598	0046.226	0004.400	0008.344	0058.921	0003.331	30.197432	-89.183033
07/10/2022 18:04:22.000	8.438	0003.320	0024.722	0077.415	0001.633	0046.222	0003.450	0008.344	0058.915	0003.310	30.197432	-89.183034
07/10/2022 18:04:22.000	8.438	0003.313	0024.721	0077.415	0001.637	0046.224	0003.038	0008.344	0058.918	0003.303	30.197431	-89.183035
07/10/2022 18:04:23.000	9.125	0003.331	0024.723	0077.435	0001.650	0046.226	0003.913	0008.344	0058.921	0003.321	30.197431	-89.183035
07/10/2022 18:04:23.000	8.000	0003.362	0024.722	0077.430	0001.631	0046.224	0003.463	0008.344	0058.918	0003.352	30.197431	-89.183035
07/10/2022 18:04:23.000	7.625	0003.387	0024.724	0077.435	0001.599	0046.226	0004.000	0008.345	0058.921	0003.376	30.197431	-89.183036
07/10/2022 18:04:23.000	7.563	0003.396	0024.722	0077.435	0001.570	0046.224	0003.163	0008.345	0058.918	0003.385	30.197431	-89.183037
07/10/2022 18:04:24.000	8.125	0003.388	0024.723	0077.435	0001.572	0046.224	0003.338	0008.344	0058.918	0003.377	30.197430	-89.183038
07/10/2022 18:04:24.000	7.875	0003.353	0024.724	0077.455	0001.571	0046.224	0004.025	0008.345	0058.918	0003.343	30.197430	-89.183039
07/10/2022 18:04:24.000	7.500	0003.325	0024.723	0077.450	0001.581	0046.226	0004.475	0008.345	0058.921	0003.315	30.197430	-89.183039
07/10/2022 18:04:24.000	8.000	0003.308	0024.723	0077.450	0001.614	0046.226	0003.938	0008.344	0058.921	0003.298	30.197430	-89.183040
07/10/2022 18:04:25.000	8.500	0003.309	0024.722	0077.455	0001.628	0046.228	0004.100	0008.345	0058.924	0003.299	30.197429	-89.183040
07/10/2022 18:04:25.000	8.500	0003.333	0024.724	0077.325	0001.614	0046.226	0005.162	0008.345	0058.921	0003.323	30.197429	-89.183041
07/10/2022 18:04:25.000	8.125	0003.360	0024.723	0077.445	0001.586	0046.226	0005.787	0008.345	0058.921	0003.350	30.197429	-89.183041
07/10/2022 18:04:25.000	8.000	0003.375	0024.725	0077.435	0001.576	0046.226	0004.113	0008.345	0058.921	0003.364	30.197428	-89.183042
07/10/2022 18:04:26.000	7.875	0003.383	0024.722	0077.440	0001.559	0046.224	0004.525	0008.345	0058.918	0003.372	30.197428	-89.183043
07/10/2022 18:04:26.000	7.813	0003.382	0024.722	0077.435	0001.574	0046.222	0005.037	0008.344	0058.915	0003.371	30.197428	-89.183043
07/10/2022 18:04:26.000	8.375	0003.365	0024.724	0077.500	0001.583	0046.224	0004.463	0008.345	0058.918	0003.355	30.197428	-89.183044
07/10/2022 18:04:26.000	8.125	0003.348	0024.722	0077.485	0001.595	0046.224	0003.400	0008.345	0058.918	0003.338	30.197427	-89.183045
07/10/2022 18:04:27.000	8.313	0003.333	0024.721	0077.485	0001.607	0046.224	0004.338	0008.344	0058.918	0003.323	30.197427	-89.183046
07/10/2022 18:04:27.000	7.813	0003.321	0024.722	0077.485	0001.664	0046.224	0003.925	0008.345	0058.918	0003.311	30.197427	-89.183046
07/10/2022 18:04:27.000	8.500	0003.320	0024.723	0077.485	0001.634	0046.224	0003.538	0008.344	0058.918	0003.310	30.197427	-89.183047
07/10/2022 18:04:27.000	9.500	0003.340	0024.721	0077.485	0001.632	0046.224	0003.463	0008.344	0058.918	0003.330	30.197427	-89.183048
07/10/2022 18:04:28.000	10.250	0003.366	0024.722	0077.480	0001.615	0046.224	0004.200	0008.345	0058.918	0003.356	30.197426	-89.183048
07/10/2022 18:04:28.000	9.625	0003.389	0024.721	0077.485	0001.594	0046.224	0003.700	0008.344	0058.918	0003.378	30.197426	-89.183048
07/10/2022 18:04:28.000	8.688	0003.395	0024.722	0077.485	0001.580	0046.224	0004.575	0008.344	0058.918	0003.384	30.197426	-89.183049
07/10/2022 18:04:28.000	8.125	0003.373	0024.721	0077.380	0001.557	0046.224	0003.737	0008.344	0058.918	0003.362	30.197425	-89.183050
07/10/2022 18:04:29.000	8.063	0003.335	0024.720	0077.480	0001.588	0046.224	0003.950	0008.345	0058.918	0003.325	30.197425	-89.183050
07/10/2022 18:04:29.000	8.000	0003.300	0024.721	0077.480	0001.618	0046.222	0003.413	0008.344	0058.915	0003.290	30.197424	-89.183051
07/10/2022 18:04:29.000	8.000	0003.293	0024.720	0077.480	0001.645	0046.226	0003.800	0008.345	0058.921	0003.283	30.197424	-89.183051
07/10/2022 18:04:29.000	8.625	0003.323	0024.722	0077.480	0001.644	0046.226	0003.725	0008.344	0058.921	0003.313	30.197424	-89.183052
07/10/2022 18:04:30.000	8.313	0003.365	0024.721	0077.445	0001.614	0046.226	0004.063	0008.345	0058.921	0003.355	30.197424	-89.183053
07/10/2022 18:04:30.000	8.000	0003.399	0024.722	0077.445	0001.553	0046.226	0003.663	0008.345	0058.921	0003.388	30.197424	-89.183053
07/10/2022 18:04:30.000	8.375	0003.422	0024.723	0077.445	0001.502	0046.226	0003.525	0008.345	0058.921	0003.411	30.197424	-89.183054
07/10/2022 18:04:30.000	8.125	0003.421	0024.723	0077.445	0001.513	0046.228	0003.250	0008.345	0058.924	0003.410	30.197423	-89.183055
07/10/2022 18:04:31.000	8.313	0003.389	0024.721	0077.445	0001.506	0046.226	0003.737	0008.345	0058.921	0003.378	30.197423	-89.183055
07/10/2022 18:04:31.000	7.938	0003.363	0024.721	0077.425	0001.541	0046.226	0003.888	0008.345	0058.921	0003.353	30.197423	-89.183056
07/10/2022 18:04:31.000	8.000	0003.345	0024.722	0077.415	0001.565	0046.226	0002.838	0008.345	0058.921	0003.335	30.197423	-89.183056
07/10/2022 18:04:31.000	8.063	0003.344	0024.722	0077.425	0001.585	0046.228	0004.825	0008.345	0058.924	0003.334	30.197422	-89.183057
07/10/2022 18:04:32.000	8.688	0003.378	0024.723	0077.420	0001.578	0046.230	0005.013	0008.345	0058.927	0003.367	30.197422	-89.183058
07/10/2022 18:04:32.000	8.063	0003.402	0024.722	0077.295	0001.561	0046.228	0003.888	0008.344	0058.924	0003.391	30.197422	-89.183058
07/10/2022 18:04:32.000	7.313	0003.426	0024.724	0077.395	0001.515	0046.228	0003.250	0008.347	0058.924	0003.415	30.197422	-89.183058
07/10/2022 18:04:32.000	7.875	0003.430	0024.724	0077.400	0001.494	0046.226	0003.313	0008.345	0058.921	0003.419	30.197421	-89.183059
07/10/2022 18:04:33.000	7.750	0003.436	0024.722	0077.400	0001.481	0046.226	0004.412	0008.346	0058.921	0003.425	30.197421	-89.183059
07/10/2022 18:04:33.000	7.875	0003.439	0024.725	0077.405	0001.476	0046.220	0005.338	0008.346	0058.913	0003.428	30.197421	-89.183060
07/10/2022 18:04:33.000	8.125	0003.437	0024.725	0077.435	0001.473	0046.226	0003.588	0008.345	0058.921	0003.426	30.197421	-89.183061
07/10/2022 18:04:33.000	8.313	0003.438	0024.723	0077.435	0001.487	0046.226	0003.150	0008.345	0058.921	0003.427	30.197420	-89.183062
07/10/2022 18:04:34.000	8.000	0003.425	0024.723	0077.435	0001.487	0046.226	0009.637	0008.346	0058.921	0003.414	30.197420	-89.183063
07/10/2022 18:04:34.000	7.750	0003.422	0024.722	0077.435	0001.493	0046.224	0006.863	0008.345	0058.918	0003.411	30.197420	-89.183063
07/10/2022 18:04:34.000	8.000	0003.426	0024.723	0077.435	0001.493	0046.226	0004.888	0008.345	0058.921	0003.415	30.197420	-89.183064
07/10/2022 18:04:34.000	7.875	0003.460	0024.721	0077.480	0001.496	0046.226	0003.950	0008.345	0058.921	0003.449	30.197420	-89.183064
07/10/2022 18:04:35.000	7.750	0003.492	0024.721	0077.485	0001.461	0046.226	0003.138	0008.345	0058.921	0003.481	30.197420	-89.183065
07/10/2022 18:04:35.000	9.438	0003.519	0024.724	0077.485	0001.427	0046.226	0005.738	0008.345	0058.921	0003.508	30.197419	-89.183065
07/10/2022 18:04:35.000	8.688	0003.552	0024.723	0077.485	0001.374	0046.226	0004.525	0008.346	0058.921	0003.541	30.197419	-89.183065
07/10/2022 18:04:35.000	8.125	0003.559	0024.724	0077.370	0001.371	0046.226	0003.225	0008.345	0058.921	0003.548	30.197418	-89.183066
07/10/2022 18:04:36.000	8.750	0003.555	0024.725	0077.460	0001.353	0046.226	0003.225	0008.347	0058.921	0003.544	30.197418	-89.183066
07/10/2022 18:04:36.000	8.188	0003.546	0024.722	0077.460	0001.381	0046.226	0003.388	0008.346	0058.921	0003.535	30.197418	-89.183067
07/10/2022 18:04:36.000	7.813	0003.535	0024.723	0077.470	0001.383	0046.230	0003.350	0008.346	0058.927	0003.524	30.197418	-89.183068
07/10/2022 18:04:36.000	8.375	0003.524	0024.723	0077.465	0001.403	0046.228	0003.612	0008.347	0058.924	0003.513	30.197418	-89.183069
07/10/2022 18:04:37.000	8.563	0003.543	0024.722	0077.500	0001.398	0046.226	0004.662	0008.347	0058.921	0003.532	30.197418	-89.183069
07/10/2022 18:04:37.000	8.438	0003.586	0024.724	0077.500	0001.372	0046.226	0004.650	0008.346	0058.921	0003.575	30.197418	-89.183070
07/10/2022 18:04:37.000	8.000	0003.635	0024.721	0077.505	0001.329	0046.226	0005.025	0008.347	0058.921	0003.624	30.197417	-89.183070
07/10/2022 18:04:37.000	7.750	0003.671	0024.724	0077.505	0001.296	0046.226	0004.088	0008.346	0058.921	0003.660	30.197417	-89.183071
07/10/2022 18:04:38.000	7.813	0003.691	0024.722	0077.505	0001.239	0046.226	0003.338	0008.347	0058.921	0003.679	30.197417	-89.183071
07/10/2022 18:04:38.000	7.875	0003.695	0024.722	0077.565	0001.222	0046.228	0003.800	0008.347	0058.924	0003.683	30.197416	-89.183072
07/10/2022 18:04:38.000	8.250	0003.679	0024.721	0077.570	0001.225	0046.228	0003.737	0008.347	0058.924	0003.668	30.197416	-89.183072
07/10/2022 18:04:38.000	8.125	0003.658	0024.721	0077.570	0001.266	0046.226	0004.875	0008.347	0058.921	0003.647	30.197416	-89.183073
07/10/2022 18:04:39.000	8.000	0003.615	0024.723	0077.570	0001.286	0046.228	0003.175	0008.346	0058.924	0003.604	30.197416	-89.183074
07/10/2022 18:04:39.000	8.688	0003.612	0024.721	0077.415	0001.322	0046.230	0004.375	0008.345	0058.927	0003.601	30.197415	-89.183074
07/10/2022 18:04:39.000	8.313	0003.648	0024.722	0077.515	0001.304	0046.230	0005.975	0008.347	0058.927	0003.637	30.197415	-89.183075
07/10/2022 18:04:39.000	8.188	0003.685	0024.722	0077.515	0001.287	0046.230	0004.138	0008.346	0058.927	0003.674	30.197415	-89.183075
07/10/2022 18:04:40.000	8.313	0003.720	0024.722	0077.520	0001.219	0046.228	0004.238	0008.347	0058.924	0003.708	30.197415	-89.183076
07/10/2022 18:04:40.000	8.938	0003.754	0024.722	0077.510	0001.177	0046.228	0005.700	0008.347	0058.924	0003.742	30.197415	-89.183076
07/10/2022 18:04:40.000	9.125	0003.755	0024.722	0077.525	0001.143	0046.228	0004.075	0008.346	0058.924	0003.743	30.197414	-89.183076
07/10/2022 18:04:40.000	8.313	0003.742	0024.721	0077.530	0001.169	0046.230	0003.425	0008.347	0058.927	0003.730	30.197414	-89.183077
07/10/2022 18:04:41.000	7.875	0003.718	0024.721	0077.530	0001.172	0046.232	0004.275	0008.347	0058.930	0003.706	30.197414	-89.183078
07/10/2022 18:04:41.000	7.938	0003.692	0024.721	0077.530	0001.205	0046.232	0004.287	0008.346	0058.930	0003.680	30.197414	-89.183079
07/10/2022 18:04:41.000	8.188	0003.672	0024.722	0077.525	0001.235	0046.230	0004.300	0008.346	0058.927	0003.661	30.197414	-89.183079
07/10/2022 18:04:41.000	8.313	0003.675	0024.722	0077.490	0001.272	0046.230	0004.988	0008.347	0058.927	0003.664	30.197414	-89.183080
07/10/2022 18:04:42.000	8.125	0003.710	0024.722	0077.485	0001.235	0046.228	0004.600	0008.345	0058.924	0003.698	30.197414	-89.183081
07/10/2022 18:04:42.000	8.000	0003.754	0024.721	0077.490	0001.218	0046.228	0003.813	0008.346	0058.924	0003.742	30.197413	-89.183081
07/10/2022 18:04:42.000	7.750	0003.785	0024.722	0077.485	0001.168	0046.228	0003.338	0008.347	0058.924	0003.773	30.197413	-89.183081
07/10/2022 18:04:42.000	7.750	0003.787	0024.722	0077.445	0001.140	0046.228	0003.550	0008.345	0058.924	0003.775	30.197412	-89.183082
07/10/2022 18:04:43.000	7.875	0003.789	0024.721	0077.475	0001.130	0046.226	0005.650	0008.347	0058.921	0003.777	30.197412	-89.183082
07/10/2022 18:04:43.000	8.438	0003.773	0024.722	0077.480	0001.139	0046.226	0004.450	0008.347	0058.921	0003.761	30.197412	-89.183082
07/10/2022 18:04:43.000	8.063	0003.744	0024.722	0077.475	0001.152	0046.230	0003.338	0008.345	0058.927	0003.732	30.197411	-89.183083
07/10/2022 18:04:43.000	7.750	0003.740	0024.721	0077.480	0001.195	0046.232	0003.775	0008.347	0058.930	0003.728	30.197411	-89.183084
07/10/2022 18:04:44.000	8.688	0003.741	0024.722	0077.435	0001.189	0046.234	0004.188	0008.347	0058.933	0003.729	30.197411	-89.183085
07/10/2022 18:04:44.000	8.438	0003.748	0024.722	0077.445	0001.188	0046.234	0004.600	0008.345	0058.933	0003.736	30.197411	-89.183085
07/10/2022 18:04:44.000	9.813	0003.765	0024.723	0077.445	0001.173	0046.230	0003.888	0008.347	0058.927	0003.753	30.197411	-89.183086
07/10/2022 18:04:44.000	9.563	0003.790	0024.722	0077.445	0001.139	0046.226	0003.325	0008.348	0058.921	0003.778	30.197411	-89.183087
07/10/2022 18:04:45.000	8.063	0003.836	0024.723	0077.445	0001.123	0046.228	0003.975	0008.345	0058.924	0003.824	30.197411	-89.183087
07/10/2022 18:04:45.000	7.813	0003.857	0024.721	0077.445	0001.097	0046.228	0004.188	0008.347	0058.924	0003.845	30.197410	-89.183087
07/10/2022 18:04:45.000	8.875	0003.846	0024.722	0077.445	0001.061	0046.230	0004.600	0008.347	0058.927	0003.834	30.197410	-89.183088
07/10/2022 18:04:45.000	8.313	0003.824	0024.720	0077.445	0001.076	0046.230	0005.625	0008.345	0058.927	0003.812	30.197410	-89.183088
07/10/2022 18:04:46.000	8.125	0003.795	0024.719	0077.440	0001.092	0046.230	0004.250	0008.347	0058.927	0003.783	30.197409	-89.183089
07/10/2022 18:04:46.000	8.188	0003.770	0024.721	0077.390	0001.131	0046.230	0004.875	0008.347	0058.927	0003.758	30.197409	-89.183090
07/10/2022 18:04:46.000	8.313	0003.771	0024.720	0077.425	0001.160	0046.230	0004.275	0008.346	0058.927	0003.759	30.197409	-89.183090
07/10/2022 18:04:46.000	8.625	0003.803	0024.719	0077.420	0001.155	0046.228	0004.825	0008.347	0058.924	0003.791	30.197409	-89.183091
07/10/2022 18:04:47.000	8.000	0003.863	0024.721	0077.425	0001.106	0046.230	0004.563	0008.345	0058.927	0003.851	30.197409	-89.183091
07/10/2022 18:04:47.000	7.813	0003.899	0024.722	0077.420	0001.038	0046.232	0003.925	0008.346	0058.930	0003.887	30.197409	-89.183092
07/10/2022 18:04:47.000	8.125	0003.914	0024.721	0077.390	0001.004	0046.232	0004.238	0008.347	0058.930	0003.902	30.197409	-89.183092
07/10/2022 18:04:47.000	8.125	0003.909	0024.720	0077.385	0000.966	0046.232	0003.925	0008.347	0058.930	0003.897	30.197408	-89.183092
07/10/2022 18:04:48.000	8.563	0003.863	0024.721	0077.385	0000.996	0046.232	0003.588	0008.346	0058.930	0003.851	30.197408	-89.183093
07/10/2022 18:04:48.000	8.563	0003.839	0024.721	0077.380	0001.041	0046.232	0004.138	0008.347	0058.930	0003.827	30.197408	-89.183094
07/10/2022 18:04:48.000	8.438	0003.783	0024.721	0077.390	0001.068	0046.234	0003.013	0008.347	0058.933	0003.771	30.197408	-89.183095
07/10/2022 18:04:48.000	8.000	0003.718	0024.720	0077.350	0001.110	0046.234	0006.963	0008.347	0058.933	0003.706	30.197408	-89.183095
07/10/2022 18:04:49.000	7.688	0003.670	0024.721	0077.345	0001.175	0046.234	0006.388	0008.347	0058.933	0003.659	30.197408	-89.183095
07/10/2022 18:04:49.000	8.313	0003.615	0024.722	0077.345	0001.232	0046.234	0005.763	0008.347	0058.933	0003.604	30.197408	-89.183096
07/10/2022 18:04:49.000	7.938	0003.528	0024.724	0077.345	0001.290	0046.232	0007.450	0008.347	0058.930	0003.517	30.197407	-89.183097
07/10/2022 18:04:49.000	9.250	0003.418	0024.722	0077.260	0001.392	0046.226	0004.763	0008.347	0058.921	0003.407	30.197407	-89.183097
07/10/2022 18:04:50.000	8.313	0003.303	0024.723	0077.345	0001.491	0046.226	0004.225	0008.347	0058.921	0003.293	30.197407	-89.183097
07/10/2022 18:04:50.000	8.813	0003.183	0024.721	0077.345	0001.615	0046.226	0004.500	0008.347	0058.921	0003.173	30.197406	-89.183098
07/10/2022 18:04:50.000	8.438	0003.079	0024.720	0077.335	0001.733	0046.226	0003.375	0008.347	0058.921	0003.069	30.197406	-89.183099
07/10/2022 18:04:50.000	8.438	0002.988	0024.722	0077.340	0001.821	0046.222	0003.425	0008.347	0058.915	0002.979	30.197406	-89.183099
07/10/2022 18:04:51.000	7.875	0002.884	0024.722	0077.345	0001.918	0046.222	0004.037	0008.347	0058.915	0002.875	30.197406	-89.183100
07/10/2022 18:04:51.000	8.188	0002.797	0024.722	0077.340	0002.016	0046.224	0004.675	0008.347	0058.918	0002.788	30.197406	-89.183100
07/10/2022 18:04:51.000	8.125	0002.714	0024.722	0077.340	0002.093	0046.224	0003.487	0008.347	0058.918	0002.706	30.197406	-89.183101
07/10/2022 18:04:51.000	8.188	0002.638	0024.722	0077.340	0002.176	0046.222	0003.150	0008.347	0058.915	0002.630	30.197405	-89.183101
07/10/2022 18:04:52.000	8.188	0002.558	0024.724	0077.340	0002.249	0046.224	0002.825	0008.348	0058.918	0002.550	30.197405	-89.183101
07/10/2022 18:04:52.000	8.188	0002.457	0024.722	0077.370	0002.322	0046.222	0003.250	0008.347	0058.915	0002.449	30.197405	-89.183103
07/10/2022 18:04:52.000	7.938	0002.342	0024.723	0077.360	0002.427	0046.222	0003.513	0008.348	0058.915	0002.335	30.197405	-89.183103
07/10/2022 18:04:52.000	7.625	0002.239	0024.723	0077.370	0002.547	0046.218	0004.325	0008.348	0058.910	0002.232	30.197405	-89.183104
07/10/2022 18:04:53.000	7.625	0002.133	0024.724	0077.360	0002.662	0046.214	0003.150	0008.347	0058.904	0002.126	30.197405	-89.183104
07/10/2022 18:04:53.000	7.688	0002.029	0024.726	0077.315	0002.769	0046.174	0002.663	0008.347	0058.846	0002.023	30.197405	-89.183105
07/10/2022 18:04:53.000	7.063	0001.949	0024.723	0077.435	0002.876	0045.988	0002.475	0008.351	0058.575	0001.943	30.197405	-89.183105
07/10/2022 18:04:53.000	6.250	0001.878	0024.719	0077.425	0002.934	0045.456	0002.688	0008.355	0057.804	0001.872	30.197404	-89.183105
07/10/2022 18:04:54.000	5.813	0001.798	0024.712	0077.425	0002.994	0045.622	0002.688	0008.359	0058.044	0001.792	30.197404	-89.183106
07/10/2022 18:04:54.000	6.125	0001.692	0024.688	0077.425	0003.083	0045.520	0002.400	0008.356	0057.897	0001.687	30.197403	-89.183106
07/10/2022 18:04:54.000	6.125	0001.576	0024.674	0077.270	0003.196	0045.404	0002.650	0008.353	0057.729	0001.571	30.197403	-89.183107
07/10/2022 18:04:54.000	6.938	0001.443	0024.662	0077.260	0003.325	0045.070	0002.675	0008.351	0057.245	0001.439	30.197403	-89.183107
07/10/2022 18:04:55.000	6.375	0001.338	0024.653	0077.270	0003.457	0044.232	0002.325	0008.357	0056.037	0001.334	30.197403	-89.183108
07/10/2022 18:04:55.000	6.125	0001.260	0024.643	0077.265	0003.565	0042.206	0002.375	0008.383	0053.136	0001.256	30.197403	-89.183109
07/10/2022 18:04:55.000	6.500	0001.192	0024.632	0077.265	0003.654	0041.972	0002.163	0008.392	0052.803	0001.188	30.197403	-89.183110
07/10/2022 18:04:55.000	6.375	0001.091	0024.625	0078.180	0003.718	0041.122	0002.163	0008.408	0051.597	0001.088	30.197403	-89.183110
07/10/2022 18:04:56.000	5.438	0001.059	0024.618	0078.180	0003.789	0037.228	0002.038	0008.410	0046.137	0001.056	30.197403	-89.183111
07/10/2022 18:04:56.000	5.313	0001.007	0024.619	0078.180	0003.842	0035.212	0002.175	0008.427	0043.353	0001.004	30.197403	-89.183111
07/10/2022 18:04:56.000	5.250	0000.982	0024.622	0078.180	0003.849	0033.200	0002.250	0008.436	0040.603	0000.979	30.197403	-89.183112
07/10/2022 18:04:56.000	5.125	0000.958	0024.626	0080.050	0003.867	0033.168	0002.225	0008.444	0040.559	0000.955	30.197402	-89.183112
07/10/2022 18:04:57.000	5.250	0000.935	0024.639	0080.575	0003.909	0033.026	0002.225	0008.450	0040.366	0000.932	30.197402	-89.183112
07/10/2022 18:04:57.000	5.313	0000.906	0024.643	0080.575	0003.940	0033.352	0002.288	0008.453	0040.810	0000.903	30.197401	-89.183113
07/10/2022 18:04:57.000	5.375	0000.864	0024.658	0080.575	0003.966	0033.090	0002.375	0008.455	0040.453	0000.861	30.197401	-89.183113
07/10/2022 18:04:57.000	5.375	0000.841	0024.671	0080.575	0003.986	0033.120	0002.388	0008.456	0040.494	0000.838	30.197401	-89.183114
07/10/2022 18:04:58.000	5.250	0000.819	0024.690	0083.865	0004.019	0033.164	0002.413	0008.459	0040.554	0000.816	30.197401	-89.183114
07/10/2022 18:04:58.000	5.313	0000.800	0024.703	0083.870	0004.022	0033.228	0002.413	0008.460	0040.641	0000.798	30.197401	-89.183115
07/10/2022 18:04:58.000	5.188	0000.780	0024.708	0083.870	0004.043	0033.328	0002.438	0008.459	0040.777	0000.778	30.197401	-89.183116
07/10/2022 18:04:58.000	5.250	0000.761	0024.719	0083.870	0004.062	0033.542	0002.550	0008.460	0041.068	0000.759	30.197401	-89.183116
07/10/2022 18:04:59.000	5.313	0000.737	0024.731	0083.870	0004.081	0033.768	0002.487	0008.458	0041.376	0000.735	30.197401	-89.183117
07/10/2022 18:04:59.000	5.438	0000.710	0024.741	0086.090	0004.118	0033.732	0002.525	0008.460	0041.327	0000.708	30.197401	-89.183118
07/10/2022 18:04:59.000	5.313	0000.673	0024.749	0086.080	0004.144	0033.126	0002.513	0008.461	0040.502	0000.671	30.197401	-89.183118
07/10/2022 18:04:59.000	5.313	0000.641	0024.760	0086.085	0004.181	0033.462	0002.675	0008.463	0040.959	0000.639	30.197400	-89.183119
07/10/2022 18:05:00.000	5.563	0000.612	0024.770	0086.085	0004.219	0033.538	0002.663	0008.461	0041.063	0000.610	30.197400	-89.183119
07/10/2022 18:05:00.000	6.375	0000.595	0024.779	0087.245	0004.259	0033.312	0002.638	0008.462	0040.755	0000.593	30.197400	-89.183120
07/10/2022 18:05:00.000	5.625	0000.584	0024.789	0088.130	0004.268	0033.260	0002.600	0008.463	0040.684	0000.582	30.197400	-89.183120
07/10/2022 18:05:00.000	5.563	0000.571	0024.810	0088.125	0004.269	0033.344	0002.575	0008.461	0040.799	0000.569	30.197400	-89.183120
07/10/2022 18:05:01.000	5.750	0000.543	0024.833	0088.125	0004.295	0033.498	0002.600	0008.463	0041.008	0000.541	30.197400	-89.183121
07/10/2022 18:05:01.000	5.563	0000.509	0024.849	0088.125	0004.305	0033.536	0002.600	0008.460	0041.060	0000.507	30.197399	-89.183121
07/10/2022 18:05:01.000	5.563	0000.470	0024.853	0089.405	0004.340	0033.324	0002.525	0008.459	0040.772	0000.469	30.197399	-89.183122
07/10/2022 18:05:01.000	5.688	0000.451	0024.858	0089.405	0004.370	0033.222	0002.525	0008.459	0040.633	0000.450	30.197399	-89.183122
07/10/2022 18:05:02.000	5.688	0000.437	0024.865	0089.405	0004.426	0033.140	0002.550	0008.458	0040.521	0000.436	30.197399	-89.183122
07/10/2022 18:05:02.000	5.625	0000.422	0024.869	0089.405	0004.439	0033.042	0002.575	0008.457	0040.388	0000.421	30.197399	-89.183124
07/10/2022 18:05:02.000	5.500	0000.393	0024.878	0089.405	0004.442	0033.010	0002.563	0008.455	0040.345	0000.392	30.197399	-89.183124
07/10/2022 18:05:02.000	5.500	0000.364	0024.884	0090.485	0004.492	0033.062	0002.563	0008.451	0040.415	0000.363	30.197399	-89.183125
07/10/2022 18:05:03.000	5.500	0000.330	0024.893	0090.490	0004.500	0032.966	0002.600	0008.448	0040.285	0000.329	30.197399	-89.183126
07/10/2022 18:05:03.000	5.563	0000.304	0024.895	0090.490	0004.544	0032.438	0002.788	0008.447	0039.569	0000.303	30.197399	-89.183126
07/10/2022 18:05:03.000	5.563	0000.285	0024.897	0090.490	0004.565	0031.272	0002.575	0008.447	0037.994	0000.284	30.197399	-89.183127
07/10/2022 18:05:03.000	5.688	0000.277	0024.919	0090.780	0004.607	0031.140	0002.538	0008.454	0037.816	0000.276	30.197398	-89.183127
07/10/2022 18:05:04.000	6.063	0000.274	0024.995	0091.335	0004.574	0030.962	0002.550	0008.459	0037.577	0000.273	30.197398	-89.183127
07/10/2022 18:05:04.000	6.063	0000.262	0025.044	0091.340	0004.581	0031.248	0002.538	0008.454	0037.961	0000.261	30.197397	-89.183128
07/10/2022 18:05:04.000	5.938	0000.222	0025.100	0091.335	0004.658	0031.460	0002.550	0008.450	0038.247	0000.221	30.197397	-89.183128
07/10/2022 18:05:04.000	5.813	0000.173	0025.127	0091.340	0004.685	0031.540	0002.575	0008.479	0038.355	0000.172	30.197397	-89.183129
07/10/2022 18:05:05.000	5.750	0000.122	0025.106	0093.040	0004.711	0029.808	0002.550	0008.442	0036.030	0000.122	30.197397	-89.183129
07/10/2022 18:05:05.000	5.688	0000.097	0025.105	0093.040	0004.755	0029.264	0002.513	0008.438	0035.304	0000.097	30.197397	-89.183130
07/10/2022 18:05:05.000	5.875	0000.104	0025.120	0093.040	0004.784	0029.630	0002.550	0008.437	0035.792	0000.104	30.197397	-89.183130
07/10/2022 18:05:05.000	5.938	0000.111	0025.144	0093.030	0004.756	0029.546	0002.663	0008.437	0035.680	0000.111	30.197397	-89.183131
07/10/2022 18:05:06.000	5.875	0000.106	0025.189	0093.040	0004.735	0029.760	0002.650	0008.437	0035.966	0000.106	30.197397	-89.183131
07/10/2022 18:05:06.000	5.875	0000.067	0025.223	0093.665	0004.794	0029.792	0002.575	0008.437	0036.008	0000.067	30.197396	-89.183133
07/10/2022 18:05:06.000	5.813	0000.028	0025.244	0093.670	0004.810	0029.910	0002.550	0008.465	0036.166	0000.028	30.197396	-89.183133
07/10/2022 18:05:06.000	5.813	-000.002	0025.263	0093.665	0004.869	0030.220	0002.525	0008.459	0036.581	-000.002	30.197396	-89.183133
07/10/2022 18:05:07.000	5.938	-000.012	0025.278	0093.675	0004.919	0029.802	0002.550	0008.451	0036.022	-000.012	30.197396	-89.183134
07/10/2022 18:05:07.000	72.375	0000.000	0025.279	0093.710	0004.919	0028.234	0002.513	0008.451	0033.935	0000.000	30.197396	-89.183135
07/10/2022 18:05:07.000	29.500	0000.001	0025.286	0094.490	0004.913	0029.410	0002.513	0008.451	0035.498	0000.001	30.197396	-89.183135
07/10/2022 18:05:07.000	7.313	0000.001	0025.301	0094.495	0004.892	0030.004	0002.538	0008.453	0036.292	0000.001	30.197396	-89.183136
07/10/2022 18:05:08.000	6.063	0000.011	0025.317	0094.495	0004.908	0030.008	0002.525	0008.451	0036.297	0000.011	30.197396	-89.183136
07/10/2022 18:05:08.000	6.063	0000.016	0025.329	0094.495	0004.855	0029.564	0002.525	0008.449	0035.704	0000.016	30.197395	-89.183136
07/10/2022 18:05:08.000	6.250	-000.005	0025.343	0094.965	0004.846	0028.974	0002.450	0008.448	0034.917	-000.005	30.197395	-89.183136
07/10/2022 18:05:08.000	20.062	-000.002	0025.363	0094.955	0004.838	0026.106	0002.463	0008.446	0031.129	-000.002	30.197395	-89.183137
07/10/2022 18:05:09.000	35.500	-000.000	0025.382	0094.950	0004.836	0029.330	0002.850	0008.447	0035.392	-000.000	30.197394	-89.183137
07/10/2022 18:05:09.000	7.875	0000.006	0025.397	0094.955	0004.837	0029.786	0002.625	0008.448	0036.000	0000.006	30.197395	-89.183139
07/10/2022 18:05:09.000	6.188	0000.014	0025.407	0094.955	0004.837	0029.654	0002.575	0008.448	0035.824	0000.014	30.197395	-89.183139
07/10/2022 18:05:09.000	6.250	0000.009	0025.415	0095.075	0004.835	0029.214	0002.550	0008.445	0035.237	0000.009	30.197395	-89.183140
07/10/2022 18:05:10.000	186.063	-000.004	0025.419	0095.070	0004.848	0004.416	0002.500	0008.444	0004.571	-000.004	30.197395	-89.183141
07/10/2022 18:05:10.000	16.188	0000.000	0025.425	0095.070	0004.903	0010.632	0002.538	0008.444	0011.725	0000.000	30.197395	-89.183142
07/10/2022 18:05:10.000	60.375	0000.000	0025.436	0095.070	0004.889	0029.014	0002.563	0008.444	0034.971	0000.000	30.197395	-89.183142
07/10/2022 18:05:10.000	9.625	0000.013	0025.444	0094.795	0004.872	0028.922	0002.538	0008.451	0034.848	0000.013	30.197394	-89.183142
07/10/2022 18:05:11.000	6.688	0000.029	0025.471	0095.380	0004.824	0028.964	0002.612	0008.451	0034.904	0000.029	30.197394	-89.183142
07/10/2022 18:05:11.000	6.500	0000.026	0025.504	0095.380	0004.817	0028.988	0002.563	0008.447	0034.936	0000.026	30.197393	-89.183142
07/10/2022 18:05:11.000	6.688	0000.005	0025.505	0095.380	0004.821	0028.964	0002.550	0008.447	0034.904	0000.005	30.197393	-89.183143
07/10/2022 18:05:11.000	9.188	-000.006	0025.493	0095.380	0004.848	0028.236	0002.550	0008.444	0033.937	-000.006	30.197393	-89.183143
07/10/2022 18:05:12.000	11.250	0000.000	0025.479	0095.530	0004.891	0027.226	0002.475	0008.441	0032.602	0000.000	30.197393	-89.183144
07/10/2022 18:05:12.000	42.063	0000.001	0025.464	0095.510	0004.895	0009.090	0002.487	0008.442	0009.904	0000.001	30.197393	-89.183145
07/10/2022 18:05:12.000	3.625	0000.001	0025.453	0095.515	0004.870	0015.510	0002.438	0008.441	0017.638	0000.001	30.197393	-89.183146
07/10/2022 18:05:12.000	25.750	0000.001	0025.469	0095.515	0004.841	0028.868	0002.438	0008.445	0034.776	0000.001	30.197393	-89.183146
07/10/2022 18:05:13.000	8.000	0000.037	0025.509	0095.515	0004.812	0029.128	0002.612	0008.448	0035.122	0000.037	30.197393	-89.183147
07/10/2022 18:05:13.000	6.250	0000.056	0025.522	0095.675	0004.765	0029.164	0002.487	0008.446	0035.170	0000.056	30.197393	-89.183148
07/10/2022 18:05:13.000	6.313	0000.032	0025.521	0095.675	0004.800	0029.000	0002.825	0008.446	0034.952	0000.032	30.197392	-89.183148
07/10/2022 18:05:13.000	2060.375	-000.003	0025.532	0095.675	0004.845	0014.944	0002.575	0008.444	0016.941	-000.003	30.197392	-89.183149
07/10/2022 18:05:14.000	609.437	0000.000	0025.542	0095.675	0004.855	0001.990	0002.425	0008.441	0001.963	0000.000	30.197392	-89.183149
07/10/2022 18:05:14.000	214.063	0000.001	0025.538	0095.205	0004.872	0022.038	0002.550	0008.439	0025.853	0000.001	30.197392	-89.183150
07/10/2022 18:05:14.000	22.562	0000.003	0025.554	0095.925	0004.882	0024.960	0002.500	0008.443	0029.631	0000.003	30.197392	-89.183150
07/10/2022 18:05:14.000	7.875	0000.010	0025.583	0095.925	0004.872	0025.164	0002.612	0008.438	0029.897	0000.010	30.197392	-89.183150
07/10/2022 18:05:15.000	6.938	0000.016	0025.604	0095.930	0004.862	0024.646	0002.525	0008.439	0029.222	0000.016	30.197392	-89.183151
