Date / Time	TURBIDITY;FTU	PRESSURE;DBAR	TEMPERATURE;C	DISSOLVED OXYGEN;SAT%	ALTITUDE;M	CONDUCTIVITY;MS/CM	FLUOROMETER (C);UG/L	PH;PH	Calc. SALINITY; PSU	Calc. DEPTH;M	LATITUDE;DEG	LONGITUDE;DEG
28/09/2022 19:24:57.000	90.625	0000.030	0028.056	0061.860	0013.670	0000.140	0004.175	0007.967	0000.122	0000.031	30.187476	-91.985651
28/09/2022 19:24:58.000	48.812	0000.033	0028.056	0061.865	0013.733	0000.140	0003.175	0007.936	0000.122	0000.034	30.187483	-91.985652
28/09/2022 19:24:58.000	18.688	0000.027	0028.056	0061.790	0013.670	0000.140	0004.350	0007.947	0000.122	0000.028	30.187487	-91.985653
28/09/2022 19:24:58.000	31.750	0000.006	0028.056	0061.800	0013.717	0000.134	0003.863	0007.932	0000.116	0000.006	30.187491	-91.985654
28/09/2022 19:24:58.000	710.563	0000.009	0028.055	0061.805	0013.693	0000.140	0004.350	0007.903	0000.122	0000.009	30.187495	-91.985654
28/09/2022 19:24:59.000	173.563	0000.051	0028.054	0061.805	0013.712	0000.140	0004.500	0007.852	0000.122	0000.052	30.187502	-91.985655
28/09/2022 19:24:59.000	18.375	0000.145	0028.054	0061.800	0013.622	0000.138	0004.550	0007.775	0000.120	0000.148	30.187506	-91.985656
28/09/2022 19:24:59.000	7.688	0000.262	0028.053	0061.830	0013.602	0000.140	0004.588	0007.942	0000.122	0000.268	30.187509	-91.985656
28/09/2022 19:24:59.000	7.063	0000.359	0028.053	0061.830	0013.515	0000.140	0004.638	0007.924	0000.122	0000.367	30.187512	-91.985656
28/09/2022 19:25:00.000	7.188	0000.414	0028.049	0061.830	0013.575	0000.140	0004.850	0007.884	0000.122	0000.424	30.187519	-91.985655
28/09/2022 19:25:00.000	7.000	0000.456	0028.046	0061.830	0013.853	0000.140	0004.975	0007.901	0000.122	0000.467	30.187522	-91.985655
28/09/2022 19:25:00.000	7.188	0000.513	0028.039	0061.830	0013.988	0000.140	0005.150	0007.819	0000.122	0000.525	30.187525	-91.985654
28/09/2022 19:25:00.000	7.125	0000.568	0028.034	0061.580	0014.538	0000.142	0005.000	0007.867	0000.124	0000.581	30.187528	-91.985654
28/09/2022 19:25:01.000	7.063	0000.636	0028.029	0061.580	0014.951	0000.142	0005.000	0007.855	0000.124	0000.651	30.187534	-91.985654
28/09/2022 19:25:01.000	6.688	0000.686	0028.022	0061.580	0014.908	0000.142	0004.963	0007.779	0000.124	0000.702	30.187536	-91.985654
28/09/2022 19:25:01.000	6.500	0000.738	0028.023	0061.580	0015.585	0000.142	0005.037	0007.763	0000.124	0000.755	30.187539	-91.985654
28/09/2022 19:25:01.000	6.688	0000.805	0028.024	0060.740	0016.117	0000.140	0005.250	0007.812	0000.122	0000.824	30.187542	-91.985654
28/09/2022 19:25:02.000	6.625	0000.914	0028.023	0060.740	0015.762	0000.140	0005.100	0007.827	0000.122	0000.935	30.187547	-91.985655
28/09/2022 19:25:02.000	6.750	0001.007	0028.019	0060.745	0015.820	0000.142	0005.025	0007.786	0000.124	0001.031	30.187550	-91.985656
28/09/2022 19:25:02.000	6.938	0001.102	0028.010	0060.735	0014.999	0000.142	0004.912	0007.759	0000.124	0001.128	30.187552	-91.985656
28/09/2022 19:25:02.000	6.688	0001.181	0028.002	0060.740	0014.753	0000.142	0004.850	0007.743	0000.124	0001.209	30.187554	-91.985657
28/09/2022 19:25:03.000	8.813	0001.279	0027.999	0060.055	0014.660	0000.140	0004.650	0007.738	0000.122	0001.309	30.187559	-91.985657
28/09/2022 19:25:03.000	6.750	0001.393	0027.985	0060.055	0014.267	0000.140	0004.563	0007.679	0000.122	0001.426	30.187561	-91.985657
28/09/2022 19:25:03.000	6.500	0001.484	0027.958	0060.055	0013.978	0000.140	0004.388	0007.712	0000.122	0001.519	30.187563	-91.985656
28/09/2022 19:25:03.000	6.375	0001.577	0027.922	0060.055	0013.816	0000.142	0004.338	0007.674	0000.124	0001.614	30.187566	-91.985656
28/09/2022 19:25:04.000	7.625	0001.673	0027.889	0060.055	0013.292	0000.142	0004.225	0007.732	0000.124	0001.712	30.187570	-91.985656
28/09/2022 19:25:04.000	6.313	0001.786	0027.866	0057.805	0013.285	0000.140	0004.200	0007.684	0000.122	0001.828	30.187572	-91.985656
28/09/2022 19:25:04.000	6.125	0001.911	0027.850	0057.805	0013.018	0000.142	0003.913	0007.662	0000.124	0001.956	30.187574	-91.985656
28/09/2022 19:25:04.000	6.063	0002.018	0027.843	0057.805	0012.873	0000.142	0003.863	0007.681	0000.124	0002.065	30.187575	-91.985656
28/09/2022 19:25:05.000	6.313	0002.117	0027.839	0057.810	0012.696	0000.142	0003.938	0007.697	0000.124	0002.167	30.187579	-91.985658
28/09/2022 19:25:05.000	6.063	0002.235	0027.835	0055.740	0012.597	0000.142	0003.913	0007.694	0000.124	0002.287	30.187581	-91.985658
28/09/2022 19:25:05.000	6.125	0002.334	0027.835	0055.750	0012.361	0000.142	0003.938	0007.650	0000.124	0002.389	30.187583	-91.985659
28/09/2022 19:25:05.000	6.438	0002.427	0027.830	0055.745	0012.119	0000.140	0003.913	0007.630	0000.122	0002.484	30.187585	-91.985659
28/09/2022 19:25:06.000	6.250	0002.513	0027.827	0055.745	0011.989	0000.138	0003.913	0007.631	0000.120	0002.572	30.187588	-91.985660
28/09/2022 19:25:06.000	6.250	0002.622	0027.820	0055.750	0011.977	0000.140	0003.988	0007.591	0000.122	0002.683	30.187590	-91.985660
28/09/2022 19:25:06.000	6.125	0002.718	0027.810	0054.570	0011.734	0000.142	0003.900	0007.609	0000.124	0002.782	30.187591	-91.985660
28/09/2022 19:25:06.000	6.250	0002.806	0027.796	0054.565	0011.778	0000.138	0003.875	0007.515	0000.120	0002.872	30.187593	-91.985660
28/09/2022 19:25:07.000	6.063	0002.922	0027.784	0054.565	0011.473	0000.140	0003.925	0007.509	0000.122	0002.990	30.187596	-91.985661
28/09/2022 19:25:07.000	6.500	0003.046	0027.773	0054.570	0011.376	0000.140	0003.850	0007.518	0000.122	0003.117	30.187598	-91.985661
28/09/2022 19:25:07.000	6.250	0003.131	0027.762	0054.565	0011.183	0000.142	0003.788	0007.519	0000.124	0003.204	30.187599	-91.985661
28/09/2022 19:25:07.000	6.000	0003.254	0027.751	0052.775	0010.729	0000.140	0003.750	0007.498	0000.122	0003.330	30.187601	-91.985661
28/09/2022 19:25:08.000	6.250	0003.351	0027.744	0052.775	0010.885	0000.140	0003.700	0007.533	0000.122	0003.430	30.187604	-91.985662
28/09/2022 19:25:08.000	6.250	0003.443	0027.739	0052.775	0010.632	0000.142	0003.813	0007.487	0000.124	0003.524	30.187605	-91.985662
28/09/2022 19:25:08.000	6.250	0003.539	0027.734	0052.775	0010.561	0000.142	0003.763	0007.498	0000.124	0003.622	30.187607	-91.985663
28/09/2022 19:25:08.000	6.063	0003.621	0027.727	0050.545	0010.361	0000.142	0003.650	0007.506	0000.124	0003.706	30.187608	-91.985663
28/09/2022 19:25:09.000	6.625	0003.725	0027.724	0050.555	0010.264	0000.142	0003.700	0007.496	0000.124	0003.812	30.187611	-91.985664
28/09/2022 19:25:09.000	6.188	0003.817	0027.720	0050.535	0010.094	0000.140	0003.612	0007.493	0000.122	0003.906	30.187612	-91.985665
28/09/2022 19:25:09.000	6.125	0003.903	0027.714	0050.540	0010.042	0000.142	0003.625	0007.460	0000.124	0003.994	30.187613	-91.985665
28/09/2022 19:25:09.000	6.313	0003.994	0027.705	0050.535	0009.986	0000.138	0003.650	0007.455	0000.120	0004.088	30.187615	-91.985665
28/09/2022 19:25:10.000	6.375	0004.090	0027.699	0048.550	0009.903	0000.140	0003.513	0007.438	0000.122	0004.186	30.187617	-91.985666
28/09/2022 19:25:10.000	6.063	0004.179	0027.693	0048.545	0009.762	0000.140	0003.500	0007.425	0000.122	0004.277	30.187618	-91.985666
28/09/2022 19:25:10.000	6.063	0004.272	0027.686	0048.545	0009.707	0000.140	0003.500	0007.408	0000.122	0004.372	30.187620	-91.985666
28/09/2022 19:25:10.000	6.125	0004.373	0027.683	0048.550	0009.624	0000.142	0003.525	0007.394	0000.124	0004.475	30.187621	-91.985667
28/09/2022 19:25:11.000	6.688	0004.481	0027.678	0048.545	0009.399	0000.142	0003.650	0007.406	0000.124	0004.586	30.187623	-91.985667
28/09/2022 19:25:11.000	6.125	0004.578	0027.674	0047.160	0009.383	0000.140	0005.013	0007.427	0000.122	0004.685	30.187624	-91.985668
28/09/2022 19:25:11.000	6.125	0004.662	0027.662	0047.160	0009.200	0000.140	0003.438	0007.433	0000.122	0004.771	30.187626	-91.985668
28/09/2022 19:25:11.000	6.188	0004.742	0027.639	0047.160	0009.049	0000.138	0002.725	0007.381	0000.120	0004.853	30.187627	-91.985669
28/09/2022 19:25:12.000	6.125	0004.812	0027.576	0047.155	0008.996	0000.140	0002.500	0007.311	0000.122	0004.925	30.187629	-91.985669
28/09/2022 19:25:12.000	6.938	0004.906	0027.415	0044.385	0008.879	0000.142	0002.413	0007.211	0000.124	0005.021	30.187630	-91.985670
28/09/2022 19:25:12.000	6.938	0004.991	0027.222	0044.375	0008.763	0000.146	0002.388	0007.230	0000.127	0005.108	30.187631	-91.985670
28/09/2022 19:25:12.000	6.063	0005.086	0026.915	0044.375	0008.674	0000.150	0002.313	0007.224	0000.131	0005.205	30.187632	-91.985670
28/09/2022 19:25:13.000	5.938	0005.181	0026.517	0044.375	0008.635	0000.150	0002.163	0007.191	0000.131	0005.302	30.187634	-91.985671
28/09/2022 19:25:13.000	6.125	0005.311	0026.104	0044.375	0008.465	0000.152	0002.075	0007.153	0000.133	0005.435	30.187635	-91.985671
28/09/2022 19:25:13.000	6.250	0005.416	0025.717	0025.985	0008.258	0000.152	0002.088	0007.124	0000.133	0005.543	30.187636	-91.985672
28/09/2022 19:25:13.000	7.000	0005.510	0025.276	0025.980	0008.212	0000.154	0002.000	0007.108	0000.135	0005.639	30.187637	-91.985672
28/09/2022 19:25:14.000	7.438	0005.625	0024.858	0025.985	0008.033	0000.152	0001.938	0007.097	0000.133	0005.757	30.187639	-91.985672
28/09/2022 19:25:14.000	7.750	0005.706	0024.354	0025.985	0007.999	0000.150	0001.963	0007.090	0000.131	0005.840	30.187640	-91.985673
28/09/2022 19:25:14.000	8.000	0005.784	0023.837	0025.980	0007.845	0000.150	0001.938	0007.131	0000.131	0005.920	30.187641	-91.985673
28/09/2022 19:25:14.000	8.688	0005.897	0023.285	0013.375	0007.788	0000.148	0001.938	0007.159	0000.129	0006.035	30.187642	-91.985673
28/09/2022 19:25:15.000	9.500	0005.989	0022.755	0013.375	0007.666	0000.146	0001.975	0007.161	0000.127	0006.129	30.187644	-91.985674
28/09/2022 19:25:15.000	10.250	0006.103	0022.240	0013.375	0007.600	0000.144	0001.938	0007.111	0000.126	0006.246	30.187645	-91.985674
28/09/2022 19:25:15.000	11.000	0006.195	0021.738	0013.375	0007.496	0000.142	0001.863	0007.082	0000.124	0006.340	30.187646	-91.985675
28/09/2022 19:25:15.000	10.063	0006.296	0021.250	0007.620	0007.291	0000.140	0001.888	0007.064	0000.122	0006.444	30.187647	-91.985675
28/09/2022 19:25:16.000	9.563	0006.404	0020.812	0007.630	0007.256	0000.140	0001.863	0007.030	0000.122	0006.554	30.187648	-91.985676
28/09/2022 19:25:16.000	9.563	0006.517	0020.427	0007.625	0007.106	0000.136	0001.813	0007.041	0000.118	0006.670	30.187649	-91.985676
28/09/2022 19:25:16.000	9.375	0006.617	0020.004	0007.625	0006.973	0000.134	0001.863	0007.047	0000.116	0006.772	30.187650	-91.985676
28/09/2022 19:25:16.000	8.750	0006.725	0019.546	0007.625	0006.845	0000.134	0001.788	0007.003	0000.116	0006.883	30.187651	-91.985676
28/09/2022 19:25:17.000	8.000	0006.800	0019.168	0004.960	0006.764	0000.132	0001.800	0006.966	0000.115	0006.959	30.187653	-91.985677
28/09/2022 19:25:17.000	7.625	0006.902	0018.834	0004.950	0006.704	0000.132	0001.800	0006.963	0000.115	0007.064	30.187654	-91.985677
28/09/2022 19:25:17.000	7.500	0007.003	0018.521	0004.950	0006.539	0000.132	0001.750	0006.986	0000.115	0007.167	30.187654	-91.985677
28/09/2022 19:25:17.000	7.313	0007.106	0018.242	0004.955	0006.440	0000.132	0001.675	0006.988	0000.115	0007.272	30.187655	-91.985678
28/09/2022 19:25:18.000	7.313	0007.196	0017.980	0004.950	0006.331	0000.130	0001.775	0006.954	0000.113	0007.365	30.187657	-91.985678
28/09/2022 19:25:18.000	6.938	0007.299	0017.734	0003.720	0006.216	0000.130	0001.725	0006.937	0000.113	0007.470	30.187657	-91.985679
28/09/2022 19:25:18.000	6.875	0007.396	0017.492	0003.720	0006.154	0000.128	0001.775	0006.944	0000.111	0007.569	30.187658	-91.985679
28/09/2022 19:25:18.000	6.750	0007.496	0017.235	0003.725	0006.055	0000.126	0001.763	0006.947	0000.109	0007.672	30.187659	-91.985679
28/09/2022 19:25:19.000	6.813	0007.601	0016.956	0003.725	0005.880	0000.126	0001.700	0006.929	0000.109	0007.779	30.187660	-91.985680
28/09/2022 19:25:19.000	7.063	0007.704	0016.703	0003.050	0005.819	0000.126	0001.725	0006.930	0000.109	0007.885	30.187661	-91.985680
28/09/2022 19:25:19.000	6.625	0007.802	0016.468	0003.040	0005.732	0000.126	0001.800	0006.930	0000.109	0007.985	30.187662	-91.985681
28/09/2022 19:25:19.000	6.563	0007.890	0016.240	0003.040	0005.602	0000.126	0001.813	0006.907	0000.109	0008.075	30.187662	-91.985681
28/09/2022 19:25:20.000	6.813	0007.985	0015.986	0003.035	0005.467	0000.126	0001.788	0006.931	0000.109	0008.172	30.187664	-91.985681
28/09/2022 19:25:20.000	7.063	0008.065	0015.749	0003.040	0005.385	0000.124	0001.838	0006.903	0000.107	0008.254	30.187665	-91.985682
28/09/2022 19:25:20.000	7.313	0008.163	0015.539	0002.675	0005.259	0000.126	0001.738	0006.844	0000.109	0008.354	30.187665	-91.985682
28/09/2022 19:25:20.000	7.563	0008.261	0015.338	0002.680	0005.201	0000.124	0001.800	0006.829	0000.107	0008.455	30.187666	-91.985682
28/09/2022 19:25:21.000	7.688	0008.357	0015.154	0002.675	0005.133	0000.124	0001.775	0006.808	0000.107	0008.553	30.187667	-91.985682
28/09/2022 19:25:21.000	7.563	0008.438	0014.996	0002.675	0005.003	0000.124	0001.838	0006.779	0000.107	0008.636	30.187668	-91.985683
28/09/2022 19:25:21.000	7.563	0008.547	0014.849	0002.635	0004.916	0000.124	0001.800	0006.748	0000.107	0008.747	30.187669	-91.985683
28/09/2022 19:25:21.000	8.188	0008.645	0014.699	0002.450	0004.761	0000.126	0001.775	0006.755	0000.109	0008.848	30.187669	-91.985683
28/09/2022 19:25:22.000	7.750	0008.728	0014.557	0002.445	0004.666	0000.128	0001.813	0006.739	0000.111	0008.932	30.187670	-91.985684
28/09/2022 19:25:22.000	7.875	0008.795	0014.441	0002.440	0004.590	0000.124	0001.800	0006.735	0000.107	0009.001	30.187671	-91.985684
28/09/2022 19:25:22.000	7.750	0008.773	0014.359	0002.445	0004.564	0000.124	0001.800	0006.726	0000.107	0008.979	30.187672	-91.985685
28/09/2022 19:25:22.000	7.938	0008.776	0014.297	0002.250	0004.533	0000.124	0001.763	0006.719	0000.107	0008.982	30.187672	-91.985685
28/09/2022 19:25:23.000	7.688	0008.773	0014.243	0002.250	0004.494	0000.126	0001.775	0006.717	0000.109	0008.979	30.187674	-91.985686
28/09/2022 19:25:23.000	7.625	0008.774	0014.200	0002.250	0004.512	0000.124	0001.775	0006.713	0000.107	0008.980	30.187674	-91.985686
28/09/2022 19:25:23.000	7.625	0008.779	0014.161	0002.250	0004.555	0000.126	0001.800	0006.702	0000.109	0008.985	30.187675	-91.985686
28/09/2022 19:25:23.000	7.625	0008.785	0014.130	0002.250	0004.490	0000.124	0001.775	0006.703	0000.107	0008.991	30.187675	-91.985686
28/09/2022 19:25:24.000	7.750	0008.786	0014.100	0002.215	0004.495	0000.126	0001.800	0006.698	0000.109	0008.992	30.187677	-91.985687
28/09/2022 19:25:24.000	7.500	0008.786	0014.081	0002.215	0004.488	0000.126	0001.788	0006.692	0000.109	0008.992	30.187677	-91.985687
28/09/2022 19:25:24.000	7.438	0008.785	0014.069	0002.215	0004.490	0000.124	0001.813	0006.689	0000.107	0008.991	30.187678	-91.985687
28/09/2022 19:25:24.000	7.375	0008.784	0014.063	0002.210	0004.455	0000.126	0001.800	0006.689	0000.109	0008.990	30.187678	-91.985688
28/09/2022 19:25:25.000	7.438	0008.783	0014.057	0002.160	0004.504	0000.128	0001.775	0006.672	0000.111	0008.989	30.187679	-91.985688
28/09/2022 19:25:25.000	7.500	0008.783	0014.059	0002.185	0004.516	0000.124	0001.838	0006.685	0000.107	0008.989	30.187680	-91.985689
28/09/2022 19:25:25.000	7.375	0008.784	0014.055	0002.175	0004.503	0000.126	0001.750	0006.671	0000.109	0008.990	30.187680	-91.985689
28/09/2022 19:25:25.000	7.438	0008.793	0014.060	0002.175	0004.537	0000.126	0001.825	0006.674	0000.109	0008.999	30.187681	-91.985689
28/09/2022 19:25:26.000	7.500	0008.802	0014.067	0002.175	0004.437	0000.126	0001.775	0006.669	0000.109	0009.008	30.187682	-91.985690
28/09/2022 19:25:26.000	7.375	0008.807	0014.073	0002.050	0004.423	0000.126	0001.775	0006.673	0000.109	0009.013	30.187682	-91.985690
28/09/2022 19:25:26.000	7.313	0008.803	0014.078	0002.050	0004.399	0000.128	0001.813	0006.668	0000.111	0009.009	30.187683	-91.985690
28/09/2022 19:25:26.000	7.438	0008.789	0014.089	0002.050	0004.490	0000.124	0001.763	0006.664	0000.107	0008.995	30.187684	-91.985691
28/09/2022 19:25:27.000	7.438	0008.781	0014.093	0002.050	0004.400	0000.124	0001.775	0006.668	0000.107	0008.987	30.187684	-91.985691
28/09/2022 19:25:27.000	7.438	0008.784	0014.092	0002.050	0004.473	0000.124	0001.813	0006.661	0000.107	0008.990	30.187685	-91.985691
28/09/2022 19:25:27.000	7.313	0008.799	0014.086	0001.975	0004.397	0000.124	0001.775	0006.660	0000.107	0009.005	30.187685	-91.985691
28/09/2022 19:25:27.000	7.438	0008.811	0014.076	0001.980	0004.423	0000.126	0001.775	0006.663	0000.109	0009.017	30.187686	-91.985692
28/09/2022 19:25:28.000	7.313	0008.814	0014.064	0001.980	0004.390	0000.126	0001.763	0006.657	0000.109	0009.021	30.187687	-91.985692
28/09/2022 19:25:28.000	7.438	0008.807	0014.052	0001.980	0004.384	0000.126	0001.775	0006.658	0000.109	0009.013	30.187687	-91.985693
28/09/2022 19:25:28.000	7.500	0008.798	0014.035	0001.900	0004.420	0000.128	0001.800	0006.642	0000.111	0009.004	30.187688	-91.985693
28/09/2022 19:25:28.000	7.438	0008.796	0014.019	0001.935	0004.412	0000.126	0001.750	0006.659	0000.109	0009.002	30.187688	-91.985693
28/09/2022 19:25:29.000	7.438	0008.804	0014.006	0001.945	0004.390	0000.128	0001.725	0006.650	0000.111	0009.010	30.187689	-91.985694
28/09/2022 19:25:29.000	7.313	0008.814	0013.994	0001.945	0004.378	0000.126	0001.750	0006.645	0000.109	0009.021	30.187689	-91.985694
28/09/2022 19:25:29.000	7.375	0008.821	0013.984	0001.945	0004.364	0000.126	0001.788	0006.644	0000.109	0009.028	30.187690	-91.985694
28/09/2022 19:25:29.000	7.250	0008.820	0013.974	0001.905	0004.357	0000.124	0001.713	0006.641	0000.107	0009.027	30.187690	-91.985695
28/09/2022 19:25:30.000	7.375	0008.809	0013.970	0001.900	0004.362	0000.126	0001.800	0006.634	0000.109	0009.015	30.187691	-91.985695
28/09/2022 19:25:30.000	7.438	0008.801	0013.960	0001.900	0004.358	0000.124	0001.738	0006.639	0000.107	0009.007	30.187692	-91.985695
28/09/2022 19:25:30.000	7.500	0008.798	0013.945	0001.905	0004.364	0000.126	0001.750	0006.638	0000.109	0009.004	30.187692	-91.985696
28/09/2022 19:25:30.000	7.375	0008.803	0013.938	0001.900	0004.375	0000.124	0001.775	0006.634	0000.107	0009.009	30.187692	-91.985696
28/09/2022 19:25:31.000	7.375	0008.817	0013.933	0001.900	0004.326	0000.124	0001.750	0006.641	0000.107	0009.024	30.187693	-91.985696
28/09/2022 19:25:31.000	7.313	0008.826	0013.943	0001.895	0004.335	0000.124	0001.925	0006.642	0000.107	0009.033	30.187694	-91.985697
28/09/2022 19:25:31.000	8.313	0008.830	0013.949	0001.895	0004.352	0000.126	0001.800	0006.636	0000.109	0009.037	30.187694	-91.985697
28/09/2022 19:25:31.000	7.938	0008.827	0013.954	0001.895	0004.373	0000.126	0001.863	0006.641	0000.109	0009.034	30.187695	-91.985697
28/09/2022 19:25:32.000	7.875	0008.815	0013.964	0001.795	0004.295	0000.126	0001.763	0006.633	0000.109	0009.022	30.187695	-91.985698
28/09/2022 19:25:32.000	8.000	0008.808	0013.968	0001.835	0004.349	0000.124	0001.763	0006.644	0000.107	0009.014	30.187696	-91.985698
28/09/2022 19:25:32.000	7.938	0008.807	0013.968	0001.845	0004.365	0000.124	0001.750	0006.643	0000.107	0009.013	30.187696	-91.985698
28/09/2022 19:25:32.000	8.063	0008.812	0013.969	0001.845	0004.305	0000.124	0001.763	0006.642	0000.107	0009.018	30.187696	-91.985699
28/09/2022 19:25:33.000	7.750	0008.819	0013.971	0001.845	0004.298	0000.126	0001.763	0006.638	0000.109	0009.026	30.187697	-91.985699
28/09/2022 19:25:33.000	7.688	0008.822	0013.973	0001.910	0004.354	0000.124	0001.800	0006.639	0000.107	0009.029	30.187698	-91.985699
28/09/2022 19:25:33.000	7.750	0008.823	0013.978	0001.910	0004.307	0000.126	0001.725	0006.646	0000.109	0009.030	30.187698	-91.985700
28/09/2022 19:25:33.000	7.750	0008.822	0013.982	0001.910	0004.277	0000.124	0001.775	0006.640	0000.107	0009.029	30.187698	-91.985700
28/09/2022 19:25:34.000	7.750	0008.821	0013.987	0001.910	0004.256	0000.126	0001.800	0006.647	0000.109	0009.028	30.187699	-91.985700
28/09/2022 19:25:34.000	7.750	0008.821	0013.988	0001.910	0004.283	0000.128	0001.788	0006.646	0000.111	0009.028	30.187700	-91.985701
28/09/2022 19:25:34.000	7.688	0008.825	0013.991	0001.845	0004.266	0000.128	0001.775	0006.639	0000.111	0009.032	30.187700	-91.985701
28/09/2022 19:25:34.000	7.625	0008.828	0013.991	0001.835	0004.268	0000.126	0001.788	0006.638	0000.109	0009.035	30.187700	-91.985701
28/09/2022 19:25:35.000	7.625	0008.828	0013.990	0001.835	0004.266	0000.126	0001.775	0006.644	0000.109	0009.035	30.187701	-91.985702
28/09/2022 19:25:35.000	8.250	0008.827	0013.990	0001.835	0004.235	0000.124	0001.775	0006.639	0000.107	0009.034	30.187701	-91.985702
28/09/2022 19:25:35.000	7.625	0008.822	0013.991	0001.770	0004.285	0000.126	0001.800	0006.635	0000.109	0009.029	30.187702	-91.985702
28/09/2022 19:25:35.000	7.563	0008.816	0013.994	0001.845	0004.253	0000.124	0001.763	0006.646	0000.107	0009.023	30.187702	-91.985702
28/09/2022 19:25:36.000	7.438	0008.814	0013.997	0001.845	0004.238	0000.126	0001.813	0006.639	0000.109	0009.021	30.187703	-91.985703
28/09/2022 19:25:36.000	7.250	0008.819	0013.999	0001.845	0004.195	0000.126	0001.775	0006.644	0000.109	0009.026	30.187703	-91.985703
28/09/2022 19:25:36.000	7.375	0008.832	0014.000	0001.845	0004.262	0000.126	0001.775	0006.638	0000.109	0009.039	30.187703	-91.985704
28/09/2022 19:25:36.000	7.313	0008.841	0013.997	0001.865	0004.266	0000.124	0001.738	0006.639	0000.107	0009.048	30.187704	-91.985704
28/09/2022 19:25:37.000	7.438	0008.840	0014.002	0001.860	0004.200	0000.124	0001.763	0006.640	0000.107	0009.047	30.187705	-91.985704
28/09/2022 19:25:37.000	7.500	0008.826	0014.005	0001.860	0004.186	0000.126	0001.775	0006.646	0000.109	0009.033	30.187705	-91.985704
28/09/2022 19:25:37.000	7.563	0008.816	0014.011	0001.860	0004.226	0000.126	0001.750	0006.644	0000.109	0009.023	30.187705	-91.985705
28/09/2022 19:25:37.000	7.500	0008.814	0014.018	0001.855	0004.259	0000.124	0001.700	0006.636	0000.107	0009.021	30.187706	-91.985705
28/09/2022 19:25:38.000	7.750	0008.818	0014.027	0001.775	0004.264	0000.126	0001.738	0006.643	0000.109	0009.025	30.187706	-91.985705
28/09/2022 19:25:38.000	7.563	0008.833	0014.036	0001.780	0004.178	0000.126	0001.800	0006.636	0000.109	0009.040	30.187706	-91.985706
28/09/2022 19:25:38.000	7.625	0008.841	0014.031	0001.780	0004.166	0000.126	0001.750	0006.635	0000.109	0009.048	30.187707	-91.985706
28/09/2022 19:25:38.000	7.563	0008.842	0014.032	0001.780	0004.220	0000.126	0001.800	0006.643	0000.109	0009.049	30.187707	-91.985706
28/09/2022 19:25:39.000	7.625	0008.835	0014.035	0001.740	0004.182	0000.126	0001.763	0006.634	0000.109	0009.042	30.187708	-91.985707
28/09/2022 19:25:39.000	7.625	0008.824	0014.042	0001.805	0004.146	0000.124	0001.775	0006.638	0000.107	0009.031	30.187708	-91.985707
28/09/2022 19:25:39.000	8.438	0008.819	0014.048	0001.800	0004.181	0000.124	0001.800	0006.643	0000.107	0009.026	30.187708	-91.985707
28/09/2022 19:25:39.000	7.625	0008.818	0014.052	0001.800	0004.196	0000.126	0001.800	0006.639	0000.109	0009.025	30.187709	-91.985708
28/09/2022 19:25:40.000	7.500	0008.825	0014.051	0001.800	0004.178	0000.126	0001.750	0006.642	0000.109	0009.032	30.187709	-91.985708
28/09/2022 19:25:40.000	7.563	0008.832	0014.048	0001.790	0004.170	0000.124	0001.775	0006.647	0000.107	0009.039	30.187709	-91.985708
28/09/2022 19:25:40.000	7.438	0008.837	0014.046	0001.800	0004.174	0000.126	0001.713	0006.642	0000.109	0009.044	30.187710	-91.985708
28/09/2022 19:25:40.000	7.500	0008.838	0014.049	0001.800	0004.188	0000.128	0001.775	0006.641	0000.111	0009.045	30.187710	-91.985709
28/09/2022 19:25:41.000	7.438	0008.836	0014.054	0001.795	0004.154	0000.128	0001.788	0006.650	0000.111	0009.043	30.187711	-91.985709
28/09/2022 19:25:41.000	7.313	0008.834	0014.055	0001.790	0004.153	0000.124	0001.725	0006.647	0000.107	0009.041	30.187711	-91.985709
28/09/2022 19:25:41.000	7.188	0008.833	0014.052	0001.770	0004.185	0000.124	0001.800	0006.644	0000.107	0009.040	30.187711	-91.985710
28/09/2022 19:25:41.000	7.313	0008.832	0014.045	0001.770	0004.151	0000.124	0001.788	0006.646	0000.107	0009.039	30.187711	-91.985710
28/09/2022 19:25:42.000	7.188	0008.830	0014.034	0001.775	0004.143	0000.124	0001.775	0006.644	0000.107	0009.037	30.187712	-91.985711
28/09/2022 19:25:42.000	7.375	0008.826	0014.026	0001.775	0004.142	0000.126	0001.800	0006.641	0000.109	0009.033	30.187712	-91.985711
28/09/2022 19:25:42.000	7.250	0008.825	0014.018	0001.730	0004.155	0000.126	0001.800	0006.639	0000.109	0009.032	30.187713	-91.985711
28/09/2022 19:25:42.000	7.250	0008.831	0014.010	0001.750	0004.143	0000.124	0001.738	0006.641	0000.107	0009.038	30.187713	-91.985711
28/09/2022 19:25:43.000	7.313	0008.838	0014.008	0001.745	0004.129	0000.124	0001.750	0006.639	0000.107	0009.045	30.187713	-91.985712
28/09/2022 19:25:43.000	7.125	0008.845	0014.006	0001.745	0004.139	0000.124	0001.738	0006.643	0000.107	0009.052	30.187714	-91.985712
28/09/2022 19:25:43.000	7.250	0008.844	0014.002	0001.750	0004.097	0000.124	0001.813	0006.643	0000.107	0009.051	30.187714	-91.985712
28/09/2022 19:25:43.000	7.313	0008.835	0014.003	0001.755	0004.110	0000.124	0001.838	0006.634	0000.107	0009.042	30.187714	-91.985712
28/09/2022 19:25:44.000	7.625	0008.824	0014.001	0001.750	0004.122	0000.126	0001.925	0006.645	0000.109	0009.031	30.187715	-91.985713
28/09/2022 19:25:44.000	7.500	0008.821	0014.007	0001.750	0004.166	0000.124	0001.863	0006.644	0000.107	0009.028	30.187715	-91.985713
28/09/2022 19:25:44.000	7.375	0008.821	0014.010	0001.750	0004.153	0000.126	0001.813	0006.643	0000.109	0009.028	30.187715	-91.985713
28/09/2022 19:25:44.000	7.313	0008.835	0014.009	0001.745	0004.124	0000.128	0001.825	0006.645	0000.111	0009.042	30.187715	-91.985714
28/09/2022 19:25:45.000	7.500	0008.847	0014.004	0001.745	0004.167	0000.128	0001.775	0006.646	0000.111	0009.054	30.187716	-91.985714
28/09/2022 19:25:45.000	7.500	0008.852	0014.001	0001.740	0004.141	0000.126	0001.750	0006.648	0000.109	0009.059	30.187716	-91.985715
28/09/2022 19:25:45.000	7.438	0008.850	0014.000	0001.735	0004.084	0000.126	0001.813	0006.644	0000.109	0009.057	30.187716	-91.985715
28/09/2022 19:25:45.000	7.563	0008.837	0014.006	0001.735	0004.089	0000.126	0001.800	0006.650	0000.109	0009.044	30.187716	-91.985715
28/09/2022 19:25:46.000	7.563	0008.830	0014.011	0001.695	0004.131	0000.126	0001.850	0006.639	0000.109	0009.037	30.187717	-91.985716
28/09/2022 19:25:46.000	7.500	0008.830	0014.015	0001.705	0004.154	0000.124	0001.813	0006.646	0000.107	0009.037	30.187717	-91.985716
28/09/2022 19:25:46.000	7.500	0008.835	0014.030	0001.705	0004.098	0000.126	0001.838	0006.654	0000.109	0009.042	30.187717	-91.985716
28/09/2022 19:25:46.000	7.625	0008.841	0014.042	0001.700	0004.082	0000.124	0001.800	0006.644	0000.107	0009.048	30.187717	-91.985716
28/09/2022 19:25:47.000	7.625	0008.841	0014.044	0001.710	0004.039	0000.126	0001.825	0006.647	0000.109	0009.048	30.187718	-91.985717
28/09/2022 19:25:47.000	7.688	0008.839	0014.042	0001.710	0004.083	0000.126	0001.775	0006.645	0000.109	0009.046	30.187718	-91.985717
28/09/2022 19:25:47.000	7.625	0008.835	0014.036	0001.710	0004.069	0000.126	0001.738	0006.644	0000.109	0009.042	30.187718	-91.985717
28/09/2022 19:25:47.000	7.625	0008.836	0014.034	0001.710	0004.093	0000.124	0001.750	0006.644	0000.107	0009.043	30.187719	-91.985717
28/09/2022 19:25:48.000	7.625	0008.842	0014.030	0001.715	0004.132	0000.126	0001.838	0006.644	0000.109	0009.049	30.187719	-91.985718
28/09/2022 19:25:48.000	7.625	0008.847	0014.018	0001.715	0004.070	0000.124	0001.788	0006.648	0000.107	0009.054	30.187719	-91.985718
28/09/2022 19:25:48.000	7.625	0008.847	0014.012	0001.705	0004.063	0000.126	0001.750	0006.650	0000.109	0009.054	30.187719	-91.985718
28/09/2022 19:25:48.000	8.813	0008.843	0014.013	0001.695	0004.027	0000.124	0001.725	0006.645	0000.107	0009.050	30.187720	-91.985719
28/09/2022 19:25:49.000	7.688	0008.838	0014.014	0001.700	0004.071	0000.124	0001.800	0006.652	0000.107	0009.045	30.187720	-91.985719
28/09/2022 19:25:49.000	7.625	0008.838	0014.015	0001.700	0004.049	0000.126	0001.800	0006.654	0000.109	0009.045	30.187720	-91.985719
28/09/2022 19:25:49.000	7.625	0008.840	0014.009	0001.675	0004.019	0000.126	0001.775	0006.648	0000.109	0009.047	30.187720	-91.985720
28/09/2022 19:25:49.000	7.875	0008.844	0014.010	0001.680	0004.073	0000.126	0001.775	0006.660	0000.109	0009.051	30.187720	-91.985720
28/09/2022 19:25:50.000	7.625	0008.846	0014.014	0001.675	0004.060	0000.124	0001.800	0006.654	0000.107	0009.053	30.187721	-91.985720
28/09/2022 19:25:50.000	7.625	0008.844	0014.011	0001.670	0004.017	0000.126	0001.775	0006.648	0000.109	0009.051	30.187721	-91.985721
28/09/2022 19:25:50.000	7.750	0008.838	0014.008	0001.670	0004.017	0000.126	0001.838	0006.655	0000.109	0009.045	30.187721	-91.985721
28/09/2022 19:25:50.000	8.000	0008.837	0014.007	0001.660	0004.033	0000.128	0001.775	0006.657	0000.111	0009.044	30.187721	-91.985721
28/09/2022 19:25:51.000	7.938	0008.839	0014.003	0001.660	0004.087	0000.128	0001.725	0006.657	0000.111	0009.046	30.187721	-91.985722
28/09/2022 19:25:51.000	7.500	0008.846	0014.003	0001.660	0003.999	0000.128	0001.775	0006.655	0000.111	0009.053	30.187722	-91.985722
28/09/2022 19:25:51.000	9.125	0008.848	0013.997	0001.655	0004.001	0000.128	0001.788	0006.657	0000.111	0009.055	30.187722	-91.985722
28/09/2022 19:25:51.000	7.750	0008.849	0013.996	0001.655	0004.030	0000.126	0001.725	0006.651	0000.109	0009.056	30.187722	-91.985722
28/09/2022 19:25:52.000	7.688	0008.847	0014.001	0001.670	0004.094	0000.126	0001.825	0006.653	0000.109	0009.054	30.187722	-91.985723
28/09/2022 19:25:52.000	8.000	0008.845	0014.002	0001.670	0003.991	0000.126	0001.800	0006.659	0000.109	0009.052	30.187722	-91.985723
28/09/2022 19:25:52.000	7.625	0008.843	0014.004	0001.670	0004.031	0000.126	0001.750	0006.655	0000.109	0009.050	30.187723	-91.985723
28/09/2022 19:25:52.000	7.625	0008.843	0014.001	0001.670	0003.997	0000.128	0001.725	0006.660	0000.111	0009.050	30.187723	-91.985724
28/09/2022 19:25:53.000	7.500	0008.844	0014.002	0001.655	0003.996	0000.128	0001.788	0006.663	0000.111	0009.051	30.187723	-91.985724
28/09/2022 19:25:53.000	7.500	0008.847	0014.001	0001.655	0003.974	0000.128	0001.763	0006.667	0000.111	0009.054	30.187723	-91.985724
28/09/2022 19:25:53.000	7.688	0008.848	0014.000	0001.655	0003.997	0000.128	0001.825	0006.663	0000.111	0009.055	30.187723	-91.985724
28/09/2022 19:25:53.000	7.625	0008.848	0014.001	0001.655	0003.995	0000.128	0001.775	0006.668	0000.111	0009.055	30.187723	-91.985725
28/09/2022 19:25:54.000	7.500	0008.846	0014.001	0001.655	0003.990	0000.126	0001.738	0006.671	0000.109	0009.053	30.187724	-91.985725
28/09/2022 19:25:54.000	7.563	0008.843	0014.001	0001.630	0004.009	0000.126	0001.738	0006.666	0000.109	0009.050	30.187724	-91.985725
28/09/2022 19:25:54.000	7.563	0008.844	0014.003	0001.635	0003.990	0000.128	0001.800	0006.672	0000.111	0009.051	30.187724	-91.985726
28/09/2022 19:25:54.000	7.688	0008.851	0014.003	0001.630	0003.972	0000.128	0001.825	0006.670	0000.111	0009.058	30.187724	-91.985726
28/09/2022 19:25:55.000	7.563	0008.859	0014.002	0001.635	0004.007	0000.128	0001.813	0006.662	0000.111	0009.067	30.187724	-91.985726
28/09/2022 19:25:55.000	7.813	0008.857	0014.001	0001.645	0003.998	0000.126	0001.763	0006.668	0000.109	0009.065	30.187724	-91.985727
28/09/2022 19:25:55.000	7.688	0008.849	0014.007	0001.640	0004.000	0000.128	0001.763	0006.664	0000.111	0009.056	30.187724	-91.985727
28/09/2022 19:25:55.000	7.563	0008.842	0014.012	0001.640	0003.950	0000.128	0001.775	0006.663	0000.111	0009.049	30.187725	-91.985727
28/09/2022 19:25:56.000	7.625	0008.841	0014.013	0001.640	0003.943	0000.126	0001.775	0006.674	0000.109	0009.048	30.187725	-91.985728
28/09/2022 19:25:56.000	8.000	0008.843	0014.017	0001.645	0003.945	0000.126	0001.800	0006.671	0000.109	0009.050	30.187725	-91.985728
28/09/2022 19:25:56.000	7.625	0008.854	0014.016	0001.630	0003.948	0000.128	0001.775	0006.668	0000.111	0009.061	30.187725	-91.985728
28/09/2022 19:25:56.000	7.563	0008.860	0014.018	0001.625	0003.930	0000.124	0001.800	0006.683	0000.107	0009.068	30.187725	-91.985728
28/09/2022 19:25:57.000	7.813	0008.862	0014.022	0001.625	0003.913	0000.124	0001.825	0006.676	0000.107	0009.070	30.187725	-91.985729
28/09/2022 19:25:57.000	7.563	0008.859	0014.023	0001.630	0003.940	0000.126	0001.763	0006.677	0000.109	0009.067	30.187725	-91.985729
28/09/2022 19:25:57.000	7.875	0008.850	0014.025	0001.625	0003.927	0000.126	0001.763	0006.683	0000.109	0009.057	30.187725	-91.985730
28/09/2022 19:25:57.000	10.250	0008.844	0014.023	0001.645	0003.928	0000.126	0001.750	0006.684	0000.109	0009.051	30.187726	-91.985730
28/09/2022 19:25:58.000	9.000	0008.844	0014.023	0001.640	0003.969	0000.126	0001.788	0006.680	0000.109	0009.051	30.187726	-91.985730
28/09/2022 19:25:58.000	7.563	0008.850	0014.027	0001.645	0003.930	0000.126	0001.738	0006.686	0000.109	0009.057	30.187726	-91.985731
28/09/2022 19:25:58.000	7.813	0008.856	0014.028	0001.645	0003.923	0000.124	0001.738	0006.689	0000.107	0009.063	30.187726	-91.985731
28/09/2022 19:25:58.000	7.688	0008.858	0014.033	0001.625	0003.956	0000.126	0001.763	0006.677	0000.109	0009.066	30.187726	-91.985731
28/09/2022 19:25:59.000	7.688	0008.857	0014.037	0001.655	0003.966	0000.128	0001.763	0006.690	0000.111	0009.065	30.187726	-91.985732
28/09/2022 19:25:59.000	7.688	0008.856	0014.042	0001.655	0003.961	0000.126	0001.763	0006.685	0000.109	0009.063	30.187726	-91.985732
28/09/2022 19:25:59.000	7.688	0008.853	0014.047	0001.655	0003.993	0000.124	0001.813	0006.686	0000.107	0009.060	30.187726	-91.985732
28/09/2022 19:25:59.000	7.625	0008.853	0014.048	0001.655	0003.961	0000.124	0001.813	0006.686	0000.107	0009.060	30.187726	-91.985732
28/09/2022 19:26:00.000	7.625	0008.853	0014.047	0001.640	0003.940	0000.126	0001.788	0006.693	0000.109	0009.060	30.187727	-91.985733
28/09/2022 19:26:00.000	7.688	0008.853	0014.046	0001.650	0003.886	0000.126	0001.825	0006.701	0000.109	0009.060	30.187727	-91.985733
28/09/2022 19:26:00.000	7.750	0008.851	0014.046	0001.635	0003.882	0000.126	0001.750	0006.695	0000.109	0009.058	30.187727	-91.985734
28/09/2022 19:26:00.000	7.688	0008.852	0014.048	0001.640	0003.879	0000.126	0001.838	0006.690	0000.109	0009.059	30.187727	-91.985734
28/09/2022 19:26:01.000	7.625	0008.857	0014.046	0001.640	0003.872	0000.126	0001.763	0006.701	0000.109	0009.065	30.187727	-91.985734
28/09/2022 19:26:01.000	7.625	0008.865	0014.046	0001.635	0003.924	0000.126	0001.725	0006.702	0000.109	0009.073	30.187727	-91.985735
28/09/2022 19:26:01.000	7.688	0008.866	0014.047	0001.630	0003.865	0000.128	0001.788	0006.701	0000.111	0009.074	30.187727	-91.985735
28/09/2022 19:26:01.000	7.750	0008.861	0014.046	0001.635	0003.851	0000.126	0001.813	0006.705	0000.109	0009.069	30.187727	-91.985735
28/09/2022 19:26:02.000	7.750	0008.848	0014.047	0001.630	0003.944	0000.126	0001.738	0006.707	0000.109	0009.055	30.187728	-91.985736
28/09/2022 19:26:02.000	8.188	0008.837	0014.050	0001.560	0003.930	0000.126	0001.763	0006.693	0000.109	0009.044	30.187728	-91.985736
28/09/2022 19:26:02.000	7.750	0008.837	0014.051	0001.635	0003.855	0000.128	0001.800	0006.715	0000.111	0009.044	30.187728	-91.985736
28/09/2022 19:26:02.000	7.625	0008.850	0014.050	0001.635	0003.886	0000.126	0001.775	0006.712	0000.109	0009.057	30.187728	-91.985737
28/09/2022 19:26:03.000	8.500	0008.862	0014.045	0001.635	0003.872	0000.128	0001.800	0006.704	0000.111	0009.070	30.187728	-91.985737
28/09/2022 19:26:03.000	7.688	0008.869	0014.044	0001.630	0003.856	0000.126	0001.813	0006.705	0000.109	0009.077	30.187728	-91.985738
28/09/2022 19:26:03.000	7.500	0008.868	0014.045	0001.645	0003.846	0000.128	0001.775	0006.708	0000.111	0009.076	30.187728	-91.985738
28/09/2022 19:26:03.000	7.688	0008.857	0014.046	0001.640	0003.865	0000.124	0001.750	0006.707	0000.107	0009.065	30.187728	-91.985738
28/09/2022 19:26:04.000	7.750	0008.850	0014.051	0001.635	0003.884	0000.126	0001.788	0006.713	0000.109	0009.057	30.187728	-91.985739
28/09/2022 19:26:04.000	7.875	0008.848	0014.053	0001.635	0003.863	0000.124	0001.813	0006.717	0000.107	0009.055	30.187728	-91.985739
28/09/2022 19:26:04.000	7.625	0008.849	0014.052	0001.635	0003.832	0000.126	0001.800	0006.709	0000.109	0009.056	30.187728	-91.985739
28/09/2022 19:26:04.000	7.625	0008.853	0014.052	0001.635	0003.866	0000.126	0001.788	0006.717	0000.109	0009.060	30.187728	-91.985740
28/09/2022 19:26:05.000	7.625	0008.854	0014.050	0001.635	0003.852	0000.126	0001.775	0006.722	0000.109	0009.061	30.187729	-91.985740
28/09/2022 19:26:05.000	7.625	0008.854	0014.051	0001.635	0003.873	0000.126	0001.775	0006.726	0000.109	0009.061	30.187729	-91.985740
28/09/2022 19:26:05.000	7.688	0008.853	0014.054	0001.635	0003.813	0000.126	0001.838	0006.723	0000.109	0009.060	30.187729	-91.985741
28/09/2022 19:26:05.000	8.250	0008.852	0014.053	0001.540	0003.819	0000.126	0001.813	0006.721	0000.109	0009.059	30.187729	-91.985741
28/09/2022 19:26:06.000	8.000	0008.853	0014.052	0001.630	0003.816	0000.126	0001.813	0006.740	0000.109	0009.060	30.187729	-91.985742
28/09/2022 19:26:06.000	7.625	0008.855	0014.054	0001.625	0003.833	0000.126	0001.825	0006.724	0000.109	0009.062	30.187729	-91.985742
28/09/2022 19:26:06.000	7.563	0008.858	0014.052	0001.625	0003.787	0000.128	0001.863	0006.734	0000.111	0009.066	30.187729	-91.985742
28/09/2022 19:26:06.000	7.625	0008.861	0014.054	0001.620	0003.794	0000.126	0001.825	0006.730	0000.109	0009.069	30.187729	-91.985742
28/09/2022 19:26:07.000	7.625	0008.862	0014.050	0001.635	0003.801	0000.126	0001.925	0006.728	0000.109	0009.070	30.187729	-91.985743
28/09/2022 19:26:07.000	8.000	0008.860	0014.050	0001.635	0003.821	0000.126	0001.800	0006.737	0000.109	0009.068	30.187729	-91.985743
28/09/2022 19:26:07.000	8.938	0008.850	0014.049	0001.635	0003.761	0000.126	0001.913	0006.737	0000.109	0009.057	30.187729	-91.985744
28/09/2022 19:26:07.000	7.750	0008.846	0014.048	0001.630	0003.804	0000.126	0001.838	0006.734	0000.109	0009.053	30.187729	-91.985744
28/09/2022 19:26:08.000	7.813	0008.845	0014.048	0001.635	0003.770	0000.126	0001.838	0006.745	0000.109	0009.052	30.187730	-91.985745
28/09/2022 19:26:08.000	7.750	0008.852	0014.046	0001.620	0003.775	0000.128	0001.938	0006.746	0000.111	0009.059	30.187730	-91.985745
28/09/2022 19:26:08.000	7.625	0008.861	0014.039	0001.625	0003.749	0000.128	0001.838	0006.744	0000.111	0009.069	30.187730	-91.985745
28/09/2022 19:26:08.000	7.750	0008.865	0014.038	0001.620	0003.732	0000.128	0001.838	0006.750	0000.111	0009.073	30.187730	-91.985745
28/09/2022 19:26:09.000	7.563	0008.862	0014.039	0001.620	0003.704	0000.128	0001.813	0006.753	0000.111	0009.070	30.187730	-91.985746
28/09/2022 19:26:09.000	7.563	0008.853	0014.041	0001.590	0003.788	0000.126	0001.900	0006.746	0000.109	0009.060	30.187730	-91.985746
28/09/2022 19:26:09.000	7.875	0008.849	0014.039	0001.625	0003.722	0000.128	0001.888	0006.755	0000.111	0009.056	30.187730	-91.985747
28/09/2022 19:26:09.000	8.063	0008.850	0014.038	0001.620	0003.792	0000.126	0001.838	0006.763	0000.109	0009.057	30.187730	-91.985747
28/09/2022 19:26:10.000	7.813	0008.857	0014.037	0001.620	0003.758	0000.126	0001.850	0006.756	0000.109	0009.065	30.187730	-91.985748
28/09/2022 19:26:10.000	7.625	0008.859	0014.031	0001.620	0003.737	0000.126	0001.838	0006.762	0000.109	0009.067	30.187730	-91.985748
28/09/2022 19:26:10.000	7.688	0008.856	0014.029	0001.610	0003.788	0000.126	0001.813	0006.757	0000.109	0009.063	30.187730	-91.985748
28/09/2022 19:26:10.000	7.688	0008.846	0014.031	0001.615	0003.751	0000.126	0001.838	0006.765	0000.109	0009.053	30.187730	-91.985748
28/09/2022 19:26:11.000	7.625	0008.846	0014.034	0001.615	0003.753	0000.126	0001.775	0006.769	0000.109	0009.053	30.187730	-91.985749
28/09/2022 19:26:11.000	7.625	0008.855	0014.035	0001.615	0003.735	0000.126	0001.863	0006.766	0000.109	0009.062	30.187730	-91.985749
28/09/2022 19:26:11.000	7.750	0008.865	0014.034	0001.615	0003.725	0000.126	0001.788	0006.776	0000.109	0009.073	30.187730	-91.985749
28/09/2022 19:26:11.000	7.625	0008.870	0014.031	0001.605	0003.675	0000.126	0001.825	0006.777	0000.109	0009.078	30.187731	-91.985750
28/09/2022 19:26:12.000	7.625	0008.869	0014.030	0001.600	0003.728	0000.126	0001.800	0006.777	0000.109	0009.077	30.187731	-91.985750
28/09/2022 19:26:12.000	7.688	0008.856	0014.028	0001.600	0003.778	0000.126	0001.813	0006.784	0000.109	0009.063	30.187731	-91.985750
28/09/2022 19:26:12.000	7.750	0008.848	0014.029	0001.600	0003.672	0000.126	0001.838	0006.788	0000.109	0009.055	30.187731	-91.985751
28/09/2022 19:26:12.000	7.688	0008.845	0014.026	0001.590	0003.688	0000.126	0001.888	0006.780	0000.109	0009.052	30.187731	-91.985751
28/09/2022 19:26:13.000	8.313	0008.846	0014.025	0001.590	0003.757	0000.124	0001.850	0006.792	0000.107	0009.053	30.187731	-91.985752
28/09/2022 19:26:13.000	7.750	0008.856	0014.023	0001.600	0003.684	0000.124	0001.838	0006.799	0000.107	0009.063	30.187731	-91.985752
28/09/2022 19:26:13.000	7.875	0008.860	0014.024	0001.595	0003.714	0000.126	0001.863	0006.798	0000.109	0009.068	30.187731	-91.985752
28/09/2022 19:26:13.000	8.000	0008.862	0014.024	0001.600	0003.625	0000.126	0001.813	0006.809	0000.109	0009.070	30.187731	-91.985753
28/09/2022 19:26:14.000	7.688	0008.863	0014.026	0001.600	0003.664	0000.126	0001.825	0006.811	0000.109	0009.071	30.187731	-91.985753
28/09/2022 19:26:14.000	7.813	0008.862	0014.020	0001.600	0003.669	0000.126	0001.838	0006.802	0000.109	0009.070	30.187731	-91.985753
28/09/2022 19:26:14.000	7.875	0008.860	0014.018	0001.600	0003.717	0000.126	0001.825	0006.805	0000.109	0009.068	30.187731	-91.985754
28/09/2022 19:26:14.000	7.625	0008.858	0014.018	0001.600	0003.660	0000.126	0001.813	0006.814	0000.109	0009.066	30.187731	-91.985754
28/09/2022 19:26:15.000	7.563	0008.856	0014.018	0001.595	0003.653	0000.126	0001.925	0006.813	0000.109	0009.063	30.187731	-91.985755
28/09/2022 19:26:15.000	8.750	0008.856	0014.020	0001.590	0003.719	0000.124	0001.888	0006.815	0000.107	0009.063	30.187731	-91.985755
28/09/2022 19:26:15.000	7.875	0008.856	0014.018	0001.590	0003.610	0000.126	0001.800	0006.823	0000.109	0009.063	30.187731	-91.985755
28/09/2022 19:26:15.000	7.500	0008.857	0014.018	0001.595	0003.640	0000.126	0001.763	0006.825	0000.109	0009.065	30.187731	-91.985755
28/09/2022 19:26:16.000	7.500	0008.858	0014.017	0001.595	0003.644	0000.126	0001.875	0006.825	0000.109	0009.066	30.187731	-91.985756
28/09/2022 19:26:16.000	7.500	0008.857	0014.016	0001.595	0003.605	0000.128	0001.800	0006.828	0000.111	0009.065	30.187731	-91.985756
28/09/2022 19:26:16.000	7.625	0008.856	0014.015	0001.590	0003.642	0000.128	0001.788	0006.834	0000.111	0009.063	30.187731	-91.985757
28/09/2022 19:26:16.000	7.500	0008.856	0014.016	0001.595	0003.601	0000.124	0001.813	0006.836	0000.107	0009.063	30.187731	-91.985757
28/09/2022 19:26:17.000	7.375	0008.859	0014.013	0001.595	0003.619	0000.126	0001.963	0006.844	0000.109	0009.067	30.187731	-91.985757
28/09/2022 19:26:17.000	7.438	0008.863	0014.014	0001.595	0003.622	0000.126	0001.938	0006.842	0000.109	0009.071	30.187731	-91.985758
28/09/2022 19:26:17.000	7.438	0008.864	0014.013	0001.605	0003.666	0000.126	0001.875	0006.845	0000.109	0009.072	30.187731	-91.985758
28/09/2022 19:26:17.000	8.250	0008.863	0014.013	0001.605	0003.672	0000.124	0001.800	0006.842	0000.107	0009.071	30.187731	-91.985758
28/09/2022 19:26:18.000	7.750	0008.861	0014.013	0001.600	0003.675	0000.126	0001.775	0006.845	0000.109	0009.069	30.187731	-91.985759
28/09/2022 19:26:18.000	7.438	0008.860	0014.013	0001.600	0003.613	0000.124	0001.813	0006.849	0000.107	0009.068	30.187731	-91.985759
28/09/2022 19:26:18.000	7.500	0008.859	0014.012	0001.600	0003.592	0000.126	0001.838	0006.854	0000.109	0009.067	30.187731	-91.985760
28/09/2022 19:26:18.000	7.563	0008.860	0014.015	0001.605	0003.606	0000.124	0001.838	0006.856	0000.107	0009.068	30.187731	-91.985760
28/09/2022 19:26:19.000	7.500	0008.860	0014.014	0001.600	0003.588	0000.126	0001.813	0006.863	0000.109	0009.068	30.187731	-91.985761
28/09/2022 19:26:19.000	7.500	0008.860	0014.016	0001.600	0003.648	0000.126	0001.925	0006.864	0000.109	0009.068	30.187731	-91.985761
28/09/2022 19:26:19.000	7.563	0008.859	0014.017	0001.600	0003.598	0000.128	0001.888	0006.863	0000.111	0009.067	30.187731	-91.985761
28/09/2022 19:26:19.000	7.875	0008.859	0014.019	0001.610	0003.636	0000.124	0001.875	0006.864	0000.107	0009.067	30.187731	-91.985762
28/09/2022 19:26:20.000	7.750	0008.860	0014.021	0001.605	0003.598	0000.126	0001.738	0006.873	0000.109	0009.068	30.187731	-91.985762
28/09/2022 19:26:20.000	7.438	0008.864	0014.021	0001.605	0003.623	0000.126	0001.813	0006.875	0000.109	0009.072	30.187731	-91.985762
28/09/2022 19:26:20.000	7.438	0008.866	0014.022	0001.605	0003.586	0000.128	0001.838	0006.878	0000.111	0009.074	30.187731	-91.985763
28/09/2022 19:26:20.000	7.313	0008.866	0014.024	0001.605	0003.566	0000.126	0001.838	0006.882	0000.109	0009.074	30.187731	-91.985763
28/09/2022 19:26:21.000	7.500	0008.864	0014.024	0001.600	0003.596	0000.126	0001.850	0006.877	0000.109	0009.072	30.187731	-91.985764
28/09/2022 19:26:21.000	7.438	0008.857	0014.027	0001.600	0003.572	0000.126	0001.813	0006.880	0000.109	0009.065	30.187731	-91.985764
28/09/2022 19:26:21.000	7.500	0008.855	0014.025	0001.600	0003.589	0000.124	0001.800	0006.889	0000.107	0009.062	30.187731	-91.985764
28/09/2022 19:26:21.000	7.500	0008.856	0014.025	0001.605	0003.652	0000.126	0001.888	0006.902	0000.109	0009.063	30.187731	-91.985765
28/09/2022 19:26:22.000	7.438	0008.862	0014.027	0001.605	0003.575	0000.126	0001.863	0006.939	0000.109	0009.070	30.187731	-91.985765
28/09/2022 19:26:22.000	7.500	0008.889	0014.028	0001.605	0003.555	0000.126	0001.913	0006.947	0000.109	0009.097	30.187731	-91.985765
28/09/2022 19:26:22.000	7.438	0008.903	0014.026	0001.600	0003.517	0000.128	0001.913	0006.939	0000.111	0009.112	30.187731	-91.985766
28/09/2022 19:26:22.000	7.500	0008.911	0014.025	0001.590	0003.611	0000.126	0001.888	0006.946	0000.109	0009.120	30.187731	-91.985766
28/09/2022 19:26:23.000	7.438	0008.935	0014.025	0001.595	0003.463	0000.126	0001.838	0006.926	0000.109	0009.144	30.187731	-91.985766
28/09/2022 19:26:23.000	7.625	0008.953	0014.023	0001.595	0003.468	0000.126	0001.950	0006.915	0000.109	0009.163	30.187731	-91.985767
28/09/2022 19:26:23.000	7.625	0008.979	0014.019	0001.600	0003.455	0000.126	0001.850	0006.920	0000.109	0009.189	30.187731	-91.985767
28/09/2022 19:26:23.000	7.875	0009.003	0014.016	0001.590	0003.407	0000.126	0001.888	0006.915	0000.109	0009.214	30.187731	-91.985767
28/09/2022 19:26:24.000	7.875	0009.029	0014.007	0001.595	0003.358	0000.126	0001.813	0006.909	0000.109	0009.241	30.187731	-91.985768
28/09/2022 19:26:24.000	9.688	0009.054	0013.992	0001.600	0003.335	0000.126	0001.863	0006.903	0000.109	0009.266	30.187731	-91.985768
28/09/2022 19:26:24.000	8.375	0009.074	0013.978	0001.595	0003.381	0000.126	0002.013	0006.905	0000.109	0009.287	30.187731	-91.985769
28/09/2022 19:26:24.000	8.375	0009.097	0013.961	0001.600	0003.284	0000.126	0001.913	0006.896	0000.109	0009.310	30.187731	-91.985769
28/09/2022 19:26:25.000	8.188	0009.116	0013.939	0001.595	0003.310	0000.126	0001.863	0006.892	0000.109	0009.330	30.187731	-91.985769
28/09/2022 19:26:25.000	8.563	0009.137	0013.919	0001.590	0003.223	0000.128	0001.913	0006.891	0000.111	0009.351	30.187731	-91.985770
28/09/2022 19:26:25.000	8.688	0009.163	0013.898	0001.600	0003.217	0000.128	0001.863	0006.898	0000.111	0009.378	30.187731	-91.985770
28/09/2022 19:26:25.000	8.250	0009.191	0013.882	0001.600	0003.267	0000.126	0001.850	0006.895	0000.109	0009.406	30.187731	-91.985770
28/09/2022 19:26:26.000	8.313	0009.214	0013.865	0001.600	0003.159	0000.126	0001.825	0006.896	0000.109	0009.430	30.187731	-91.985771
28/09/2022 19:26:26.000	8.313	0009.239	0013.848	0001.600	0003.155	0000.126	0001.838	0006.901	0000.109	0009.455	30.187731	-91.985771
28/09/2022 19:26:26.000	8.250	0009.258	0013.828	0001.600	0003.095	0000.126	0001.800	0006.906	0000.109	0009.475	30.187731	-91.985772
28/09/2022 19:26:26.000	8.313	0009.280	0013.809	0001.605	0003.080	0000.128	0001.863	0006.882	0000.111	0009.497	30.187731	-91.985772
28/09/2022 19:26:27.000	8.313	0009.297	0013.791	0001.595	0003.121	0000.128	0001.838	0006.883	0000.111	0009.515	30.187731	-91.985773
28/09/2022 19:26:27.000	8.188	0009.322	0013.770	0001.600	0003.024	0000.128	0001.813	0006.892	0000.111	0009.540	30.187731	-91.985773
28/09/2022 19:26:27.000	8.188	0009.345	0013.758	0001.600	0003.014	0000.128	0001.800	0006.891	0000.111	0009.564	30.187731	-91.985773
28/09/2022 19:26:27.000	8.250	0009.369	0013.738	0001.600	0002.969	0000.126	0001.800	0006.891	0000.109	0009.589	30.187731	-91.985773
28/09/2022 19:26:28.000	8.125	0009.395	0013.721	0001.605	0002.930	0000.126	0001.900	0006.898	0000.109	0009.615	30.187731	-91.985774
28/09/2022 19:26:28.000	8.125	0009.420	0013.705	0001.610	0002.908	0000.128	0001.838	0006.901	0000.111	0009.641	30.187731	-91.985774
28/09/2022 19:26:28.000	8.125	0009.443	0013.688	0001.605	0002.862	0000.130	0001.875	0006.897	0000.113	0009.664	30.187731	-91.985775
28/09/2022 19:26:28.000	8.188	0009.467	0013.669	0001.605	0002.832	0000.128	0001.813	0006.896	0000.111	0009.689	30.187731	-91.985775
28/09/2022 19:26:29.000	9.188	0009.488	0013.648	0001.610	0002.829	0000.128	0001.838	0006.899	0000.111	0009.710	30.187731	-91.985775
28/09/2022 19:26:29.000	8.188	0009.510	0013.632	0001.600	0002.770	0000.128	0001.825	0006.903	0000.111	0009.733	30.187731	-91.985776
28/09/2022 19:26:29.000	8.063	0009.533	0013.614	0001.600	0002.842	0000.128	0001.813	0006.894	0000.111	0009.756	30.187731	-91.985776
28/09/2022 19:26:29.000	8.063	0009.559	0013.598	0001.600	0002.735	0000.126	0001.850	0006.905	0000.109	0009.783	30.187731	-91.985776
28/09/2022 19:26:30.000	7.875	0009.586	0013.574	0001.595	0002.698	0000.128	0001.838	0006.901	0000.111	0009.811	30.187730	-91.985777
28/09/2022 19:26:30.000	7.750	0009.614	0013.552	0001.605	0002.654	0000.126	0001.838	0006.895	0000.109	0009.839	30.187730	-91.985777
28/09/2022 19:26:30.000	7.875	0009.636	0013.533	0001.610	0002.620	0000.128	0001.850	0006.906	0000.111	0009.862	30.187730	-91.985778
28/09/2022 19:26:30.000	7.938	0009.664	0013.512	0001.605	0002.608	0000.128	0001.900	0006.894	0000.111	0009.890	30.187730	-91.985778
28/09/2022 19:26:31.000	7.813	0009.688	0013.491	0001.610	0002.597	0000.128	0001.875	0006.890	0000.111	0009.915	30.187730	-91.985779
28/09/2022 19:26:31.000	7.875	0009.708	0013.469	0001.605	0002.537	0000.126	0001.888	0006.891	0000.109	0009.935	30.187730	-91.985779
28/09/2022 19:26:31.000	7.750	0009.732	0013.447	0001.610	0002.535	0000.126	0001.888	0006.893	0000.109	0009.960	30.187730	-91.985779
28/09/2022 19:26:31.000	7.813	0009.755	0013.425	0001.615	0002.526	0000.128	0001.863	0006.894	0000.111	0009.984	30.187730	-91.985780
28/09/2022 19:26:32.000	7.750	0009.780	0013.413	0001.615	0002.493	0000.128	0001.813	0006.890	0000.111	0010.009	30.187730	-91.985780
28/09/2022 19:26:32.000	7.813	0009.805	0013.390	0001.610	0002.461	0000.126	0001.888	0006.894	0000.109	0010.035	30.187730	-91.985780
28/09/2022 19:26:32.000	7.750	0009.839	0013.376	0001.600	0002.431	0000.128	0001.800	0006.882	0000.111	0010.070	30.187730	-91.985781
28/09/2022 19:26:32.000	7.688	0009.865	0013.357	0001.620	0002.396	0000.128	0001.813	0006.886	0000.111	0010.096	30.187730	-91.985781
28/09/2022 19:26:33.000	7.688	0009.888	0013.342	0001.610	0002.366	0000.128	0001.825	0006.892	0000.111	0010.120	30.187729	-91.985782
28/09/2022 19:26:33.000	7.500	0009.911	0013.326	0001.615	0002.349	0000.130	0001.775	0006.885	0000.113	0010.143	30.187729	-91.985782
28/09/2022 19:26:33.000	7.438	0009.926	0013.312	0001.610	0002.333	0000.130	0001.775	0006.882	0000.113	0010.159	30.187729	-91.985783
28/09/2022 19:26:33.000	7.625	0009.942	0013.296	0001.610	0002.320	0000.128	0001.788	0006.878	0000.111	0010.175	30.187729	-91.985783
28/09/2022 19:26:34.000	7.625	0009.969	0013.275	0001.605	0002.258	0000.130	0001.863	0006.886	0000.113	0010.203	30.187729	-91.985783
28/09/2022 19:26:34.000	7.500	0010.000	0013.253	0001.605	0002.266	0000.130	0001.988	0006.883	0000.113	0010.234	30.187729	-91.985784
28/09/2022 19:26:34.000	7.375	0010.038	0013.233	0001.600	0002.220	0000.128	0001.813	0006.882	0000.111	0010.273	30.187729	-91.985784
28/09/2022 19:26:34.000	7.500	0010.061	0013.211	0001.600	0002.149	0000.130	0001.800	0006.889	0000.113	0010.297	30.187729	-91.985784
28/09/2022 19:26:35.000	7.750	0010.081	0013.191	0001.610	0002.120	0000.130	0001.813	0006.880	0000.113	0010.317	30.187729	-91.985785
28/09/2022 19:26:35.000	7.313	0010.094	0013.174	0001.620	0002.149	0000.128	0001.800	0006.870	0000.111	0010.331	30.187728	-91.985785
28/09/2022 19:26:35.000	7.188	0010.111	0013.156	0001.615	0002.115	0000.130	0001.750	0006.860	0000.113	0010.348	30.187728	-91.985786
28/09/2022 19:26:35.000	7.188	0010.134	0013.142	0001.615	0002.123	0000.128	0001.788	0006.866	0000.111	0010.371	30.187728	-91.985786
28/09/2022 19:26:36.000	7.188	0010.161	0013.129	0001.605	0002.050	0000.128	0001.813	0006.865	0000.111	0010.399	30.187728	-91.985787
28/09/2022 19:26:36.000	7.125	0010.189	0013.116	0001.605	0002.093	0000.130	0001.850	0006.879	0000.113	0010.428	30.187728	-91.985787
28/09/2022 19:26:36.000	7.250	0010.220	0013.098	0001.610	0001.965	0000.130	0001.838	0006.888	0000.113	0010.459	30.187728	-91.985787
28/09/2022 19:26:36.000	8.188	0010.244	0013.083	0001.600	0001.975	0000.128	0001.850	0006.879	0000.111	0010.484	30.187728	-91.985788
28/09/2022 19:26:37.000	7.375	0010.269	0013.070	0001.600	0001.979	0000.130	0001.800	0006.869	0000.113	0010.510	30.187727	-91.985788
28/09/2022 19:26:37.000	7.188	0010.289	0013.061	0001.595	0001.948	0000.130	0001.813	0006.879	0000.113	0010.530	30.187727	-91.985789
28/09/2022 19:26:37.000	7.500	0010.311	0013.053	0001.600	0001.893	0000.132	0001.838	0006.887	0000.115	0010.553	30.187727	-91.985789
28/09/2022 19:26:37.000	7.375	0010.331	0013.045	0001.600	0001.826	0000.130	0001.863	0006.878	0000.113	0010.573	30.187727	-91.985789
28/09/2022 19:26:38.000	7.500	0010.350	0013.041	0001.595	0001.853	0000.132	0001.838	0006.873	0000.115	0010.592	30.187727	-91.985790
28/09/2022 19:26:38.000	7.625	0010.374	0013.034	0001.600	0001.814	0000.130	0001.800	0006.887	0000.113	0010.617	30.187727	-91.985790
28/09/2022 19:26:38.000	7.438	0010.397	0013.024	0001.605	0001.772	0000.132	0001.775	0006.885	0000.115	0010.641	30.187727	-91.985791
28/09/2022 19:26:38.000	7.875	0010.416	0013.013	0001.605	0001.735	0000.132	0001.850	0006.891	0000.115	0010.660	30.187726	-91.985791
28/09/2022 19:26:39.000	7.313	0010.446	0013.002	0001.605	0001.679	0000.132	0001.863	0006.923	0000.115	0010.691	30.187726	-91.985792
28/09/2022 19:26:39.000	7.188	0010.472	0012.988	0001.605	0001.753	0000.134	0001.863	0006.933	0000.116	0010.717	30.187726	-91.985792
28/09/2022 19:26:39.000	7.438	0010.500	0012.978	0001.525	0001.656	0000.134	0001.813	0006.950	0000.116	0010.746	30.187726	-91.985792
28/09/2022 19:26:39.000	7.438	0010.527	0012.968	0001.595	0001.592	0000.134	0001.850	0006.966	0000.116	0010.774	30.187726	-91.985792
28/09/2022 19:26:40.000	7.188	0010.552	0012.955	0001.600	0001.560	0000.134	0001.800	0006.946	0000.116	0010.799	30.187725	-91.985793
28/09/2022 19:26:40.000	7.125	0010.570	0012.946	0001.600	0001.570	0000.134	0001.800	0006.941	0000.116	0010.818	30.187725	-91.985794
28/09/2022 19:26:40.000	7.500	0010.583	0012.938	0001.605	0001.611	0000.134	0001.775	0006.940	0000.116	0010.831	30.187725	-91.985794
28/09/2022 19:26:40.000	7.188	0010.600	0012.930	0001.595	0001.511	0000.134	0001.863	0006.936	0000.116	0010.848	30.187725	-91.985794
28/09/2022 19:26:41.000	7.063	0010.623	0012.921	0001.600	0001.486	0000.136	0001.800	0006.940	0000.118	0010.872	30.187725	-91.985795
28/09/2022 19:26:41.000	8.063	0010.656	0012.910	0001.600	0001.485	0000.134	0001.863	0006.949	0000.116	0010.906	30.187725	-91.985795
28/09/2022 19:26:41.000	7.250	0010.692	0012.898	0001.600	0001.420	0000.136	0001.800	0006.966	0000.118	0010.943	30.187725	-91.985795
28/09/2022 19:26:41.000	7.188	0010.722	0012.887	0001.600	0001.452	0000.134	0001.750	0006.988	0000.116	0010.973	30.187724	-91.985796
28/09/2022 19:26:42.000	7.000	0010.744	0012.873	0001.610	0001.385	0000.134	0001.800	0006.986	0000.116	0010.996	30.187724	-91.985796
28/09/2022 19:26:42.000	7.188	0010.763	0012.862	0001.605	0001.325	0000.134	0001.775	0006.958	0000.116	0011.015	30.187724	-91.985797
28/09/2022 19:26:42.000	7.000	0010.783	0012.849	0001.605	0001.286	0000.134	0001.800	0006.970	0000.116	0011.036	30.187724	-91.985797
28/09/2022 19:26:42.000	7.750	0010.806	0012.843	0001.610	0001.288	0000.134	0001.800	0006.972	0000.116	0011.059	30.187724	-91.985797
28/09/2022 19:26:43.000	6.875	0010.827	0012.836	0001.525	0001.254	0000.134	0001.763	0006.977	0000.116	0011.081	30.187723	-91.985798
28/09/2022 19:26:43.000	6.938	0010.851	0012.829	0001.590	0001.256	0000.134	0001.800	0006.995	0000.116	0011.105	30.187723	-91.985799
28/09/2022 19:26:43.000	7.375	0010.872	0012.818	0001.600	0001.210	0000.134	0001.788	0006.994	0000.116	0011.127	30.187723	-91.985799
28/09/2022 19:26:43.000	7.063	0010.892	0012.811	0001.600	0001.144	0000.134	0002.100	0006.988	0000.116	0011.147	30.187723	-91.985799
28/09/2022 19:26:44.000	7.063	0010.920	0012.801	0001.600	0001.155	0000.134	0002.838	0006.990	0000.116	0011.176	30.187723	-91.985800
28/09/2022 19:26:44.000	6.938	0010.942	0012.795	0001.610	0001.124	0000.136	0002.100	0006.999	0000.118	0011.198	30.187722	-91.985800
28/09/2022 19:26:44.000	6.938	0010.940	0012.791	0001.600	0001.105	0000.136	0001.838	0006.998	0000.118	0011.196	30.187722	-91.985800
28/09/2022 19:26:44.000	7.188	0010.967	0012.787	0001.600	0001.161	0000.134	0001.813	0007.007	0000.116	0011.224	30.187722	-91.985801
28/09/2022 19:26:45.000	6.938	0010.984	0012.783	0001.600	0001.085	0000.134	0001.800	0007.007	0000.116	0011.241	30.187722	-91.985801
28/09/2022 19:26:45.000	6.938	0010.991	0012.780	0001.605	0001.049	0000.136	0001.800	0007.000	0000.118	0011.249	30.187722	-91.985802
28/09/2022 19:26:45.000	6.875	0011.005	0012.774	0001.600	0001.048	0000.136	0001.800	0007.001	0000.118	0011.263	30.187722	-91.985802
28/09/2022 19:26:45.000	7.375	0011.007	0012.771	0001.600	0001.013	0000.136	0001.800	0006.994	0000.118	0011.265	30.187721	-91.985803
28/09/2022 19:26:46.000	7.000	0011.002	0012.769	0001.600	0001.056	0000.136	0001.788	0006.989	0000.118	0011.260	30.187721	-91.985803
28/09/2022 19:26:46.000	6.813	0011.025	0012.768	0001.600	0001.035	0000.136	0001.800	0006.986	0000.118	0011.283	30.187721	-91.985804
28/09/2022 19:26:46.000	6.813	0011.053	0012.763	0001.560	0000.984	0000.134	0001.863	0006.973	0000.116	0011.312	30.187720	-91.985804
28/09/2022 19:26:46.000	6.750	0011.080	0012.756	0001.585	0000.912	0000.134	0001.750	0006.999	0000.116	0011.340	30.187720	-91.985804
28/09/2022 19:26:47.000	6.750	0011.101	0012.752	0001.590	0000.920	0000.134	0001.800	0007.034	0000.116	0011.361	30.187720	-91.985805
28/09/2022 19:26:47.000	6.813	0011.058	0012.747	0001.595	0000.874	0000.134	0001.788	0007.026	0000.116	0011.317	30.187720	-91.985805
28/09/2022 19:26:47.000	6.938	0010.953	0012.749	0001.590	0001.018	0000.136	0001.838	0007.019	0000.118	0011.210	30.187720	-91.985806
28/09/2022 19:26:47.000	6.563	0010.842	0012.753	0001.580	0001.075	0000.134	0001.838	0007.023	0000.116	0011.096	30.187720	-91.985806
28/09/2022 19:26:48.000	6.625	0010.742	0012.762	0001.580	0001.179	0000.134	0001.788	0007.019	0000.116	0010.994	30.187719	-91.985807
28/09/2022 19:26:48.000	6.563	0010.646	0012.768	0001.580	0001.289	0000.136	0001.813	0007.023	0000.118	0010.895	30.187719	-91.985807
28/09/2022 19:26:48.000	6.750	0010.550	0012.770	0001.580	0001.397	0000.134	0001.775	0007.016	0000.116	0010.797	30.187719	-91.985807
28/09/2022 19:26:48.000	6.688	0010.466	0012.770	0001.575	0001.500	0000.134	0001.800	0006.980	0000.116	0010.711	30.187719	-91.985807
28/09/2022 19:26:49.000	6.625	0010.376	0012.769	0001.570	0001.583	0000.134	0001.825	0007.042	0000.116	0010.619	30.187718	-91.985808
28/09/2022 19:26:49.000	6.688	0010.278	0012.772	0001.570	0001.716	0000.134	0001.763	0007.018	0000.116	0010.519	30.187718	-91.985808
28/09/2022 19:26:49.000	6.750	0010.187	0012.776	0001.570	0001.736	0000.134	0001.813	0007.034	0000.116	0010.426	30.187718	-91.985809
28/09/2022 19:26:49.000	6.625	0010.093	0012.781	0001.565	0001.865	0000.134	0001.763	0007.064	0000.116	0010.329	30.187718	-91.985809
28/09/2022 19:26:50.000	6.750	0009.996	0012.788	0001.535	0001.939	0000.136	0001.838	0007.069	0000.118	0010.230	30.187717	-91.985810
28/09/2022 19:26:50.000	6.750	0009.901	0012.796	0001.550	0002.049	0000.134	0001.800	0007.063	0000.116	0010.133	30.187717	-91.985810
28/09/2022 19:26:50.000	6.750	0009.805	0012.805	0001.555	0002.141	0000.134	0001.850	0007.052	0000.116	0010.035	30.187717	-91.985810
28/09/2022 19:26:50.000	6.813	0009.720	0012.814	0001.550	0002.234	0000.134	0001.813	0007.032	0000.116	0009.948	30.187717	-91.985811
28/09/2022 19:26:51.000	6.875	0009.628	0012.825	0001.560	0002.380	0000.134	0001.800	0007.019	0000.116	0009.854	30.187716	-91.985811
28/09/2022 19:26:51.000	6.813	0009.535	0012.836	0001.550	0002.390	0000.132	0001.825	0006.976	0000.115	0009.758	30.187716	-91.985811
28/09/2022 19:26:51.000	6.813	0009.441	0012.860	0001.545	0002.531	0000.132	0001.863	0006.956	0000.115	0009.662	30.187716	-91.985812
28/09/2022 19:26:51.000	6.938	0009.348	0012.893	0001.545	0002.635	0000.134	0001.888	0006.952	0000.116	0009.567	30.187716	-91.985812
28/09/2022 19:26:52.000	6.938	0009.259	0012.925	0001.540	0002.720	0000.134	0001.825	0006.955	0000.116	0009.476	30.187715	-91.985813
28/09/2022 19:26:52.000	7.063	0009.172	0012.953	0001.545	0002.789	0000.130	0001.838	0006.969	0000.113	0009.387	30.187715	-91.985813
28/09/2022 19:26:52.000	7.063	0009.078	0012.969	0001.545	0002.854	0000.132	0001.863	0006.970	0000.115	0009.291	30.187715	-91.985813
28/09/2022 19:26:52.000	7.063	0008.983	0012.984	0001.550	0002.947	0000.132	0001.838	0006.989	0000.115	0009.193	30.187715	-91.985813
28/09/2022 19:26:53.000	7.188	0008.883	0012.996	0001.545	0003.050	0000.134	0001.813	0007.009	0000.116	0009.091	30.187714	-91.985814
28/09/2022 19:26:53.000	7.063	0008.786	0013.019	0001.550	0003.236	0000.134	0001.825	0006.991	0000.116	0008.992	30.187714	-91.985814
28/09/2022 19:26:53.000	7.188	0008.703	0013.064	0001.535	0003.300	0000.132	0001.975	0007.021	0000.115	0008.907	30.187714	-91.985815
28/09/2022 19:26:53.000	7.375	0008.607	0013.096	0001.545	0003.377	0000.132	0001.888	0007.039	0000.115	0008.809	30.187714	-91.985815
28/09/2022 19:26:54.000	7.438	0008.512	0013.138	0001.540	0003.455	0000.132	0001.850	0007.039	0000.115	0008.711	30.187713	-91.985815
28/09/2022 19:26:54.000	7.438	0008.419	0013.204	0001.535	0003.556	0000.128	0001.875	0007.053	0000.111	0008.616	30.187713	-91.985816
28/09/2022 19:26:54.000	7.500	0008.319	0013.262	0001.535	0003.598	0000.128	0001.863	0007.060	0000.111	0008.514	30.187713	-91.985816
28/09/2022 19:26:54.000	7.500	0008.221	0013.310	0001.550	0003.662	0000.128	0001.888	0007.033	0000.111	0008.414	30.187713	-91.985816
28/09/2022 19:26:55.000	7.438	0008.133	0013.332	0001.565	0003.742	0000.128	0001.863	0007.059	0000.111	0008.324	30.187712	-91.985817
28/09/2022 19:26:55.000	7.500	0008.042	0013.347	0001.565	0003.872	0000.128	0001.888	0007.062	0000.111	0008.230	30.187712	-91.985817
28/09/2022 19:26:55.000	7.500	0007.954	0013.361	0001.560	0003.885	0000.128	0001.800	0007.077	0000.111	0008.140	30.187712	-91.985817
28/09/2022 19:26:55.000	7.625	0007.865	0013.381	0001.560	0004.045	0000.128	0001.838	0007.064	0000.111	0008.049	30.187711	-91.985818
28/09/2022 19:26:56.000	7.875	0007.755	0013.424	0001.535	0004.101	0000.130	0001.825	0007.047	0000.113	0007.937	30.187711	-91.985818
28/09/2022 19:26:56.000	7.688	0007.673	0013.440	0001.535	0004.203	0000.130	0001.838	0007.082	0000.113	0007.853	30.187711	-91.985818
28/09/2022 19:26:56.000	7.813	0007.575	0013.470	0001.535	0004.348	0000.130	0001.863	0007.075	0000.113	0007.752	30.187710	-91.985819
28/09/2022 19:26:56.000	7.688	0007.473	0013.558	0001.535	0004.412	0000.130	0002.000	0007.031	0000.113	0007.648	30.187710	-91.985819
28/09/2022 19:26:57.000	7.875	0007.381	0013.639	0001.515	0004.578	0000.130	0001.850	0007.074	0000.113	0007.554	30.187710	-91.985820
28/09/2022 19:26:57.000	7.875	0007.283	0013.710	0001.510	0004.686	0000.128	0001.813	0007.088	0000.111	0007.454	30.187709	-91.985820
28/09/2022 19:26:57.000	7.625	0007.192	0013.804	0001.520	0004.775	0000.128	0001.838	0007.113	0000.111	0007.361	30.187709	-91.985820
28/09/2022 19:26:57.000	7.813	0007.090	0013.845	0001.520	0004.823	0000.128	0001.788	0007.105	0000.111	0007.256	30.187709	-91.985820
28/09/2022 19:26:58.000	7.438	0006.997	0013.867	0001.525	0004.903	0000.130	0001.763	0007.115	0000.113	0007.161	30.187708	-91.985821
28/09/2022 19:26:58.000	7.500	0006.908	0013.954	0001.530	0005.041	0000.128	0001.813	0007.109	0000.111	0007.070	30.187708	-91.985821
28/09/2022 19:26:58.000	7.188	0006.814	0014.127	0001.525	0005.133	0000.128	0001.800	0007.135	0000.111	0006.974	30.187708	-91.985821
28/09/2022 19:26:58.000	7.438	0006.721	0014.272	0001.525	0005.220	0000.128	0001.825	0007.149	0000.111	0006.878	30.187708	-91.985822
28/09/2022 19:26:59.000	7.188	0006.626	0014.387	0001.525	0005.310	0000.128	0001.838	0007.151	0000.111	0006.781	30.187707	-91.985822
28/09/2022 19:26:59.000	7.125	0006.541	0014.561	0001.530	0005.378	0000.128	0001.825	0007.142	0000.111	0006.694	30.187707	-91.985822
28/09/2022 19:26:59.000	7.000	0006.441	0014.729	0001.530	0005.523	0000.130	0001.825	0007.146	0000.113	0006.592	30.187707	-91.985823
28/09/2022 19:26:59.000	7.063	0006.351	0014.807	0001.535	0005.608	0000.128	0001.788	0007.180	0000.111	0006.500	30.187706	-91.985823
28/09/2022 19:27:00.000	7.063	0006.262	0014.843	0001.535	0005.573	0000.126	0001.838	0007.179	0000.109	0006.409	30.187706	-91.985823
28/09/2022 19:27:00.000	7.125	0006.158	0014.938	0001.530	0005.637	0000.128	0001.888	0007.182	0000.111	0006.302	30.187706	-91.985824
28/09/2022 19:27:00.000	7.063	0006.063	0015.034	0001.535	0005.911	0000.130	0001.813	0007.182	0000.113	0006.205	30.187706	-91.985824
28/09/2022 19:27:00.000	7.063	0005.975	0015.165	0001.535	0005.827	0000.130	0001.913	0007.194	0000.113	0006.115	30.187705	-91.985824
28/09/2022 19:27:01.000	7.438	0005.883	0015.512	0001.530	0005.911	0000.130	0001.913	0007.180	0000.113	0006.021	30.187705	-91.985825
28/09/2022 19:27:01.000	7.625	0005.788	0015.934	0001.525	0006.052	0000.130	0001.863	0007.194	0000.113	0005.924	30.187705	-91.985825
28/09/2022 19:27:01.000	7.438	0005.696	0016.306	0001.525	0006.138	0000.130	0001.913	0007.212	0000.113	0005.829	30.187704	-91.985825
28/09/2022 19:27:01.000	7.313	0005.594	0016.599	0001.585	0006.160	0000.130	0001.938	0007.217	0000.113	0005.725	30.187704	-91.985826
28/09/2022 19:27:02.000	7.313	0005.489	0016.819	0001.590	0006.528	0000.134	0002.000	0007.238	0000.116	0005.618	30.187703	-91.985826
28/09/2022 19:27:02.000	7.375	0005.390	0017.033	0001.590	0006.398	0000.134	0001.950	0007.272	0000.116	0005.516	30.187703	-91.985827
28/09/2022 19:27:02.000	7.750	0005.282	0017.245	0001.590	0006.500	0000.136	0001.950	0007.279	0000.118	0005.406	30.187703	-91.985827
28/09/2022 19:27:02.000	7.625	0005.198	0017.484	0001.585	0006.557	0000.134	0002.000	0007.308	0000.116	0005.320	30.187703	-91.985827
28/09/2022 19:27:03.000	8.000	0005.097	0017.375	0001.505	0006.697	0000.134	0002.000	0007.300	0000.116	0005.216	30.187702	-91.985827
28/09/2022 19:27:03.000	7.938	0005.018	0017.236	0001.505	0006.766	0000.134	0002.013	0007.299	0000.116	0005.136	30.187702	-91.985828
28/09/2022 19:27:03.000	8.188	0004.930	0017.358	0001.505	0006.941	0000.136	0002.112	0007.294	0000.118	0005.046	30.187702	-91.985828
28/09/2022 19:27:03.000	8.125	0004.829	0017.885	0001.500	0006.974	0000.136	0002.163	0007.311	0000.118	0004.942	30.187702	-91.985828
28/09/2022 19:27:04.000	8.000	0004.713	0018.307	0001.725	0006.992	0000.136	0002.125	0007.309	0000.118	0004.823	30.187701	-91.985829
28/09/2022 19:27:04.000	7.938	0004.619	0018.722	0001.720	0007.139	0000.136	0002.188	0007.329	0000.118	0004.727	30.187701	-91.985829
28/09/2022 19:27:04.000	7.563	0004.522	0019.094	0001.730	0007.216	0000.138	0002.150	0007.344	0000.120	0004.628	30.187700	-91.985829
28/09/2022 19:27:04.000	8.000	0004.418	0019.204	0001.725	0007.291	0000.138	0002.975	0007.356	0000.120	0004.522	30.187700	-91.985829
28/09/2022 19:27:05.000	8.250	0004.324	0019.336	0001.730	0007.452	0000.140	0003.388	0007.378	0000.122	0004.425	30.187700	-91.985830
28/09/2022 19:27:05.000	8.125	0004.243	0019.550	0001.525	0007.487	0000.140	0003.750	0007.377	0000.122	0004.342	30.187699	-91.985830
28/09/2022 19:27:05.000	8.188	0004.145	0019.800	0001.525	0007.622	0000.140	0003.975	0007.392	0000.122	0004.242	30.187699	-91.985830
28/09/2022 19:27:05.000	8.125	0004.057	0020.173	0001.525	0007.726	0000.140	0004.313	0007.423	0000.122	0004.152	30.187699	-91.985831
28/09/2022 19:27:06.000	7.938	0003.967	0020.625	0001.530	0007.694	0000.142	0004.225	0007.446	0000.124	0004.060	30.187698	-91.985831
28/09/2022 19:27:06.000	7.500	0003.869	0021.126	0001.555	0007.799	0000.142	0004.150	0007.435	0000.124	0003.960	30.187698	-91.985831
28/09/2022 19:27:06.000	7.188	0003.766	0021.629	0004.700	0007.928	0000.142	0003.963	0007.471	0000.124	0003.854	30.187698	-91.985832
28/09/2022 19:27:06.000	7.063	0003.662	0022.087	0004.705	0008.047	0000.140	0003.913	0007.485	0000.122	0003.748	30.187697	-91.985832
28/09/2022 19:27:07.000	6.938	0003.567	0022.613	0004.700	0008.122	0000.140	0004.088	0007.516	0000.122	0003.651	30.187697	-91.985832
28/09/2022 19:27:07.000	7.188	0003.475	0023.169	0004.700	0008.221	0000.138	0004.125	0007.537	0000.120	0003.556	30.187697	-91.985832
28/09/2022 19:27:07.000	8.438	0003.370	0023.709	0012.110	0008.293	0000.138	0004.200	0007.562	0000.120	0003.449	30.187697	-91.985833
28/09/2022 19:27:07.000	7.625	0003.285	0024.253	0012.115	0008.399	0000.140	0004.313	0007.574	0000.122	0003.362	30.187696	-91.985833
28/09/2022 19:27:08.000	7.125	0003.185	0024.653	0012.115	0008.493	0000.142	0004.600	0007.577	0000.124	0003.260	30.187696	-91.985833
28/09/2022 19:27:08.000	7.000	0003.101	0024.905	0012.110	0008.569	0000.140	0004.238	0007.596	0000.122	0003.174	30.187695	-91.985834
28/09/2022 19:27:08.000	7.000	0003.020	0025.133	0012.120	0008.612	0000.142	0004.050	0007.607	0000.124	0003.091	30.187695	-91.985834
28/09/2022 19:27:08.000	7.188	0002.927	0025.310	0018.185	0008.763	0000.140	0003.813	0007.627	0000.122	0002.996	30.187695	-91.985834
28/09/2022 19:27:09.000	6.813	0002.826	0025.502	0018.185	0008.761	0000.142	0003.750	0007.634	0000.124	0002.892	30.187694	-91.985835
28/09/2022 19:27:09.000	6.813	0002.722	0025.690	0018.190	0008.970	0000.140	0004.162	0007.644	0000.122	0002.786	30.187694	-91.985835
28/09/2022 19:27:09.000	6.500	0002.638	0025.803	0018.185	0009.069	0000.142	0004.238	0007.654	0000.124	0002.700	30.187694	-91.985835
28/09/2022 19:27:09.000	6.750	0002.527	0025.875	0018.140	0009.106	0000.140	0004.463	0007.684	0000.122	0002.586	30.187693	-91.985835
28/09/2022 19:27:10.000	6.500	0002.448	0026.035	0023.210	0009.226	0000.142	0004.350	0007.693	0000.124	0002.505	30.187693	-91.985836
28/09/2022 19:27:10.000	6.563	0002.349	0026.271	0023.210	0009.254	0000.140	0004.188	0007.712	0000.122	0002.404	30.187693	-91.985836
28/09/2022 19:27:10.000	6.563	0002.259	0026.477	0023.210	0009.424	0000.142	0004.662	0007.707	0000.124	0002.312	30.187692	-91.985836
28/09/2022 19:27:10.000	6.125	0002.171	0026.653	0023.210	0009.427	0000.140	0004.463	0007.723	0000.122	0002.222	30.187692	-91.985836
28/09/2022 19:27:11.000	6.625	0002.080	0026.759	0030.265	0009.547	0000.142	0004.625	0007.758	0000.124	0002.129	30.187691	-91.985837
28/09/2022 19:27:11.000	6.625	0001.993	0026.875	0030.250	0009.645	0000.140	0004.275	0007.784	0000.122	0002.040	30.187691	-91.985837
28/09/2022 19:27:11.000	6.500	0001.900	0026.960	0030.260	0009.816	0000.142	0004.363	0007.808	0000.124	0001.945	30.187691	-91.985837
28/09/2022 19:27:11.000	6.313	0001.794	0027.035	0030.250	0009.787	0000.142	0004.488	0007.791	0000.124	0001.836	30.187690	-91.985838
28/09/2022 19:27:12.000	6.313	0001.692	0027.103	0030.260	0009.951	0000.142	0004.488	0007.778	0000.124	0001.732	30.187690	-91.985838
28/09/2022 19:27:12.000	6.500	0001.605	0027.149	0035.915	0009.980	0000.140	0004.463	0007.816	0000.122	0001.643	30.187690	-91.985838
28/09/2022 19:27:12.000	6.313	0001.495	0027.173	0035.920	0010.075	0000.142	0004.725	0007.811	0000.124	0001.530	30.187689	-91.985839
28/09/2022 19:27:12.000	6.375	0001.397	0027.192	0035.920	0010.232	0000.142	0004.613	0007.858	0000.124	0001.430	30.187689	-91.985839
28/09/2022 19:27:13.000	6.438	0001.304	0027.236	0035.920	0010.344	0000.142	0004.800	0007.876	0000.124	0001.335	30.187689	-91.985839
28/09/2022 19:27:13.000	6.375	0001.202	0027.290	0036.065	0010.450	0000.140	0004.800	0007.899	0000.122	0001.230	30.187688	-91.985839
28/09/2022 19:27:13.000	6.375	0001.122	0027.329	0039.185	0010.484	0000.140	0004.613	0007.896	0000.122	0001.148	30.187688	-91.985839
28/09/2022 19:27:13.000	6.625	0001.066	0027.347	0039.180	0010.620	0000.142	0004.600	0007.886	0000.124	0001.091	30.187688	-91.985840
28/09/2022 19:27:14.000	6.375	0001.065	0027.378	0039.180	0010.609	0000.142	0004.825	0007.927	0000.124	0001.090	30.187687	-91.985840
28/09/2022 19:27:14.000	6.688	0001.042	0027.446	0039.180	0010.621	0000.140	0004.800	0007.928	0000.122	0001.066	30.187687	-91.985840
28/09/2022 19:27:14.000	6.500	0001.018	0027.490	0041.720	0010.635	0000.140	0004.813	0007.934	0000.122	0001.042	30.187686	-91.985841
28/09/2022 19:27:14.000	6.625	0000.994	0027.526	0041.715	0010.644	0000.142	0004.775	0007.956	0000.124	0001.017	30.187686	-91.985841
28/09/2022 19:27:15.000	6.563	0000.972	0027.553	0041.720	0010.738	0000.142	0004.738	0007.970	0000.124	0000.995	30.187685	-91.985841
28/09/2022 19:27:15.000	6.563	0000.947	0027.584	0041.715	0010.689	0000.142	0004.763	0007.985	0000.124	0000.969	30.187685	-91.985842
28/09/2022 19:27:15.000	6.563	0000.926	0027.607	0041.720	0010.751	0000.144	0004.850	0007.990	0000.126	0000.948	30.187685	-91.985842
28/09/2022 19:27:15.000	6.313	0000.897	0027.631	0043.090	0010.721	0000.142	0004.988	0008.009	0000.124	0000.918	30.187684	-91.985842
28/09/2022 19:27:16.000	6.563	0000.873	0027.684	0043.085	0010.767	0000.142	0004.900	0008.067	0000.124	0000.893	30.187684	-91.985842
28/09/2022 19:27:16.000	6.500	0000.852	0027.756	0043.085	0010.844	0000.140	0004.875	0008.054	0000.122	0000.872	30.187684	-91.985843
28/09/2022 19:27:16.000	6.500	0000.829	0027.819	0043.085	0010.862	0000.140	0005.000	0008.068	0000.122	0000.848	30.187683	-91.985843
28/09/2022 19:27:16.000	6.500	0000.808	0027.863	0042.910	0010.893	0000.142	0005.138	0008.088	0000.124	0000.827	30.187683	-91.985843
28/09/2022 19:27:17.000	6.625	0000.783	0027.895	0045.905	0010.826	0000.142	0005.162	0008.104	0000.124	0000.801	30.187682	-91.985843
28/09/2022 19:27:17.000	6.625	0000.756	0027.916	0045.910	0010.926	0000.140	0005.063	0008.099	0000.122	0000.774	30.187682	-91.985844
28/09/2022 19:27:17.000	6.750	0000.731	0027.930	0045.915	0010.941	0000.142	0005.325	0008.103	0000.124	0000.748	30.187682	-91.985844
28/09/2022 19:27:17.000	7.000	0000.712	0027.939	0045.910	0010.931	0000.142	0005.188	0008.118	0000.124	0000.729	30.187681	-91.985844
28/09/2022 19:27:18.000	6.500	0000.690	0027.947	0047.870	0010.958	0000.142	0005.213	0008.126	0000.124	0000.706	30.187681	-91.985844
28/09/2022 19:27:18.000	7.063	0000.668	0027.956	0047.865	0011.006	0000.140	0005.037	0008.132	0000.122	0000.684	30.187680	-91.985845
28/09/2022 19:27:18.000	6.625	0000.644	0027.964	0047.865	0011.005	0000.140	0004.800	0008.133	0000.122	0000.659	30.187680	-91.985845
28/09/2022 19:27:18.000	6.688	0000.622	0027.975	0047.865	0011.100	0000.142	0004.738	0008.135	0000.124	0000.637	30.187680	-91.985845
28/09/2022 19:27:19.000	6.625	0000.606	0027.981	0047.865	0011.049	0000.142	0004.825	0008.144	0000.124	0000.620	30.187679	-91.985845
28/09/2022 19:27:19.000	6.250	0000.587	0027.986	0049.240	0011.056	0000.142	0004.525	0008.144	0000.124	0000.601	30.187679	-91.985846
28/09/2022 19:27:19.000	6.563	0000.567	0027.984	0049.240	0011.082	0000.144	0004.600	0008.132	0000.126	0000.580	30.187678	-91.985846
28/09/2022 19:27:19.000	6.313	0000.539	0027.985	0049.245	0011.071	0000.140	0004.500	0008.124	0000.122	0000.552	30.187678	-91.985846
28/09/2022 19:27:20.000	6.688	0000.509	0027.985	0049.245	0011.155	0000.140	0004.463	0008.153	0000.122	0000.521	30.187678	-91.985846
28/09/2022 19:27:20.000	6.375	0000.484	0027.987	0049.040	0011.194	0000.142	0005.000	0008.175	0000.124	0000.495	30.187677	-91.985847
28/09/2022 19:27:20.000	6.375	0000.465	0027.989	0051.310	0011.167	0000.142	0004.638	0008.184	0000.124	0000.476	30.187677	-91.985847
28/09/2022 19:27:20.000	6.500	0000.443	0027.994	0051.310	0011.167	0000.140	0004.600	0008.196	0000.122	0000.453	30.187676	-91.985847
28/09/2022 19:27:21.000	6.375	0000.429	0027.997	0051.300	0011.222	0000.140	0004.763	0008.195	0000.122	0000.439	30.187676	-91.985847
28/09/2022 19:27:21.000	7.063	0000.413	0028.000	0051.310	0011.241	0000.140	0004.825	0008.183	0000.122	0000.423	30.187675	-91.985848
28/09/2022 19:27:21.000	6.625	0000.391	0028.001	0052.225	0011.290	0000.140	0004.500	0008.198	0000.122	0000.400	30.187675	-91.985848
28/09/2022 19:27:21.000	6.375	0000.363	0028.003	0052.235	0011.256	0000.142	0004.438	0008.195	0000.124	0000.372	30.187675	-91.985848
28/09/2022 19:27:22.000	6.688	0000.339	0028.002	0052.235	0011.271	0000.142	0004.425	0008.193	0000.124	0000.347	30.187674	-91.985848
28/09/2022 19:27:22.000	6.938	0000.317	0028.002	0052.235	0011.309	0000.140	0004.138	0008.199	0000.122	0000.324	30.187674	-91.985848
28/09/2022 19:27:22.000	6.688	0000.298	0028.001	0052.230	0011.304	0000.140	0004.250	0008.198	0000.122	0000.305	30.187674	-91.985848
28/09/2022 19:27:22.000	6.750	0000.276	0027.999	0053.280	0011.278	0000.140	0003.950	0008.205	0000.122	0000.282	30.187673	-91.985849
28/09/2022 19:27:23.000	6.688	0000.261	0027.997	0053.290	0011.349	0000.140	0004.050	0008.221	0000.122	0000.267	30.187673	-91.985849
28/09/2022 19:27:23.000	6.688	0000.233	0027.998	0053.290	0011.346	0000.142	0004.388	0008.218	0000.124	0000.238	30.187672	-91.985849
28/09/2022 19:27:23.000	6.500	0000.209	0027.999	0053.285	0011.359	0000.144	0004.162	0008.208	0000.126	0000.214	30.187672	-91.985849
28/09/2022 19:27:23.000	6.563	0000.189	0027.998	0053.320	0011.458	0000.140	0004.075	0008.216	0000.122	0000.193	30.187671	-91.985849
28/09/2022 19:27:24.000	6.438	0000.170	0027.985	0053.650	0011.384	0000.140	0004.000	0008.234	0000.122	0000.174	30.187671	-91.985850
28/09/2022 19:27:24.000	6.438	0000.152	0027.974	0053.655	0011.491	0000.140	0004.088	0008.216	0000.122	0000.156	30.187671	-91.985850
28/09/2022 19:27:24.000	6.438	0000.119	0027.963	0053.655	0011.504	0000.140	0003.925	0008.207	0000.122	0000.122	30.187670	-91.985850
28/09/2022 19:27:24.000	6.375	0000.091	0027.958	0053.660	0011.508	0000.142	0003.975	0008.197	0000.124	0000.093	30.187670	-91.985850
28/09/2022 19:27:25.000	6.313	0000.075	0027.950	0054.440	0011.559	0000.144	0003.925	0008.214	0000.126	0000.077	30.187669	-91.985850
28/09/2022 19:27:25.000	6.500	0000.058	0027.938	0054.435	0011.515	0000.140	0003.888	0008.211	0000.122	0000.059	30.187669	-91.985850
28/09/2022 19:27:25.000	6.500	0000.040	0027.927	0054.440	0011.536	0000.140	0004.050	0008.232	0000.122	0000.041	30.187669	-91.985851
28/09/2022 19:27:25.000	6.625	0000.015	0027.929	0054.440	0011.545	0000.142	0004.063	0008.248	0000.124	0000.015	30.187668	-91.985851
28/09/2022 19:27:26.000	6.875	-000.003	0027.940	0054.435	0011.587	0000.142	0004.000	0008.216	0000.124	-000.003	30.187668	-91.985851
28/09/2022 19:27:26.000	6.813	-000.010	0027.952	0054.455	0011.645	0000.142	0003.838	0008.199	0000.124	-000.010	30.187667	-91.985851
28/09/2022 19:27:26.000	6.438	-000.012	0027.956	0054.455	0011.596	0000.142	0003.850	0008.213	0000.124	-000.012	30.187667	-91.985851
28/09/2022 19:27:26.000	6.438	-000.011	0027.959	0054.455	0011.590	0000.140	0003.750	0008.229	0000.122	-000.011	30.187667	-91.985851
28/09/2022 19:27:27.000	6.688	-000.011	0027.955	0054.460	0011.558	0000.142	0004.100	0008.254	0000.124	-000.011	30.187666	-91.985852
28/09/2022 19:27:27.000	6.438	-000.011	0027.952	0054.460	0011.537	0000.140	0004.188	0008.265	0000.122	-000.011	30.187666	-91.985852
28/09/2022 19:27:27.000	6.750	-000.010	0027.945	0054.605	0011.618	0000.140	0003.825	0008.289	0000.122	-000.010	30.187665	-91.985852
28/09/2022 19:27:27.000	6.688	-000.004	0027.949	0054.605	0011.550	0000.140	0003.950	0008.293	0000.122	-000.004	30.187665	-91.985852
28/09/2022 19:27:28.000	6.938	-000.006	0027.955	0054.595	0011.565	0000.140	0003.775	0008.279	0000.122	-000.006	30.187664	-91.985852
28/09/2022 19:27:28.000	6.375	-000.007	0027.965	0054.605	0011.580	0000.142	0003.863	0008.309	0000.124	-000.007	30.187664	-91.985852
28/09/2022 19:27:28.000	6.500	-000.011	0027.974	0054.785	0011.591	0000.142	0004.125	0008.302	0000.124	-000.011	30.187664	-91.985852
28/09/2022 19:27:28.000	6.563	-000.012	0027.978	0054.790	0011.632	0000.142	0003.950	0008.313	0000.124	-000.012	30.187664	-91.985853
28/09/2022 19:27:29.000	6.750	-000.000	0027.981	0054.785	0011.551	0000.140	0004.013	0008.323	0000.122	-000.000	30.187663	-91.985853
28/09/2022 19:27:29.000	6.563	0000.008	0027.986	0054.790	0011.571	0000.142	0004.063	0008.330	0000.124	0000.008	30.187663	-91.985853
28/09/2022 19:27:29.000	6.250	0000.009	0027.993	0054.785	0011.564	0000.142	0003.950	0008.329	0000.124	0000.009	30.187662	-91.985853
28/09/2022 19:27:29.000	6.375	0000.009	0027.997	0054.870	0011.542	0000.142	0004.013	0008.332	0000.124	0000.009	30.187662	-91.985853
28/09/2022 19:27:30.000	6.438	0000.009	0028.001	0054.875	0011.591	0000.142	0003.863	0008.322	0000.124	0000.009	30.187661	-91.985853
28/09/2022 19:27:30.000	6.625	0000.008	0028.002	0054.870	0011.548	0000.142	0003.713	0008.338	0000.124	0000.008	30.187661	-91.985854
28/09/2022 19:27:30.000	6.625	0000.000	0028.006	0054.870	0011.606	0000.142	0004.050	0008.343	0000.124	0000.000	30.187661	-91.985854
28/09/2022 19:27:30.000	38.625	-000.002	0028.003	0055.175	0011.555	0000.140	0004.088	0008.329	0000.122	-000.002	30.187661	-91.985854
28/09/2022 19:27:31.000	15.438	-000.001	0027.991	0055.360	0011.553	0000.142	0003.788	0008.336	0000.124	-000.001	30.187660	-91.985854
28/09/2022 19:27:31.000	7.063	0000.007	0027.988	0055.355	0011.526	0000.140	0003.975	0008.338	0000.122	0000.007	30.187660	-91.985854
28/09/2022 19:27:31.000	6.688	0000.009	0027.985	0055.355	0011.541	0000.140	0003.838	0008.347	0000.122	0000.009	30.187659	-91.985854
28/09/2022 19:27:31.000	6.563	0000.012	0027.983	0055.360	0011.555	0000.140	0003.675	0008.326	0000.122	0000.012	30.187659	-91.985854
28/09/2022 19:27:32.000	6.688	-000.001	0027.979	0055.490	0011.574	0000.140	0003.737	0008.327	0000.122	-000.001	30.187658	-91.985855
28/09/2022 19:27:32.000	6.375	-000.005	0027.977	0055.485	0011.534	0000.140	0003.800	0008.323	0000.122	-000.005	30.187658	-91.985855
28/09/2022 19:27:32.000	6.500	-000.004	0027.972	0055.485	0011.534	0000.140	0003.737	0008.322	0000.122	-000.004	30.187658	-91.985855
28/09/2022 19:27:32.000	6.500	-000.008	0027.968	0055.485	0011.595	0000.140	0003.700	0008.329	0000.122	-000.008	30.187658	-91.985855
