Date / Time	TURBIDITY;FTU	PRESSURE;DBAR	TEMPERATURE;C	DISSOLVED OXYGEN;SAT%	ALTITUDE;M	CONDUCTIVITY;MS/CM	FLUOROMETER (C);UG/L	PH;PH	Calc. SALINITY; PSU	Calc. DEPTH;M	LATITUDE;DEG	LONGITUDE;DEG
07/10/2022 19:45:33.000	660.625	-000.006	0025.248	0098.650	0003.851	0019.412	0003.950	0008.361	0022.510	-000.006	30.288264	-89.298056
07/10/2022 19:45:33.000	444.063	-000.024	0025.247	0098.650	0003.888	0017.278	0003.888	0008.366	0019.831	-000.024	30.288266	-89.298064
07/10/2022 19:45:34.000	243.500	0000.010	0025.247	0098.650	0003.870	0019.326	0003.638	0008.371	0022.401	0000.010	30.288267	-89.298068
07/10/2022 19:45:34.000	288.563	-000.025	0025.248	0098.695	0003.891	0001.232	0003.750	0008.367	0001.185	-000.025	30.288267	-89.298072
07/10/2022 19:45:34.000	653.000	-000.017	0025.249	0098.695	0003.942	0000.496	0003.988	0008.369	0000.457	-000.017	30.288268	-89.298077
07/10/2022 19:45:34.000	1001.312	-000.011	0025.247	0098.690	0085.737	0018.412	0003.638	0008.371	0021.250	-000.011	30.288267	-89.298081
07/10/2022 19:45:35.000	259.625	0000.047	0025.248	0098.695	0003.921	0017.388	0003.938	0008.360	0019.968	0000.047	30.288267	-89.298088
07/10/2022 19:45:35.000	132.313	0000.201	0025.247	0098.265	0003.755	0019.198	0003.975	0008.357	0022.240	0000.200	30.288266	-89.298091
07/10/2022 19:45:35.000	180.250	0000.355	0025.244	0098.745	0003.647	0019.956	0004.125	0008.349	0023.198	0000.354	30.288266	-89.298095
07/10/2022 19:45:35.000	30.438	0000.369	0025.238	0098.745	0003.554	0020.090	0004.463	0008.351	0023.368	0000.368	30.288266	-89.298099
07/10/2022 19:45:36.000	12.687	0000.417	0025.212	0098.745	0003.472	0020.040	0004.625	0008.354	0023.305	0000.416	30.288265	-89.298106
07/10/2022 19:45:36.000	10.500	0000.501	0025.198	0098.750	0003.457	0020.080	0004.850	0008.356	0023.356	0000.499	30.288265	-89.298110
07/10/2022 19:45:36.000	10.125	0000.581	0025.174	0098.730	0003.512	0020.370	0005.363	0008.350	0023.724	0000.579	30.288264	-89.298113
07/10/2022 19:45:36.000	10.063	0000.656	0025.114	0098.730	0003.518	0020.846	0005.925	0008.322	0024.329	0000.654	30.288265	-89.298118
07/10/2022 19:45:37.000	10.063	0000.724	0024.991	0098.730	0003.618	0021.472	0006.025	0008.329	0025.128	0000.722	30.288266	-89.298121
07/10/2022 19:45:37.000	10.063	0000.774	0024.852	0098.740	0003.547	0021.826	0005.563	0008.344	0025.581	0000.772	30.288268	-89.298125
07/10/2022 19:45:37.000	10.000	0000.797	0024.799	0098.725	0003.569	0020.360	0006.125	0008.334	0023.711	0000.795	30.288269	-89.298128
07/10/2022 19:45:37.000	10.063	0000.842	0024.783	0097.910	0003.598	0020.688	0006.425	0008.339	0024.128	0000.839	30.288270	-89.298133
07/10/2022 19:45:38.000	9.938	0000.907	0024.783	0097.905	0003.748	0022.964	0006.162	0008.359	0027.044	0000.904	30.288270	-89.298135
07/10/2022 19:45:38.000	9.813	0001.048	0024.781	0097.905	0003.566	0024.238	0006.388	0008.343	0028.692	0001.045	30.288270	-89.298137
07/10/2022 19:45:38.000	9.813	0001.155	0024.668	0097.905	0003.532	0024.586	0006.463	0008.325	0029.144	0001.151	30.288269	-89.298140
07/10/2022 19:45:38.000	9.688	0001.270	0024.563	0097.415	0003.468	0024.680	0006.475	0008.325	0029.266	0001.266	30.288268	-89.298143
07/10/2022 19:45:39.000	9.625	0001.378	0024.505	0098.610	0003.224	0024.866	0006.475	0008.332	0029.509	0001.374	30.288268	-89.298148
07/10/2022 19:45:39.000	9.625	0001.447	0024.481	0098.610	0003.085	0024.910	0006.350	0008.334	0029.566	0001.442	30.288268	-89.298150
07/10/2022 19:45:39.000	9.500	0001.520	0024.475	0098.610	0002.903	0025.494	0006.213	0008.337	0030.328	0001.515	30.288268	-89.298152
07/10/2022 19:45:39.000	9.313	0001.623	0024.503	0098.615	0002.699	0025.950	0006.125	0008.338	0030.925	0001.618	30.288268	-89.298154
07/10/2022 19:45:40.000	9.000	0001.708	0024.529	0098.880	0002.552	0026.440	0005.950	0008.340	0031.567	0001.703	30.288268	-89.298158
07/10/2022 19:45:40.000	8.875	0001.824	0024.551	0098.870	0002.403	0027.060	0005.763	0008.340	0032.383	0001.818	30.288269	-89.298160
07/10/2022 19:45:40.000	8.750	0001.950	0024.568	0098.870	0002.278	0027.486	0005.713	0008.337	0032.945	0001.944	30.288269	-89.298162
07/10/2022 19:45:40.000	8.813	0002.040	0024.582	0098.870	0002.132	0027.844	0005.912	0008.335	0033.418	0002.034	30.288270	-89.298166
07/10/2022 19:45:41.000	9.000	0002.084	0024.547	0098.860	0001.974	0027.976	0006.200	0008.336	0033.593	0002.078	30.288270	-89.298168
07/10/2022 19:45:41.000	9.375	0002.120	0024.480	0099.495	0001.936	0027.934	0006.400	0008.334	0033.537	0002.113	30.288270	-89.298170
07/10/2022 19:45:41.000	9.500	0002.125	0024.430	0099.495	0001.914	0027.912	0006.500	0008.337	0033.508	0002.118	30.288269	-89.298171
07/10/2022 19:45:41.000	9.438	0002.153	0024.406	0099.495	0001.916	0027.890	0006.513	0008.338	0033.479	0002.146	30.288269	-89.298174
07/10/2022 19:45:42.000	9.500	0002.189	0024.392	0099.485	0001.872	0027.938	0006.550	0008.338	0033.542	0002.182	30.288269	-89.298175
07/10/2022 19:45:42.000	9.563	0002.203	0024.384	0098.965	0001.837	0027.964	0006.525	0008.341	0033.577	0002.196	30.288269	-89.298177
07/10/2022 19:45:42.000	9.625	0002.200	0024.372	0098.585	0001.817	0028.000	0006.613	0008.346	0033.624	0002.193	30.288269	-89.298179
07/10/2022 19:45:42.000	9.625	0002.181	0024.354	0098.585	0001.781	0028.046	0006.513	0008.345	0033.685	0002.174	30.288269	-89.298181
07/10/2022 19:45:43.000	9.688	0002.175	0024.333	0098.585	0001.761	0028.022	0006.625	0008.346	0033.654	0002.168	30.288269	-89.298184
07/10/2022 19:45:43.000	9.688	0002.195	0024.321	0098.585	0001.758	0028.062	0006.575	0008.346	0033.707	0002.188	30.288269	-89.298185
07/10/2022 19:45:43.000	9.813	0002.232	0024.321	0098.140	0001.733	0028.080	0006.363	0008.345	0033.730	0002.225	30.288269	-89.298186
07/10/2022 19:45:43.000	9.875	0002.256	0024.319	0098.145	0001.662	0028.122	0006.525	0008.346	0033.786	0002.249	30.288269	-89.298187
07/10/2022 19:45:44.000	10.000	0002.264	0024.310	0098.145	0001.632	0028.116	0006.787	0008.346	0033.778	0002.257	30.288269	-89.298191
07/10/2022 19:45:44.000	9.938	0002.268	0024.290	0098.145	0001.668	0028.158	0006.838	0008.344	0033.834	0002.261	30.288269	-89.298192
07/10/2022 19:45:44.000	9.938	0002.256	0024.272	0098.145	0001.643	0028.116	0006.800	0008.344	0033.778	0002.249	30.288269	-89.298193
07/10/2022 19:45:44.000	9.938	0002.244	0024.261	0097.245	0001.640	0028.054	0006.775	0008.345	0033.696	0002.237	30.288269	-89.298195
07/10/2022 19:45:45.000	9.750	0002.240	0024.265	0097.245	0001.673	0028.046	0006.675	0008.345	0033.685	0002.233	30.288269	-89.298197
07/10/2022 19:45:45.000	9.875	0002.241	0024.271	0097.245	0001.700	0028.052	0006.875	0008.347	0033.693	0002.234	30.288269	-89.298198
07/10/2022 19:45:45.000	9.813	0002.258	0024.272	0097.245	0001.677	0028.038	0006.912	0008.347	0033.675	0002.251	30.288269	-89.298199
07/10/2022 19:45:45.000	9.813	0002.279	0024.262	0096.555	0001.661	0028.124	0006.775	0008.345	0033.789	0002.272	30.288268	-89.298202
07/10/2022 19:45:46.000	10.063	0002.304	0024.247	0096.675	0001.608	0028.252	0006.875	0008.346	0033.958	0002.297	30.288268	-89.298203
07/10/2022 19:45:46.000	10.250	0002.321	0024.218	0096.680	0001.583	0028.258	0006.963	0008.345	0033.966	0002.314	30.288269	-89.298204
07/10/2022 19:45:46.000	10.187	0002.320	0024.187	0096.680	0001.584	0028.264	0007.037	0008.344	0033.974	0002.313	30.288269	-89.298205
07/10/2022 19:45:46.000	10.250	0002.294	0024.159	0096.680	0001.577	0028.208	0007.000	0008.344	0033.900	0002.287	30.288269	-89.298206
07/10/2022 19:45:47.000	10.187	0002.271	0024.157	0096.070	0001.578	0028.224	0007.100	0008.345	0033.921	0002.264	30.288269	-89.298208
07/10/2022 19:45:47.000	10.250	0002.258	0024.160	0096.060	0001.599	0028.210	0007.175	0008.345	0033.903	0002.251	30.288269	-89.298209
07/10/2022 19:45:47.000	10.250	0002.273	0024.159	0096.060	0001.625	0028.176	0006.813	0008.345	0033.858	0002.266	30.288268	-89.298210
07/10/2022 19:45:47.000	10.250	0002.301	0024.158	0096.060	0001.608	0028.212	0006.500	0008.346	0033.905	0002.294	30.288268	-89.298211
07/10/2022 19:45:48.000	10.187	0002.318	0024.161	0096.070	0001.541	0028.288	0006.513	0008.345	0034.006	0002.311	30.288268	-89.298213
07/10/2022 19:45:48.000	10.250	0002.322	0024.159	0095.615	0001.523	0028.294	0006.738	0008.345	0034.014	0002.315	30.288268	-89.298214
07/10/2022 19:45:48.000	10.375	0002.293	0024.149	0095.610	0001.555	0028.224	0007.188	0008.347	0033.921	0002.286	30.288269	-89.298215
07/10/2022 19:45:48.000	10.500	0002.277	0024.146	0095.610	0001.558	0028.124	0006.975	0008.345	0033.789	0002.270	30.288268	-89.298217
07/10/2022 19:45:49.000	10.438	0002.275	0024.158	0095.605	0001.587	0028.098	0006.875	0008.347	0033.754	0002.268	30.288268	-89.298218
07/10/2022 19:45:49.000	10.063	0002.290	0024.185	0095.115	0001.586	0028.108	0006.750	0008.348	0033.768	0002.283	30.288268	-89.298219
07/10/2022 19:45:49.000	10.063	0002.308	0024.204	0095.340	0001.564	0028.122	0006.550	0008.350	0033.786	0002.301	30.288268	-89.298220
07/10/2022 19:45:49.000	10.500	0002.331	0024.215	0095.340	0001.530	0028.116	0006.450	0008.349	0033.778	0002.324	30.288268	-89.298221
07/10/2022 19:45:50.000	10.250	0002.341	0024.209	0095.345	0001.516	0028.204	0006.625	0008.348	0033.895	0002.334	30.288268	-89.298222
07/10/2022 19:45:50.000	10.375	0002.338	0024.191	0095.340	0001.503	0028.230	0006.875	0008.347	0033.929	0002.331	30.288268	-89.298223
07/10/2022 19:45:50.000	10.375	0002.318	0024.178	0095.140	0001.523	0028.162	0007.100	0008.349	0033.839	0002.311	30.288268	-89.298224
07/10/2022 19:45:50.000	10.187	0002.297	0024.179	0095.145	0001.540	0028.118	0007.050	0008.352	0033.781	0002.290	30.288268	-89.298225
07/10/2022 19:45:51.000	10.063	0002.283	0024.190	0095.150	0001.567	0028.104	0007.063	0008.351	0033.762	0002.276	30.288268	-89.298227
07/10/2022 19:45:51.000	10.125	0002.282	0024.203	0095.140	0001.601	0028.088	0007.238	0008.352	0033.741	0002.275	30.288268	-89.298227
07/10/2022 19:45:51.000	10.125	0002.308	0024.212	0095.145	0001.580	0028.104	0006.863	0008.352	0033.762	0002.301	30.288268	-89.298228
07/10/2022 19:45:51.000	10.187	0002.335	0024.213	0095.095	0001.575	0028.100	0006.613	0008.351	0033.757	0002.328	30.288268	-89.298228
07/10/2022 19:45:52.000	10.063	0002.358	0024.193	0095.095	0001.518	0028.114	0006.463	0008.352	0033.775	0002.351	30.288268	-89.298229
07/10/2022 19:45:52.000	10.250	0002.367	0024.175	0095.090	0001.479	0028.144	0006.662	0008.352	0033.815	0002.360	30.288268	-89.298231
07/10/2022 19:45:52.000	10.250	0002.334	0024.172	0095.080	0001.476	0028.124	0007.125	0008.351	0033.789	0002.327	30.288268	-89.298232
07/10/2022 19:45:52.000	10.187	0002.284	0024.185	0094.490	0001.523	0028.080	0007.113	0008.351	0033.730	0002.277	30.288268	-89.298234
07/10/2022 19:45:53.000	10.187	0002.255	0024.204	0094.995	0001.582	0028.030	0007.287	0008.353	0033.664	0002.248	30.288268	-89.298234
07/10/2022 19:45:53.000	10.063	0002.259	0024.225	0094.995	0001.632	0028.016	0006.850	0008.352	0033.646	0002.252	30.288268	-89.298234
07/10/2022 19:45:53.000	9.875	0002.312	0024.244	0095.000	0001.622	0028.026	0006.475	0008.356	0033.659	0002.305	30.288268	-89.298234
07/10/2022 19:45:53.000	9.750	0002.368	0024.258	0094.995	0001.545	0028.058	0006.475	0008.357	0033.701	0002.361	30.288268	-89.298236
07/10/2022 19:45:54.000	9.813	0002.387	0024.270	0095.150	0001.479	0028.080	0006.738	0008.356	0033.730	0002.380	30.288268	-89.298237
07/10/2022 19:45:54.000	9.813	0002.351	0024.272	0095.145	0001.461	0028.104	0006.875	0008.356	0033.762	0002.344	30.288268	-89.298238
07/10/2022 19:45:54.000	9.625	0002.299	0024.269	0095.140	0001.500	0028.048	0007.037	0008.356	0033.688	0002.292	30.288268	-89.298239
07/10/2022 19:45:54.000	9.688	0002.265	0024.265	0095.145	0001.560	0027.852	0006.912	0008.356	0033.429	0002.258	30.288268	-89.298239
07/10/2022 19:45:55.000	9.563	0002.269	0024.284	0095.140	0001.600	0027.778	0007.013	0008.359	0033.331	0002.262	30.288268	-89.298240
07/10/2022 19:45:55.000	9.375	0002.329	0024.320	0095.245	0001.580	0027.840	0006.638	0008.361	0033.413	0002.322	30.288268	-89.298240
07/10/2022 19:45:55.000	9.125	0002.372	0024.339	0095.245	0001.519	0027.892	0006.600	0008.360	0033.482	0002.365	30.288267	-89.298241
07/10/2022 19:45:55.000	9.250	0002.385	0024.350	0095.250	0001.463	0027.882	0006.813	0008.360	0033.468	0002.378	30.288267	-89.298242
07/10/2022 19:45:56.000	9.063	0002.348	0024.359	0095.245	0001.484	0027.834	0007.037	0008.361	0033.405	0002.341	30.288267	-89.298244
07/10/2022 19:45:56.000	9.063	0002.299	0024.365	0094.760	0001.501	0027.758	0006.988	0008.360	0033.304	0002.292	30.288268	-89.298244
07/10/2022 19:45:56.000	9.125	0002.258	0024.373	0095.290	0001.554	0027.648	0007.037	0008.364	0033.159	0002.251	30.288268	-89.298245
07/10/2022 19:45:56.000	9.000	0002.249	0024.378	0095.295	0001.600	0027.596	0006.800	0008.366	0033.090	0002.242	30.288268	-89.298245
07/10/2022 19:45:57.000	9.000	0002.311	0024.377	0095.290	0001.609	0027.612	0006.563	0008.367	0033.111	0002.304	30.288268	-89.298245
07/10/2022 19:45:57.000	9.063	0002.374	0024.367	0095.295	0001.575	0027.660	0006.463	0008.369	0033.175	0002.367	30.288267	-89.298246
07/10/2022 19:45:57.000	9.250	0002.404	0024.360	0095.760	0001.511	0027.708	0006.463	0008.368	0033.238	0002.397	30.288267	-89.298247
07/10/2022 19:45:57.000	9.313	0002.392	0024.386	0095.760	0001.438	0027.642	0006.950	0008.367	0033.151	0002.385	30.288267	-89.298249
07/10/2022 19:45:58.000	9.125	0002.332	0024.419	0095.755	0001.458	0027.664	0006.775	0008.368	0033.180	0002.325	30.288268	-89.298249
07/10/2022 19:45:58.000	8.938	0002.275	0024.448	0095.755	0001.536	0027.620	0006.863	0008.371	0033.122	0002.268	30.288268	-89.298250
07/10/2022 19:45:58.000	8.875	0002.255	0024.468	0095.760	0001.597	0027.396	0006.900	0008.371	0032.826	0002.248	30.288268	-89.298250
07/10/2022 19:45:58.000	8.813	0002.288	0024.489	0096.175	0001.611	0027.342	0006.713	0008.374	0032.755	0002.281	30.288268	-89.298250
07/10/2022 19:45:59.000	8.688	0002.330	0024.515	0096.170	0001.584	0027.378	0006.475	0008.376	0032.802	0002.323	30.288267	-89.298251
07/10/2022 19:45:59.000	8.625	0002.365	0024.534	0096.170	0001.507	0027.400	0006.563	0008.376	0032.831	0002.358	30.288267	-89.298252
07/10/2022 19:45:59.000	8.750	0002.374	0024.554	0096.170	0001.471	0027.414	0006.675	0008.376	0032.850	0002.367	30.288267	-89.298252
07/10/2022 19:45:59.000	8.750	0002.355	0024.567	0095.540	0001.490	0027.468	0006.850	0008.376	0032.921	0002.348	30.288267	-89.298253
07/10/2022 19:46:00.000	8.688	0002.326	0024.577	0096.645	0001.485	0027.532	0006.988	0008.378	0033.006	0002.319	30.288267	-89.298254
07/10/2022 19:46:00.000	8.813	0002.304	0024.573	0096.645	0001.523	0027.542	0006.800	0008.379	0033.019	0002.297	30.288267	-89.298254
07/10/2022 19:46:00.000	8.750	0002.297	0024.563	0096.645	0001.542	0027.456	0007.013	0008.381	0032.905	0002.290	30.288267	-89.298255
07/10/2022 19:46:00.000	8.875	0002.301	0024.554	0096.645	0001.541	0027.426	0006.800	0008.380	0032.866	0002.294	30.288267	-89.298256
07/10/2022 19:46:01.000	8.813	0002.319	0024.550	0097.285	0001.548	0027.432	0006.613	0008.381	0032.874	0002.312	30.288267	-89.298256
07/10/2022 19:46:01.000	8.813	0002.334	0024.551	0097.290	0001.567	0027.454	0006.575	0008.381	0032.903	0002.327	30.288267	-89.298256
07/10/2022 19:46:01.000	8.813	0002.346	0024.553	0097.290	0001.521	0027.474	0006.425	0008.381	0032.929	0002.339	30.288267	-89.298256
07/10/2022 19:46:01.000	8.688	0002.349	0024.553	0097.290	0001.508	0027.538	0006.475	0008.381	0033.013	0002.342	30.288267	-89.298257
07/10/2022 19:46:02.000	8.688	0002.349	0024.553	0097.290	0001.523	0027.568	0006.638	0008.381	0033.053	0002.342	30.288267	-89.298258
07/10/2022 19:46:02.000	8.688	0002.332	0024.549	0097.630	0001.495	0027.612	0007.025	0008.381	0033.111	0002.325	30.288266	-89.298259
07/10/2022 19:46:02.000	8.688	0002.312	0024.548	0097.625	0001.516	0027.614	0007.238	0008.381	0033.114	0002.305	30.288267	-89.298259
07/10/2022 19:46:02.000	8.625	0002.299	0024.539	0097.620	0001.585	0027.638	0007.600	0008.382	0033.146	0002.292	30.288267	-89.298259
07/10/2022 19:46:03.000	8.813	0002.298	0024.533	0097.615	0001.605	0027.650	0007.063	0008.381	0033.161	0002.291	30.288266	-89.298260
07/10/2022 19:46:03.000	8.875	0002.324	0024.531	0097.030	0001.558	0027.680	0006.775	0008.380	0033.201	0002.317	30.288266	-89.298260
07/10/2022 19:46:03.000	8.750	0002.354	0024.524	0097.925	0001.533	0027.720	0006.662	0008.380	0033.254	0002.347	30.288266	-89.298260
07/10/2022 19:46:03.000	8.875	0002.363	0024.516	0097.930	0001.509	0027.770	0006.713	0008.377	0033.320	0002.356	30.288266	-89.298261
07/10/2022 19:46:04.000	8.875	0002.351	0024.507	0097.930	0001.495	0027.792	0007.188	0008.376	0033.349	0002.344	30.288266	-89.298262
07/10/2022 19:46:04.000	8.813	0002.321	0024.497	0097.925	0001.515	0027.734	0007.338	0008.375	0033.273	0002.314	30.288266	-89.298262
07/10/2022 19:46:04.000	8.938	0002.303	0024.482	0097.815	0001.553	0027.832	0007.787	0008.373	0033.402	0002.296	30.288266	-89.298263
07/10/2022 19:46:04.000	8.875	0002.301	0024.475	0097.820	0001.555	0027.844	0007.412	0008.373	0033.418	0002.294	30.288266	-89.298263
07/10/2022 19:46:05.000	9.000	0002.331	0024.466	0097.820	0001.591	0027.874	0006.975	0008.372	0033.458	0002.324	30.288266	-89.298263
07/10/2022 19:46:05.000	9.250	0002.353	0024.456	0097.820	0001.514	0027.944	0006.825	0008.370	0033.550	0002.346	30.288266	-89.298264
07/10/2022 19:46:05.000	9.250	0002.358	0024.439	0097.815	0001.538	0027.980	0007.088	0008.369	0033.598	0002.351	30.288266	-89.298265
07/10/2022 19:46:05.000	9.125	0002.336	0024.421	0097.810	0001.496	0027.932	0007.650	0008.368	0033.534	0002.329	30.288266	-89.298265
07/10/2022 19:46:06.000	9.500	0002.312	0024.410	0097.805	0001.517	0028.014	0007.588	0008.367	0033.643	0002.305	30.288265	-89.298265
07/10/2022 19:46:06.000	9.375	0002.302	0024.404	0097.805	0001.550	0028.094	0007.400	0008.367	0033.749	0002.295	30.288265	-89.298266
07/10/2022 19:46:06.000	9.438	0002.319	0024.402	0097.805	0001.551	0028.080	0007.100	0008.367	0033.730	0002.312	30.288265	-89.298266
07/10/2022 19:46:06.000	9.500	0002.342	0024.394	0096.955	0001.538	0028.080	0007.000	0008.365	0033.730	0002.335	30.288265	-89.298266
07/10/2022 19:46:07.000	9.563	0002.352	0024.382	0097.345	0001.556	0028.058	0007.125	0008.367	0033.701	0002.345	30.288266	-89.298267
07/10/2022 19:46:07.000	9.688	0002.350	0024.370	0097.350	0001.512	0028.048	0007.613	0008.366	0033.688	0002.343	30.288266	-89.298268
07/10/2022 19:46:07.000	9.813	0002.328	0024.362	0097.350	0001.532	0028.084	0007.738	0008.366	0033.736	0002.321	30.288266	-89.298268
07/10/2022 19:46:07.000	9.688	0002.308	0024.354	0097.355	0001.553	0028.076	0007.625	0008.366	0033.725	0002.301	30.288265	-89.298268
07/10/2022 19:46:08.000	9.688	0002.309	0024.335	0097.025	0001.559	0028.090	0007.263	0008.367	0033.744	0002.302	30.288265	-89.298269
07/10/2022 19:46:08.000	9.875	0002.331	0024.321	0097.025	0001.574	0028.130	0006.938	0008.366	0033.797	0002.324	30.288265	-89.298269
07/10/2022 19:46:08.000	9.938	0002.349	0024.307	0097.025	0001.530	0028.148	0006.825	0008.366	0033.821	0002.342	30.288265	-89.298269
07/10/2022 19:46:08.000	9.938	0002.352	0024.295	0097.030	0001.496	0028.156	0007.450	0008.365	0033.831	0002.345	30.288265	-89.298271
07/10/2022 19:46:09.000	9.813	0002.327	0024.280	0097.030	0001.502	0028.160	0007.888	0008.364	0033.836	0002.320	30.288265	-89.298271
07/10/2022 19:46:09.000	9.625	0002.303	0024.268	0096.665	0001.526	0028.176	0007.838	0008.365	0033.858	0002.296	30.288265	-89.298271
07/10/2022 19:46:09.000	9.750	0002.296	0024.254	0096.655	0001.551	0028.192	0007.650	0008.365	0033.879	0002.289	30.288265	-89.298271
07/10/2022 19:46:09.000	10.125	0002.329	0024.243	0096.655	0001.567	0028.214	0007.138	0008.363	0033.908	0002.322	30.288264	-89.298271
07/10/2022 19:46:10.000	10.187	0002.364	0024.232	0096.655	0001.531	0028.252	0006.938	0008.363	0033.958	0002.357	30.288264	-89.298272
07/10/2022 19:46:10.000	10.250	0002.375	0024.219	0096.025	0001.475	0028.242	0007.063	0008.362	0033.945	0002.368	30.288264	-89.298272
07/10/2022 19:46:10.000	10.625	0002.349	0024.205	0096.440	0001.457	0028.236	0007.350	0008.361	0033.937	0002.342	30.288265	-89.298273
07/10/2022 19:46:10.000	10.375	0002.307	0024.191	0096.440	0001.512	0028.250	0007.763	0008.361	0033.956	0002.300	30.288265	-89.298273
07/10/2022 19:46:11.000	10.250	0002.286	0024.181	0096.445	0001.548	0028.228	0007.950	0008.361	0033.927	0002.279	30.288265	-89.298274
07/10/2022 19:46:11.000	10.375	0002.286	0024.170	0096.440	0001.567	0028.190	0007.375	0008.361	0033.876	0002.279	30.288264	-89.298274
07/10/2022 19:46:11.000	10.625	0002.320	0024.165	0096.030	0001.559	0028.188	0007.150	0008.361	0033.874	0002.313	30.288264	-89.298274
07/10/2022 19:46:11.000	10.812	0002.346	0024.157	0096.030	0001.548	0028.196	0006.988	0008.362	0033.884	0002.339	30.288264	-89.298274
07/10/2022 19:46:12.000	10.500	0002.367	0024.154	0096.030	0001.508	0028.208	0006.963	0008.360	0033.900	0002.360	30.288264	-89.298275
07/10/2022 19:46:12.000	10.375	0002.371	0024.150	0096.030	0001.490	0028.184	0007.275	0008.361	0033.868	0002.364	30.288264	-89.298275
07/10/2022 19:46:12.000	10.438	0002.348	0024.150	0096.030	0001.463	0028.172	0007.800	0008.361	0033.852	0002.341	30.288264	-89.298275
07/10/2022 19:46:12.000	10.250	0002.316	0024.155	0095.720	0001.532	0028.168	0008.000	0008.360	0033.847	0002.309	30.288264	-89.298276
07/10/2022 19:46:13.000	10.187	0002.298	0024.163	0095.715	0001.527	0028.176	0008.063	0008.360	0033.858	0002.291	30.288264	-89.298277
07/10/2022 19:46:13.000	10.063	0002.290	0024.174	0095.720	0001.556	0028.168	0007.700	0008.360	0033.847	0002.283	30.288264	-89.298277
07/10/2022 19:46:13.000	10.375	0002.311	0024.183	0095.710	0001.589	0028.160	0007.263	0008.359	0033.836	0002.304	30.288264	-89.298277
07/10/2022 19:46:13.000	10.438	0002.342	0024.193	0094.950	0001.539	0028.166	0007.013	0008.359	0033.844	0002.335	30.288264	-89.298277
07/10/2022 19:46:14.000	10.250	0002.369	0024.200	0095.525	0001.497	0028.168	0007.063	0008.359	0033.847	0002.362	30.288264	-89.298277
07/10/2022 19:46:14.000	10.313	0002.370	0024.204	0095.525	0001.486	0028.158	0007.238	0008.359	0033.834	0002.363	30.288264	-89.298278
07/10/2022 19:46:14.000	10.313	0002.336	0024.210	0095.525	0001.480	0028.124	0007.488	0008.359	0033.789	0002.329	30.288264	-89.298278
07/10/2022 19:46:14.000	10.250	0002.312	0024.214	0095.525	0001.505	0028.108	0008.063	0008.359	0033.768	0002.305	30.288263	-89.298279
07/10/2022 19:46:15.000	10.063	0002.307	0024.216	0095.330	0001.540	0028.130	0007.750	0008.359	0033.797	0002.300	30.288263	-89.298279
07/10/2022 19:46:15.000	10.063	0002.324	0024.219	0095.335	0001.565	0028.148	0007.537	0008.359	0033.821	0002.317	30.288263	-89.298279
07/10/2022 19:46:15.000	10.250	0002.332	0024.227	0095.330	0001.551	0028.076	0007.200	0008.359	0033.725	0002.325	30.288264	-89.298279
07/10/2022 19:46:15.000	10.063	0002.331	0024.230	0095.325	0001.503	0028.026	0007.725	0008.358	0033.659	0002.324	30.288264	-89.298279
07/10/2022 19:46:16.000	9.938	0002.317	0024.233	0095.325	0001.527	0028.022	0008.163	0008.359	0033.654	0002.310	30.288263	-89.298280
07/10/2022 19:46:16.000	10.063	0002.328	0024.238	0095.195	0001.529	0028.010	0007.438	0008.359	0033.638	0002.321	30.288263	-89.298280
07/10/2022 19:46:16.000	10.063	0002.357	0024.235	0095.195	0001.526	0028.030	0007.037	0008.358	0033.664	0002.350	30.288263	-89.298280
07/10/2022 19:46:16.000	9.938	0002.371	0024.233	0095.190	0001.517	0028.058	0007.075	0008.359	0033.701	0002.364	30.288263	-89.298281
07/10/2022 19:46:17.000	10.000	0002.359	0024.234	0095.195	0001.467	0028.024	0007.588	0008.357	0033.656	0002.352	30.288263	-89.298281
07/10/2022 19:46:17.000	10.000	0002.315	0024.245	0094.575	0001.498	0028.014	0007.650	0008.357	0033.643	0002.308	30.288263	-89.298282
07/10/2022 19:46:17.000	9.813	0002.268	0024.256	0095.005	0001.561	0028.024	0007.787	0008.360	0033.656	0002.261	30.288263	-89.298282
07/10/2022 19:46:17.000	9.875	0002.263	0024.265	0095.015	0001.621	0028.030	0007.950	0008.361	0033.664	0002.256	30.288263	-89.298282
07/10/2022 19:46:18.000	9.750	0002.327	0024.270	0095.015	0001.586	0028.044	0007.325	0008.361	0033.683	0002.320	30.288263	-89.298282
07/10/2022 19:46:18.000	10.063	0002.392	0024.267	0095.015	0001.528	0028.056	0007.013	0008.363	0033.699	0002.385	30.288263	-89.298282
07/10/2022 19:46:18.000	9.938	0002.420	0024.258	0095.115	0001.462	0028.090	0006.888	0008.361	0033.744	0002.412	30.288263	-89.298282
07/10/2022 19:46:18.000	10.125	0002.399	0024.254	0095.115	0001.411	0028.092	0006.900	0008.361	0033.746	0002.392	30.288263	-89.298283
07/10/2022 19:46:19.000	9.813	0002.319	0024.253	0095.115	0001.465	0028.058	0006.825	0008.362	0033.701	0002.312	30.288263	-89.298284
07/10/2022 19:46:19.000	9.875	0002.252	0024.259	0095.125	0001.538	0028.050	0007.388	0008.364	0033.691	0002.245	30.288263	-89.298284
07/10/2022 19:46:19.000	9.750	0002.242	0024.263	0095.110	0001.617	0028.048	0007.563	0008.365	0033.688	0002.235	30.288263	-89.298284
07/10/2022 19:46:19.000	9.813	0002.289	0024.270	0095.000	0001.628	0028.048	0007.375	0008.365	0033.688	0002.282	30.288263	-89.298284
07/10/2022 19:46:20.000	9.875	0002.361	0024.264	0095.005	0001.591	0028.062	0007.238	0008.363	0033.707	0002.354	30.288263	-89.298284
07/10/2022 19:46:20.000	10.063	0002.401	0024.253	0095.005	0001.496	0028.078	0007.000	0008.363	0033.728	0002.394	30.288262	-89.298284
07/10/2022 19:46:20.000	10.063	0002.405	0024.244	0095.005	0001.431	0028.036	0007.150	0008.363	0033.672	0002.398	30.288262	-89.298285
07/10/2022 19:46:20.000	9.938	0002.360	0024.245	0094.225	0001.447	0027.998	0007.438	0008.361	0033.622	0002.353	30.288262	-89.298285
07/10/2022 19:46:21.000	9.688	0002.298	0024.256	0095.105	0001.490	0027.994	0007.875	0008.366	0033.617	0002.291	30.288262	-89.298286
07/10/2022 19:46:21.000	9.625	0002.271	0024.278	0095.105	0001.555	0028.030	0007.650	0008.367	0033.664	0002.264	30.288262	-89.298286
07/10/2022 19:46:21.000	9.750	0002.278	0024.287	0095.105	0001.582	0028.038	0007.575	0008.367	0033.675	0002.271	30.288262	-89.298286
07/10/2022 19:46:21.000	9.813	0002.330	0024.290	0095.100	0001.575	0028.094	0007.563	0008.367	0033.749	0002.323	30.288262	-89.298286
07/10/2022 19:46:22.000	9.938	0002.376	0024.295	0095.290	0001.504	0028.126	0007.150	0008.367	0033.791	0002.369	30.288262	-89.298286
07/10/2022 19:46:22.000	10.000	0002.388	0024.299	0095.290	0001.465	0028.112	0007.213	0008.366	0033.773	0002.381	30.288262	-89.298286
07/10/2022 19:46:22.000	9.938	0002.362	0024.297	0095.295	0001.458	0028.058	0007.250	0008.366	0033.701	0002.355	30.288262	-89.298287
07/10/2022 19:46:22.000	9.688	0002.323	0024.296	0095.290	0001.506	0028.050	0007.575	0008.365	0033.691	0002.316	30.288262	-89.298287
07/10/2022 19:46:23.000	9.750	0002.295	0024.295	0095.290	0001.522	0028.058	0007.838	0008.364	0033.701	0002.288	30.288262	-89.298287
07/10/2022 19:46:23.000	9.813	0002.296	0024.297	0095.235	0001.558	0028.046	0007.613	0008.365	0033.685	0002.289	30.288262	-89.298287
07/10/2022 19:46:23.000	9.750	0002.319	0024.299	0095.235	0001.539	0028.050	0007.537	0008.364	0033.691	0002.312	30.288262	-89.298287
07/10/2022 19:46:23.000	9.813	0002.341	0024.295	0095.235	0001.514	0028.072	0007.125	0008.364	0033.720	0002.334	30.288261	-89.298288
07/10/2022 19:46:24.000	9.875	0002.350	0024.283	0095.235	0001.506	0028.098	0007.050	0008.364	0033.754	0002.343	30.288261	-89.298288
07/10/2022 19:46:24.000	9.813	0002.344	0024.264	0094.550	0001.485	0028.124	0007.425	0008.363	0033.789	0002.337	30.288261	-89.298288
07/10/2022 19:46:24.000	10.125	0002.329	0024.251	0095.245	0001.509	0028.142	0007.900	0008.363	0033.813	0002.322	30.288261	-89.298288
07/10/2022 19:46:24.000	9.688	0002.324	0024.236	0095.250	0001.527	0028.148	0007.813	0008.362	0033.821	0002.317	30.288261	-89.298288
07/10/2022 19:46:25.000	9.688	0002.326	0024.227	0095.245	0001.526	0028.160	0007.463	0008.363	0033.836	0002.319	30.288261	-89.298289
07/10/2022 19:46:25.000	9.750	0002.330	0024.223	0095.250	0001.514	0028.166	0007.350	0008.361	0033.844	0002.323	30.288261	-89.298289
07/10/2022 19:46:25.000	9.938	0002.330	0024.219	0095.240	0001.506	0028.174	0007.225	0008.361	0033.855	0002.323	30.288261	-89.298289
07/10/2022 19:46:25.000	9.875	0002.324	0024.217	0095.235	0001.511	0028.180	0007.500	0008.361	0033.863	0002.317	30.288261	-89.298289
07/10/2022 19:46:26.000	9.938	0002.324	0024.214	0095.235	0001.539	0028.204	0007.287	0008.360	0033.895	0002.317	30.288260	-89.298289
07/10/2022 19:46:26.000	10.187	0002.339	0024.203	0095.235	0001.520	0028.212	0007.125	0008.360	0033.905	0002.332	30.288260	-89.298289
07/10/2022 19:46:26.000	10.187	0002.350	0024.190	0095.240	0001.530	0028.228	0007.100	0008.360	0033.927	0002.343	30.288260	-89.298289
07/10/2022 19:46:26.000	10.250	0002.350	0024.181	0095.095	0001.506	0028.220	0007.400	0008.359	0033.916	0002.343	30.288260	-89.298290
07/10/2022 19:46:27.000	10.250	0002.335	0024.174	0095.095	0001.523	0028.210	0007.863	0008.359	0033.903	0002.328	30.288260	-89.298290
07/10/2022 19:46:27.000	10.250	0002.317	0024.177	0095.095	0001.528	0028.218	0007.975	0008.359	0033.913	0002.310	30.288260	-89.298290
07/10/2022 19:46:27.000	10.125	0002.309	0024.178	0095.095	0001.528	0028.216	0008.025	0008.358	0033.911	0002.302	30.288260	-89.298291
07/10/2022 19:46:27.000	10.250	0002.310	0024.177	0094.250	0001.564	0028.216	0007.675	0008.357	0033.911	0002.303	30.288260	-89.298291
07/10/2022 19:46:28.000	10.313	0002.330	0024.176	0094.965	0001.551	0028.238	0007.363	0008.359	0033.940	0002.323	30.288260	-89.298291
07/10/2022 19:46:28.000	10.500	0002.341	0024.172	0094.965	0001.536	0028.268	0007.213	0008.358	0033.980	0002.334	30.288260	-89.298291
07/10/2022 19:46:28.000	10.438	0002.345	0024.164	0094.960	0001.493	0028.286	0007.363	0008.357	0034.003	0002.338	30.288260	-89.298291
07/10/2022 19:46:28.000	10.500	0002.339	0024.151	0094.960	0001.491	0028.296	0007.725	0008.357	0034.017	0002.332	30.288260	-89.298291
07/10/2022 19:46:29.000	10.375	0002.332	0024.135	0094.855	0001.530	0028.302	0007.775	0008.357	0034.025	0002.325	30.288259	-89.298291
07/10/2022 19:46:29.000	10.375	0002.333	0024.118	0094.855	0001.511	0028.306	0007.350	0008.357	0034.030	0002.326	30.288259	-89.298291
07/10/2022 19:46:29.000	10.812	0002.339	0024.099	0094.855	0001.508	0028.322	0007.338	0008.356	0034.051	0002.332	30.288259	-89.298292
07/10/2022 19:46:29.000	10.938	0002.339	0024.082	0094.855	0001.499	0028.326	0007.325	0008.356	0034.056	0002.332	30.288259	-89.298292
07/10/2022 19:46:30.000	10.750	0002.321	0024.068	0094.855	0001.509	0028.330	0007.688	0008.356	0034.062	0002.314	30.288260	-89.298292
07/10/2022 19:46:30.000	10.562	0002.311	0024.058	0094.680	0001.521	0028.342	0007.888	0008.356	0034.078	0002.304	30.288260	-89.298292
07/10/2022 19:46:30.000	10.750	0002.308	0024.057	0094.675	0001.572	0028.350	0007.588	0008.357	0034.088	0002.301	30.288260	-89.298292
07/10/2022 19:46:30.000	11.563	0002.331	0024.055	0094.675	0001.533	0028.354	0007.412	0008.355	0034.094	0002.324	30.288259	-89.298292
07/10/2022 19:46:31.000	11.313	0002.354	0024.053	0094.670	0001.505	0028.362	0007.313	0008.356	0034.104	0002.347	30.288259	-89.298292
07/10/2022 19:46:31.000	11.375	0002.371	0024.049	0093.985	0001.494	0028.370	0007.263	0008.354	0034.115	0002.364	30.288259	-89.298293
07/10/2022 19:46:31.000	11.437	0002.369	0024.042	0094.620	0001.467	0028.382	0007.300	0008.356	0034.131	0002.362	30.288259	-89.298293
07/10/2022 19:46:31.000	11.125	0002.334	0024.031	0094.620	0001.472	0028.378	0007.912	0008.355	0034.125	0002.327	30.288259	-89.298293
07/10/2022 19:46:32.000	10.812	0002.297	0024.022	0094.620	0001.517	0028.378	0007.988	0008.355	0034.125	0002.290	30.288259	-89.298293
07/10/2022 19:46:32.000	10.250	0002.279	0024.021	0094.620	0001.556	0028.380	0008.575	0008.354	0034.128	0002.272	30.288258	-89.298293
07/10/2022 19:46:32.000	10.250	0002.290	0024.022	0094.400	0001.583	0028.384	0008.000	0008.355	0034.133	0002.283	30.288259	-89.298293
07/10/2022 19:46:32.000	10.750	0002.338	0024.016	0094.400	0001.560	0028.386	0007.588	0008.355	0034.136	0002.331	30.288259	-89.298293
07/10/2022 19:46:33.000	11.250	0002.379	0024.013	0094.400	0001.507	0028.394	0007.475	0008.354	0034.147	0002.372	30.288259	-89.298293
07/10/2022 19:46:33.000	11.250	0002.387	0024.010	0094.400	0001.449	0028.400	0007.238	0008.356	0034.155	0002.380	30.288259	-89.298294
07/10/2022 19:46:33.000	11.000	0002.361	0024.011	0094.400	0001.431	0028.398	0007.263	0008.354	0034.152	0002.354	30.288259	-89.298294
07/10/2022 19:46:33.000	10.562	0002.316	0024.014	0094.260	0001.474	0028.394	0007.513	0008.354	0034.147	0002.309	30.288258	-89.298294
07/10/2022 19:46:34.000	10.562	0002.287	0024.011	0094.260	0001.533	0028.394	0007.662	0008.355	0034.147	0002.280	30.288258	-89.298294
07/10/2022 19:46:34.000	11.125	0002.290	0024.012	0094.265	0001.564	0028.394	0007.725	0008.355	0034.147	0002.283	30.288258	-89.298294
07/10/2022 19:46:34.000	11.187	0002.335	0024.011	0094.270	0001.553	0028.396	0007.450	0008.354	0034.149	0002.328	30.288258	-89.298294
07/10/2022 19:46:34.000	11.187	0002.365	0024.014	0093.420	0001.536	0028.396	0007.425	0008.353	0034.149	0002.358	30.288258	-89.298294
07/10/2022 19:46:35.000	11.688	0002.372	0024.014	0094.235	0001.470	0028.396	0007.425	0008.356	0034.149	0002.365	30.288258	-89.298295
07/10/2022 19:46:35.000	11.437	0002.355	0024.015	0094.235	0001.481	0028.388	0007.400	0008.352	0034.139	0002.348	30.288258	-89.298295
07/10/2022 19:46:35.000	11.250	0002.320	0024.011	0094.235	0001.510	0028.386	0007.800	0008.353	0034.136	0002.313	30.288258	-89.298295
07/10/2022 19:46:35.000	10.938	0002.290	0024.008	0094.235	0001.522	0028.380	0008.400	0008.352	0034.128	0002.283	30.288259	-89.298295
07/10/2022 19:46:36.000	10.500	0002.280	0024.009	0093.930	0001.573	0028.380	0008.387	0008.352	0034.128	0002.273	30.288259	-89.298295
07/10/2022 19:46:36.000	10.625	0002.300	0024.008	0093.930	0001.580	0028.380	0008.163	0008.352	0034.128	0002.293	30.288258	-89.298295
07/10/2022 19:46:36.000	11.313	0002.351	0024.008	0093.930	0001.568	0028.380	0007.613	0008.352	0034.128	0002.344	30.288258	-89.298295
07/10/2022 19:46:36.000	11.563	0002.402	0024.009	0093.935	0001.494	0028.380	0007.500	0008.351	0034.128	0002.395	30.288257	-89.298295
07/10/2022 19:46:37.000	11.688	0002.413	0024.006	0093.940	0001.436	0028.384	0007.363	0008.351	0034.133	0002.405	30.288258	-89.298295
07/10/2022 19:46:37.000	11.750	0002.372	0024.006	0093.805	0001.445	0028.386	0007.400	0008.350	0034.136	0002.365	30.288258	-89.298296
07/10/2022 19:46:37.000	11.187	0002.296	0024.004	0093.800	0001.471	0028.386	0007.063	0008.350	0034.136	0002.289	30.288258	-89.298296
07/10/2022 19:46:37.000	11.063	0002.246	0024.006	0093.810	0001.559	0028.384	0007.725	0008.351	0034.133	0002.239	30.288259	-89.298297
07/10/2022 19:46:38.000	11.187	0002.238	0024.007	0093.800	0001.617	0028.378	0007.675	0008.351	0034.125	0002.231	30.288259	-89.298296
07/10/2022 19:46:38.000	11.437	0002.296	0024.012	0093.020	0001.651	0028.368	0007.675	0008.350	0034.112	0002.289	30.288258	-89.298296
07/10/2022 19:46:38.000	11.313	0002.365	0024.019	0093.580	0001.572	0028.368	0007.463	0008.352	0034.112	0002.358	30.288258	-89.298296
07/10/2022 19:46:38.000	11.563	0002.421	0024.024	0093.570	0001.476	0028.378	0007.400	0008.350	0034.125	0002.413	30.288258	-89.298296
07/10/2022 19:46:39.000	11.812	0002.430	0024.018	0093.570	0001.411	0028.388	0007.275	0008.349	0034.139	0002.422	30.288258	-89.298296
07/10/2022 19:46:39.000	11.563	0002.378	0024.004	0093.580	0001.398	0028.390	0007.313	0008.349	0034.141	0002.371	30.288258	-89.298296
07/10/2022 19:46:39.000	11.187	0002.304	0023.996	0093.375	0001.457	0028.386	0007.100	0008.348	0034.136	0002.297	30.288258	-89.298297
07/10/2022 19:46:39.000	11.563	0002.248	0023.994	0093.375	0001.548	0028.386	0007.513	0008.349	0034.136	0002.241	30.288258	-89.298297
07/10/2022 19:46:40.000	11.437	0002.236	0023.991	0093.375	0001.618	0028.380	0007.412	0008.349	0034.128	0002.229	30.288258	-89.298297
07/10/2022 19:46:40.000	11.625	0002.276	0023.995	0093.375	0001.627	0028.354	0007.650	0008.349	0034.094	0002.269	30.288258	-89.298297
07/10/2022 19:46:40.000	11.437	0002.345	0023.999	0093.375	0001.583	0028.370	0007.675	0008.349	0034.115	0002.338	30.288258	-89.298297
07/10/2022 19:46:40.000	11.750	0002.402	0023.995	0093.390	0001.509	0028.384	0007.450	0008.350	0034.133	0002.395	30.288258	-89.298296
07/10/2022 19:46:41.000	12.437	0002.425	0023.991	0093.390	0001.430	0028.386	0007.338	0008.350	0034.136	0002.417	30.288258	-89.298296
07/10/2022 19:46:41.000	12.250	0002.417	0023.994	0093.390	0001.420	0028.388	0007.563	0008.349	0034.139	0002.409	30.288258	-89.298297
07/10/2022 19:46:41.000	11.875	0002.344	0023.994	0093.385	0001.421	0028.390	0007.500	0008.350	0034.141	0002.337	30.288258	-89.298297
07/10/2022 19:46:41.000	11.500	0002.299	0023.995	0092.535	0001.490	0028.390	0007.188	0008.347	0034.141	0002.292	30.288258	-89.298298
07/10/2022 19:46:42.000	11.313	0002.291	0023.999	0093.240	0001.547	0028.394	0008.000	0008.350	0034.147	0002.284	30.288257	-89.298298
07/10/2022 19:46:42.000	11.500	0002.324	0023.999	0093.240	0001.567	0028.392	0008.288	0008.350	0034.144	0002.317	30.288257	-89.298297
07/10/2022 19:46:42.000	11.688	0002.394	0024.000	0093.240	0001.543	0028.392	0007.850	0008.349	0034.144	0002.387	30.288257	-89.298297
07/10/2022 19:46:42.000	11.875	0002.455	0023.994	0093.240	0001.467	0028.400	0007.750	0008.348	0034.155	0002.447	30.288258	-89.298297
07/10/2022 19:46:43.000	12.375	0002.498	0023.986	0093.245	0001.396	0028.406	0008.088	0008.349	0034.163	0002.490	30.288258	-89.298297
07/10/2022 19:46:43.000	12.563	0002.522	0023.979	0093.245	0001.339	0028.410	0007.950	0008.348	0034.168	0002.514	30.288258	-89.298297
07/10/2022 19:46:43.000	12.563	0002.535	0023.973	0093.250	0001.331	0028.414	0007.600	0008.348	0034.173	0002.527	30.288258	-89.298298
07/10/2022 19:46:43.000	12.563	0002.540	0023.968	0093.245	0001.325	0028.418	0007.488	0008.347	0034.179	0002.532	30.288258	-89.298298
07/10/2022 19:46:44.000	12.375	0002.540	0023.958	0093.250	0001.298	0028.424	0007.463	0008.347	0034.187	0002.532	30.288257	-89.298298
07/10/2022 19:46:44.000	12.250	0002.531	0023.944	0093.085	0001.307	0028.430	0007.763	0008.346	0034.194	0002.523	30.288257	-89.298298
07/10/2022 19:46:44.000	12.313	0002.510	0023.940	0093.085	0001.323	0028.430	0007.713	0008.345	0034.194	0002.502	30.288257	-89.298298
07/10/2022 19:46:44.000	12.250	0002.523	0023.944	0093.080	0001.336	0028.430	0007.650	0008.345	0034.194	0002.515	30.288258	-89.298298
07/10/2022 19:46:45.000	12.313	0002.552	0023.943	0093.080	0001.350	0028.424	0008.113	0008.344	0034.187	0002.544	30.288258	-89.298298
07/10/2022 19:46:45.000	12.500	0002.616	0023.941	0092.325	0001.305	0028.440	0008.163	0008.344	0034.208	0002.608	30.288258	-89.298297
07/10/2022 19:46:45.000	12.687	0002.660	0023.940	0092.895	0001.258	0028.444	0007.950	0008.345	0034.213	0002.652	30.288258	-89.298297
07/10/2022 19:46:45.000	12.875	0002.688	0023.932	0092.895	0001.178	0028.446	0007.675	0008.344	0034.216	0002.680	30.288258	-89.298298
07/10/2022 19:46:46.000	12.750	0002.656	0023.921	0092.895	0001.149	0028.442	0007.625	0008.344	0034.210	0002.648	30.288258	-89.298298
07/10/2022 19:46:46.000	12.500	0002.611	0023.909	0092.890	0001.206	0028.442	0007.338	0008.344	0034.210	0002.603	30.288257	-89.298299
07/10/2022 19:46:46.000	12.687	0002.553	0023.903	0092.645	0001.248	0028.442	0007.775	0008.343	0034.210	0002.545	30.288257	-89.298299
07/10/2022 19:46:46.000	12.563	0002.545	0023.902	0092.640	0001.310	0028.424	0008.125	0008.343	0034.187	0002.537	30.288257	-89.298299
07/10/2022 19:46:47.000	12.687	0002.586	0023.899	0092.635	0001.311	0028.412	0009.188	0008.343	0034.171	0002.578	30.288258	-89.298298
07/10/2022 19:46:47.000	12.687	0002.650	0023.900	0092.640	0001.296	0028.422	0008.875	0008.341	0034.184	0002.642	30.288258	-89.298297
07/10/2022 19:46:47.000	12.687	0002.690	0023.906	0092.635	0001.212	0028.422	0008.363	0008.341	0034.184	0002.682	30.288258	-89.298297
07/10/2022 19:46:47.000	12.750	0002.701	0023.906	0092.490	0001.179	0028.424	0007.875	0008.339	0034.187	0002.693	30.288258	-89.298298
07/10/2022 19:46:48.000	13.188	0002.670	0023.906	0092.485	0001.143	0028.426	0007.513	0008.339	0034.189	0002.662	30.288258	-89.298299
07/10/2022 19:46:48.000	12.687	0002.634	0023.905	0092.485	0001.175	0028.430	0007.638	0008.341	0034.194	0002.626	30.288258	-89.298299
07/10/2022 19:46:48.000	12.687	0002.603	0023.900	0092.490	0001.216	0028.432	0008.063	0008.341	0034.197	0002.595	30.288258	-89.298299
07/10/2022 19:46:48.000	12.437	0002.638	0023.900	0091.370	0001.234	0028.432	0008.588	0008.339	0034.197	0002.630	30.288257	-89.298298
07/10/2022 19:46:49.000	12.875	0002.694	0023.898	0092.025	0001.189	0028.440	0008.750	0008.341	0034.208	0002.686	30.288257	-89.298298
07/10/2022 19:46:49.000	13.062	0002.706	0023.898	0092.025	0001.153	0028.440	0007.925	0008.341	0034.208	0002.698	30.288257	-89.298298
07/10/2022 19:46:49.000	13.188	0002.695	0023.894	0092.030	0001.132	0028.440	0007.725	0008.340	0034.208	0002.687	30.288258	-89.298298
07/10/2022 19:46:49.000	13.062	0002.664	0023.893	0092.030	0001.152	0028.436	0008.200	0008.341	0034.202	0002.656	30.288258	-89.298298
07/10/2022 19:46:50.000	12.938	0002.628	0023.888	0091.955	0001.183	0028.436	0008.038	0008.340	0034.202	0002.620	30.288258	-89.298299
07/10/2022 19:46:50.000	12.813	0002.650	0023.889	0091.940	0001.214	0028.430	0008.775	0008.341	0034.194	0002.642	30.288258	-89.298299
07/10/2022 19:46:50.000	13.125	0002.703	0023.889	0091.940	0001.175	0028.440	0008.512	0008.342	0034.208	0002.695	30.288257	-89.298298
07/10/2022 19:46:50.000	13.062	0002.738	0023.886	0091.945	0001.134	0028.440	0007.763	0008.341	0034.208	0002.729	30.288257	-89.298298
07/10/2022 19:46:51.000	13.125	0002.747	0023.891	0091.940	0001.091	0028.442	0007.500	0008.341	0034.210	0002.738	30.288258	-89.298298
07/10/2022 19:46:51.000	13.188	0002.742	0023.892	0091.950	0001.106	0028.444	0007.500	0008.342	0034.213	0002.733	30.288258	-89.298298
07/10/2022 19:46:51.000	13.125	0002.694	0023.893	0091.950	0001.110	0028.446	0008.000	0008.341	0034.216	0002.686	30.288258	-89.298298
07/10/2022 19:46:51.000	13.062	0002.686	0023.889	0091.945	0001.164	0028.446	0008.200	0008.342	0034.216	0002.678	30.288257	-89.298299
07/10/2022 19:46:52.000	12.938	0002.712	0023.890	0091.945	0001.160	0028.446	0007.500	0008.343	0034.216	0002.704	30.288257	-89.298298
07/10/2022 19:46:52.000	13.188	0002.721	0023.888	0091.020	0001.137	0028.446	0007.650	0008.341	0034.216	0002.713	30.288257	-89.298298
07/10/2022 19:46:52.000	13.250	0002.719	0023.890	0091.780	0001.133	0028.446	0008.050	0008.344	0034.216	0002.711	30.288258	-89.298299
07/10/2022 19:46:52.000	13.062	0002.716	0023.889	0091.785	0001.158	0028.442	0008.137	0008.343	0034.210	0002.708	30.288258	-89.298299
07/10/2022 19:46:53.000	13.062	0002.692	0023.891	0091.790	0001.142	0028.440	0008.150	0008.341	0034.208	0002.684	30.288258	-89.298299
07/10/2022 19:46:53.000	12.875	0002.728	0023.890	0091.780	0001.159	0028.440	0007.988	0008.341	0034.208	0002.719	30.288258	-89.298299
07/10/2022 19:46:53.000	13.188	0002.788	0023.889	0091.790	0001.113	0028.442	0007.875	0008.341	0034.210	0002.779	30.288258	-89.298299
07/10/2022 19:46:53.000	12.938	0002.811	0023.886	0091.780	0001.076	0028.444	0007.675	0008.340	0034.213	0002.802	30.288258	-89.298298
07/10/2022 19:46:54.000	13.062	0002.816	0023.883	0091.780	0001.037	0028.446	0007.463	0008.341	0034.216	0002.807	30.288258	-89.298299
07/10/2022 19:46:54.000	13.250	0002.783	0023.881	0091.780	0001.041	0028.446	0007.600	0008.340	0034.216	0002.774	30.288258	-89.298299
07/10/2022 19:46:54.000	13.125	0002.720	0023.884	0091.785	0001.075	0028.444	0007.463	0008.339	0034.213	0002.712	30.288258	-89.298299
07/10/2022 19:46:54.000	12.875	0002.690	0023.889	0091.625	0001.137	0028.444	0007.888	0008.341	0034.213	0002.682	30.288258	-89.298299
07/10/2022 19:46:55.000	12.875	0002.713	0023.892	0091.615	0001.170	0028.442	0008.200	0008.340	0034.210	0002.705	30.288258	-89.298299
07/10/2022 19:46:55.000	13.125	0002.756	0023.888	0091.620	0001.154	0028.446	0008.425	0008.341	0034.216	0002.747	30.288258	-89.298298
07/10/2022 19:46:55.000	13.062	0002.795	0023.883	0091.615	0001.117	0028.448	0008.637	0008.341	0034.218	0002.786	30.288258	-89.298298
07/10/2022 19:46:55.000	13.125	0002.841	0023.870	0090.855	0001.061	0028.450	0008.438	0008.339	0034.221	0002.832	30.288258	-89.298298
07/10/2022 19:46:56.000	13.062	0002.850	0023.860	0091.670	0001.019	0028.452	0007.863	0008.341	0034.224	0002.841	30.288258	-89.298299
07/10/2022 19:46:56.000	12.938	0002.844	0023.857	0091.685	0001.012	0028.452	0007.750	0008.341	0034.224	0002.835	30.288258	-89.298299
07/10/2022 19:46:56.000	12.938	0002.824	0023.855	0091.685	0001.021	0028.444	0007.662	0008.340	0034.213	0002.815	30.288258	-89.298299
07/10/2022 19:46:56.000	12.687	0002.807	0023.863	0091.675	0001.068	0028.442	0007.838	0008.341	0034.210	0002.798	30.288258	-89.298299
07/10/2022 19:46:57.000	12.563	0002.779	0023.870	0091.615	0001.070	0028.442	0007.638	0008.339	0034.210	0002.770	30.288258	-89.298299
07/10/2022 19:46:57.000	12.687	0002.769	0023.875	0091.615	0001.146	0028.444	0007.425	0008.340	0034.213	0002.760	30.288258	-89.298299
07/10/2022 19:46:57.000	12.938	0002.763	0023.877	0091.615	0001.098	0028.442	0007.537	0008.341	0034.210	0002.754	30.288258	-89.298299
07/10/2022 19:46:57.000	13.062	0002.796	0023.874	0091.615	0001.100	0028.446	0008.913	0008.340	0034.216	0002.787	30.288259	-89.298299
07/10/2022 19:46:58.000	13.188	0002.846	0023.873	0091.615	0001.060	0028.448	0008.488	0008.339	0034.218	0002.837	30.288258	-89.298299
07/10/2022 19:46:58.000	13.250	0002.898	0023.868	0091.655	0001.017	0028.450	0008.000	0008.341	0034.221	0002.889	30.288258	-89.298298
07/10/2022 19:46:58.000	13.312	0002.922	0023.861	0091.650	0000.961	0028.450	0007.563	0008.339	0034.221	0002.913	30.288258	-89.298298
07/10/2022 19:46:58.000	13.563	0002.924	0023.854	0091.655	0000.926	0028.448	0007.763	0008.338	0034.218	0002.915	30.288258	-89.298298
07/10/2022 19:46:59.000	13.750	0002.862	0023.847	0091.645	0000.924	0028.450	0007.463	0008.338	0034.221	0002.853	30.288258	-89.298299
07/10/2022 19:46:59.000	13.625	0002.817	0023.846	0090.860	0001.002	0028.442	0007.563	0008.335	0034.210	0002.808	30.288258	-89.298299
07/10/2022 19:46:59.000	13.250	0002.753	0023.848	0091.385	0001.057	0028.430	0008.188	0008.339	0034.194	0002.744	30.288259	-89.298299
07/10/2022 19:46:59.000	13.438	0002.701	0023.850	0091.395	0001.097	0028.422	0007.588	0008.339	0034.184	0002.693	30.288259	-89.298299
07/10/2022 19:47:00.000	13.188	0002.671	0023.853	0091.390	0001.178	0028.432	0007.475	0008.339	0034.197	0002.663	30.288259	-89.298299
07/10/2022 19:47:00.000	12.938	0002.636	0023.854	0091.395	0001.254	0028.440	0007.513	0008.340	0034.208	0002.628	30.288258	-89.298298
07/10/2022 19:47:00.000	12.938	0002.591	0023.861	0091.235	0001.235	0028.442	0007.450	0008.341	0034.210	0002.583	30.288258	-89.298298
07/10/2022 19:47:00.000	12.875	0002.479	0023.872	0091.220	0001.260	0028.440	0007.412	0008.341	0034.208	0002.471	30.288258	-89.298298
07/10/2022 19:47:01.000	12.625	0002.364	0023.886	0091.230	0001.374	0028.420	0007.238	0008.343	0034.181	0002.357	30.288258	-89.298299
07/10/2022 19:47:01.000	12.313	0002.219	0023.907	0091.220	0001.495	0028.268	0007.412	0008.344	0033.980	0002.212	30.288258	-89.298299
07/10/2022 19:47:01.000	11.750	0002.092	0023.922	0091.220	0001.653	0028.196	0007.162	0008.345	0033.884	0002.085	30.288258	-89.298299
07/10/2022 19:47:01.000	11.125	0001.989	0023.975	0091.575	0001.762	0028.174	0007.425	0008.347	0033.855	0001.983	30.288258	-89.298299
07/10/2022 19:47:02.000	11.437	0001.912	0024.073	0091.575	0001.865	0028.162	0007.412	0008.349	0033.839	0001.906	30.288258	-89.298298
07/10/2022 19:47:02.000	10.063	0001.846	0024.178	0091.570	0001.946	0028.108	0007.050	0008.353	0033.768	0001.840	30.288258	-89.298298
07/10/2022 19:47:02.000	9.750	0001.776	0024.256	0091.575	0002.012	0028.046	0007.738	0008.357	0033.685	0001.770	30.288258	-89.298298
07/10/2022 19:47:02.000	9.813	0001.687	0024.311	0091.190	0002.082	0027.968	0008.613	0008.363	0033.582	0001.682	30.288258	-89.298298
07/10/2022 19:47:03.000	9.563	0001.587	0024.318	0092.775	0002.153	0027.856	0007.725	0008.370	0033.434	0001.582	30.288258	-89.298299
07/10/2022 19:47:03.000	9.625	0001.467	0024.320	0092.770	0002.273	0027.694	0007.263	0008.372	0033.220	0001.462	30.288259	-89.298298
07/10/2022 19:47:03.000	9.750	0001.368	0024.322	0092.765	0002.366	0027.458	0007.338	0008.373	0032.908	0001.364	30.288259	-89.298298
07/10/2022 19:47:03.000	9.500	0001.278	0024.347	0092.765	0002.482	0027.046	0007.213	0008.375	0032.364	0001.274	30.288258	-89.298298
07/10/2022 19:47:04.000	9.563	0001.174	0024.383	0093.370	0002.561	0026.674	0007.100	0008.386	0031.875	0001.170	30.288258	-89.298298
07/10/2022 19:47:04.000	9.688	0001.091	0024.407	0093.370	0002.671	0026.556	0007.188	0008.390	0031.720	0001.088	30.288258	-89.298298
07/10/2022 19:47:04.000	9.500	0001.003	0024.417	0093.370	0002.776	0026.088	0007.075	0008.395	0031.105	0001.000	30.288258	-89.298298
07/10/2022 19:47:04.000	9.563	0000.980	0024.415	0093.370	0002.911	0025.756	0007.125	0008.406	0030.671	0000.977	30.288258	-89.298298
07/10/2022 19:47:05.000	9.813	0000.989	0024.404	0093.370	0002.905	0025.154	0007.213	0008.402	0029.884	0000.986	30.288258	-89.298297
07/10/2022 19:47:05.000	9.875	0000.993	0024.392	0094.355	0002.892	0024.970	0007.162	0008.410	0029.644	0000.990	30.288258	-89.298297
07/10/2022 19:47:05.000	9.688	0000.959	0024.378	0094.350	0002.845	0024.794	0007.188	0008.410	0029.415	0000.956	30.288258	-89.298297
07/10/2022 19:47:05.000	9.688	0000.892	0024.366	0094.350	0002.891	0024.772	0007.075	0008.417	0029.386	0000.889	30.288258	-89.298298
07/10/2022 19:47:06.000	9.688	0000.824	0024.362	0094.345	0002.961	0024.764	0007.013	0008.424	0029.376	0000.821	30.288258	-89.298298
07/10/2022 19:47:06.000	9.813	0000.788	0024.359	0093.815	0003.032	0024.452	0006.850	0008.417	0028.970	0000.786	30.288258	-89.298298
07/10/2022 19:47:06.000	9.875	0000.783	0024.357	0095.570	0003.088	0023.482	0006.912	0008.419	0027.713	0000.781	30.288259	-89.298297
07/10/2022 19:47:06.000	9.813	0000.791	0024.361	0095.575	0003.094	0021.542	0006.800	0008.415	0025.218	0000.789	30.288259	-89.298297
07/10/2022 19:47:07.000	9.875	0000.795	0024.365	0095.575	0003.066	0020.990	0006.500	0008.415	0024.513	0000.793	30.288258	-89.298297
07/10/2022 19:47:07.000	9.938	0000.762	0024.392	0095.575	0003.066	0020.712	0006.438	0008.424	0024.159	0000.760	30.288258	-89.298297
07/10/2022 19:47:07.000	9.875	0000.718	0024.504	0096.165	0003.089	0020.678	0006.438	0008.430	0024.116	0000.716	30.288258	-89.298297
07/10/2022 19:47:07.000	9.688	0000.675	0024.617	0096.155	0003.127	0020.708	0006.438	0008.432	0024.154	0000.673	30.288258	-89.298297
07/10/2022 19:47:08.000	9.813	0000.647	0024.688	0096.165	0003.203	0020.734	0006.213	0008.431	0024.187	0000.645	30.288258	-89.298297
07/10/2022 19:47:08.000	9.938	0000.631	0024.734	0096.160	0003.230	0020.724	0006.500	0008.430	0024.174	0000.629	30.288258	-89.298297
07/10/2022 19:47:08.000	9.875	0000.610	0024.764	0096.160	0003.227	0020.720	0006.063	0008.429	0024.169	0000.608	30.288258	-89.298297
07/10/2022 19:47:08.000	10.250	0000.592	0024.789	0097.235	0003.245	0020.688	0005.675	0008.427	0024.128	0000.590	30.288258	-89.298297
07/10/2022 19:47:09.000	10.000	0000.571	0024.813	0097.235	0003.273	0020.616	0005.500	0008.427	0024.037	0000.569	30.288258	-89.298296
07/10/2022 19:47:09.000	10.000	0000.553	0024.839	0097.240	0003.283	0020.568	0005.400	0008.427	0023.976	0000.551	30.288258	-89.298296
07/10/2022 19:47:09.000	10.063	0000.538	0024.855	0097.245	0003.333	0020.536	0005.475	0008.426	0023.935	0000.536	30.288258	-89.298297
07/10/2022 19:47:09.000	10.063	0000.509	0024.870	0096.295	0003.307	0020.324	0005.287	0008.421	0023.665	0000.507	30.288258	-89.298297
07/10/2022 19:47:10.000	9.938	0000.468	0024.875	0097.620	0003.366	0020.086	0005.225	0008.425	0023.363	0000.467	30.288258	-89.298297
07/10/2022 19:47:10.000	9.938	0000.420	0024.891	0097.620	0003.437	0020.166	0005.063	0008.425	0023.465	0000.419	30.288258	-89.298297
07/10/2022 19:47:10.000	10.063	0000.397	0024.945	0097.610	0003.444	0020.144	0004.988	0008.424	0023.437	0000.396	30.288258	-89.298296
07/10/2022 19:47:10.000	10.063	0000.387	0025.002	0097.630	0003.457	0020.108	0004.825	0008.420	0023.391	0000.386	30.288258	-89.298296
07/10/2022 19:47:11.000	9.938	0000.386	0025.047	0098.190	0003.453	0020.092	0004.738	0008.419	0023.371	0000.385	30.288258	-89.298296
07/10/2022 19:47:11.000	10.063	0000.383	0025.086	0098.190	0003.448	0020.128	0004.662	0008.419	0023.417	0000.382	30.288258	-89.298296
07/10/2022 19:47:11.000	10.063	0000.349	0025.105	0098.195	0003.492	0020.148	0004.600	0008.417	0023.442	0000.348	30.288258	-89.298296
07/10/2022 19:47:11.000	9.750	0000.304	0025.115	0098.190	0003.539	0020.152	0004.725	0008.408	0023.447	0000.303	30.288258	-89.298296
07/10/2022 19:47:12.000	9.750	0000.270	0025.124	0098.190	0003.591	0020.174	0004.850	0008.404	0023.475	0000.269	30.288258	-89.298295
07/10/2022 19:47:12.000	9.938	0000.261	0025.129	0098.295	0003.628	0020.126	0004.725	0008.402	0023.414	0000.260	30.288258	-89.298295
07/10/2022 19:47:12.000	9.875	0000.261	0025.138	0098.300	0003.593	0020.062	0004.600	0008.401	0023.333	0000.260	30.288258	-89.298295
07/10/2022 19:47:12.000	10.438	0000.231	0025.159	0098.295	0003.579	0020.078	0004.525	0008.400	0023.353	0000.230	30.288259	-89.298295
07/10/2022 19:47:13.000	10.187	0000.191	0025.162	0098.295	0003.616	0020.044	0004.575	0008.399	0023.310	0000.190	30.288259	-89.298296
07/10/2022 19:47:13.000	9.875	0000.127	0025.159	0097.315	0003.786	0019.952	0004.575	0008.396	0023.193	0000.127	30.288259	-89.298296
07/10/2022 19:47:13.000	9.813	0000.126	0025.170	0098.620	0003.824	0019.896	0004.525	0008.399	0023.122	0000.126	30.288259	-89.298296
07/10/2022 19:47:13.000	9.813	0000.135	0025.198	0098.620	0003.766	0019.928	0004.525	0008.396	0023.163	0000.135	30.288259	-89.298295
07/10/2022 19:47:14.000	9.813	0000.144	0025.222	0098.620	0003.720	0020.074	0004.525	0008.393	0023.348	0000.144	30.288259	-89.298294
07/10/2022 19:47:14.000	9.688	0000.133	0025.229	0098.620	0003.659	0020.038	0004.588	0008.392	0023.302	0000.133	30.288259	-89.298295
07/10/2022 19:47:14.000	9.688	0000.092	0025.223	0098.970	0003.700	0019.940	0004.525	0008.389	0023.178	0000.092	30.288259	-89.298295
07/10/2022 19:47:14.000	9.813	0000.031	0025.222	0098.970	0003.768	0019.896	0004.525	0008.388	0023.122	0000.031	30.288259	-89.298296
07/10/2022 19:47:15.000	11.812	-000.005	0025.225	0098.970	0003.912	0019.886	0004.475	0008.389	0023.110	-000.005	30.288259	-89.298295
07/10/2022 19:47:15.000	2146.000	-000.023	0025.207	0098.970	0004.005	0002.878	0004.650	0008.413	0002.900	-000.023	30.288260	-89.298294
07/10/2022 19:47:15.000	958.313	-000.014	0025.190	0098.970	0003.989	0009.690	0004.638	0008.405	0010.610	-000.014	30.288260	-89.298294
07/10/2022 19:47:15.000	116.875	0000.012	0025.186	0098.750	0003.896	0020.014	0004.513	0008.407	0023.272	0000.012	30.288260	-89.298293
07/10/2022 19:47:16.000	19.563	0000.055	0025.195	0098.740	0003.791	0019.986	0004.412	0008.403	0023.236	0000.055	30.288260	-89.298294
07/10/2022 19:47:16.000	14.625	0000.046	0025.203	0098.750	0003.824	0019.896	0004.363	0008.399	0023.122	0000.046	30.288260	-89.298295
07/10/2022 19:47:16.000	11.875	-000.002	0025.201	0098.750	0003.877	0019.668	0004.412	0008.397	0022.834	-000.002	30.288260	-89.298295
07/10/2022 19:47:16.000	1872.313	-000.015	0025.211	0097.630	0003.948	0001.396	0004.513	0008.392	0001.351	-000.015	30.288260	-89.298295
07/10/2022 19:47:17.000	258.812	-000.011	0025.218	0098.880	0004.009	0001.118	0004.463	0008.392	0001.070	-000.011	30.288261	-89.298294
07/10/2022 19:47:17.000	53.125	-000.011	0025.213	0098.885	0003.965	0015.594	0004.513	0008.393	0017.741	-000.011	30.288261	-89.298293
07/10/2022 19:47:17.000	62.688	-000.011	0025.213	0098.880	0003.889	0019.900	0004.488	0008.399	0023.127	-000.011	30.288261	-89.298293
07/10/2022 19:47:17.000	17.625	-000.000	0025.220	0098.880	0003.827	0019.838	0004.450	0008.396	0023.049	-000.000	30.288261	-89.298294
07/10/2022 19:47:18.000	10.688	0000.013	0025.236	0098.905	0003.838	0019.840	0004.513	0008.395	0023.051	0000.013	30.288260	-89.298294
07/10/2022 19:47:18.000	10.625	0000.014	0025.256	0098.905	0003.841	0019.906	0004.513	0008.394	0023.135	0000.014	30.288260	-89.298294
07/10/2022 19:47:18.000	124.812	-000.020	0025.261	0098.900	0003.878	0019.746	0004.513	0008.391	0022.932	-000.020	30.288261	-89.298293
07/10/2022 19:47:18.000	131.625	-000.016	0025.256	0098.905	0003.920	0002.106	0004.475	0008.389	0002.084	-000.016	30.288261	-89.298293
07/10/2022 19:47:19.000	70.375	-000.016	0025.250	0098.905	0003.917	0019.062	0004.438	0008.394	0022.068	-000.016	30.288261	-89.298293
07/10/2022 19:47:19.000	13.937	-000.004	0025.251	0098.960	0003.908	0019.896	0004.425	0008.395	0023.122	-000.004	30.288261	-89.298293
07/10/2022 19:47:19.000	10.250	0000.012	0025.252	0098.955	0003.906	0019.890	0004.450	0008.392	0023.115	0000.012	30.288261	-89.298293
07/10/2022 19:47:19.000	10.063	-000.002	0025.254	0098.955	0003.865	0019.772	0004.488	0008.390	0022.965	-000.002	30.288261	-89.298293
07/10/2022 19:47:20.000	332.125	-000.015	0025.256	0098.960	0003.867	0001.286	0004.500	0008.389	0001.239	-000.015	30.288261	-89.298293
07/10/2022 19:47:20.000	100.063	-000.014	0025.254	0097.795	0003.903	0019.534	0004.700	0008.385	0022.664	-000.014	30.288262	-89.298292
07/10/2022 19:47:20.000	16.625	-000.014	0025.251	0098.860	0003.926	0019.888	0004.575	0008.395	0023.112	-000.014	30.288262	-89.298292
07/10/2022 19:47:20.000	10.625	0000.005	0025.251	0098.860	0003.889	0019.894	0004.313	0008.394	0023.120	0000.005	30.288262	-89.298292
07/10/2022 19:47:21.000	10.063	0000.008	0025.255	0098.845	0003.887	0019.886	0004.250	0008.390	0023.110	0000.008	30.288262	-89.298292
07/10/2022 19:47:21.000	17.625	-000.020	0025.259	0098.855	0003.872	0019.796	0004.225	0008.388	0022.996	-000.020	30.288262	-89.298292
07/10/2022 19:47:21.000	16.375	-000.019	0025.259	0098.970	0003.870	0019.856	0004.275	0008.386	0023.072	-000.019	30.288262	-89.298292
07/10/2022 19:47:21.000	10.750	0000.008	0025.262	0098.960	0003.876	0019.884	0004.063	0008.389	0023.107	0000.008	30.288262	-89.298292
07/10/2022 19:47:22.000	10.625	0000.007	0025.264	0098.960	0003.933	0019.902	0004.088	0008.389	0023.130	0000.007	30.288262	-89.298291
07/10/2022 19:47:22.000	53.313	-000.018	0025.265	0098.960	0003.925	0018.356	0004.175	0008.387	0021.180	-000.018	30.288262	-89.298291
07/10/2022 19:47:22.000	193.875	-000.012	0025.264	0098.955	0003.940	0001.660	0004.188	0008.388	0001.621	-000.012	30.288262	-89.298291
07/10/2022 19:47:22.000	60.062	-000.013	0025.262	0098.895	0003.925	0010.226	0004.113	0008.388	0011.243	-000.013	30.288262	-89.298291
07/10/2022 19:47:23.000	39.500	-000.003	0025.264	0098.885	0003.879	0019.874	0004.113	0008.392	0023.095	-000.003	30.288263	-89.298291
07/10/2022 19:47:23.000	12.687	0000.029	0025.270	0098.885	0003.853	0019.870	0004.063	0008.389	0023.089	0000.029	30.288263	-89.298291
