Date / Time	TURBIDITY;FTU	PRESSURE;DBAR	TEMPERATURE;C	DISSOLVED OXYGEN;SAT%	ALTITUDE;M	CONDUCTIVITY;MS/CM	FLUOROMETER (C);UG/L	PH;PH	Calc. SALINITY; PSU	Calc. DEPTH;M	LATITUDE;DEG	LONGITUDE;DEG
28/09/2022 19:31:37.000	-18.938	-000.000	0028.079	0059.755	0014.276	0000.142	0004.275	0007.836	0000.124	-000.000	30.186650	-91.985396
28/09/2022 19:31:37.000	145.562	0000.000	0028.081	0059.760	0014.219	0000.140	0003.175	0007.874	0000.122	0000.000	30.186647	-91.985393
28/09/2022 19:31:37.000	92.250	0000.005	0028.080	0059.755	0014.257	0000.140	0003.638	0007.930	0000.122	0000.005	30.186643	-91.985391
28/09/2022 19:31:37.000	36.813	0000.008	0028.080	0059.755	0014.244	0000.140	0003.350	0007.857	0000.122	0000.008	30.186640	-91.985388
28/09/2022 19:31:38.000	38.250	0000.014	0028.080	0060.325	0014.302	0000.140	0003.713	0007.822	0000.122	0000.014	30.186633	-91.985383
28/09/2022 19:31:38.000	31.250	0000.029	0028.077	0060.325	0014.246	0000.142	0003.913	0007.844	0000.124	0000.030	30.186630	-91.985381
28/09/2022 19:31:38.000	57.688	0000.102	0028.078	0060.325	0014.296	0000.142	0004.213	0007.829	0000.124	0000.104	30.186627	-91.985379
28/09/2022 19:31:38.000	121.563	0000.124	0028.081	0060.330	0014.285	0000.134	0004.363	0007.791	0000.116	0000.127	30.186623	-91.985376
28/09/2022 19:31:39.000	75.000	0000.239	0028.083	0060.330	0014.188	0000.140	0004.513	0007.822	0000.122	0000.245	30.186617	-91.985373
28/09/2022 19:31:39.000	11.500	0000.360	0028.096	0060.725	0014.045	0000.140	0004.513	0007.868	0000.122	0000.368	30.186614	-91.985371
28/09/2022 19:31:39.000	7.063	0000.365	0028.113	0060.720	0014.234	0000.140	0004.525	0007.874	0000.122	0000.374	30.186611	-91.985369
28/09/2022 19:31:39.000	6.750	0000.410	0028.123	0060.720	0014.394	0000.140	0004.600	0007.823	0000.122	0000.420	30.186608	-91.985368
28/09/2022 19:31:40.000	6.813	0000.451	0028.132	0060.725	0015.293	0000.140	0004.513	0007.802	0000.122	0000.462	30.186601	-91.985365
28/09/2022 19:31:40.000	6.750	0000.515	0028.137	0060.725	0016.467	0000.142	0004.438	0007.744	0000.124	0000.527	30.186598	-91.985364
28/09/2022 19:31:40.000	6.938	0000.574	0028.139	0061.380	0016.534	0000.142	0004.563	0007.873	0000.124	0000.587	30.186596	-91.985362
28/09/2022 19:31:40.000	6.750	0000.646	0028.135	0061.380	0016.183	0000.142	0004.688	0007.869	0000.124	0000.661	30.186590	-91.985359
28/09/2022 19:31:41.000	6.688	0000.718	0028.130	0061.380	0016.825	0000.144	0004.988	0007.896	0000.126	0000.735	30.186588	-91.985357
28/09/2022 19:31:41.000	6.625	0000.801	0028.130	0061.380	0017.109	0000.142	0004.988	0007.915	0000.124	0000.820	30.186585	-91.985356
28/09/2022 19:31:41.000	6.688	0000.880	0028.131	0061.680	0016.629	0000.142	0004.888	0007.860	0000.124	0000.901	30.186583	-91.985354
28/09/2022 19:31:41.000	6.500	0000.990	0028.128	0061.660	0016.639	0000.142	0005.162	0007.872	0000.124	0001.013	30.186580	-91.985352
28/09/2022 19:31:42.000	6.500	0001.060	0028.125	0061.680	0016.331	0000.142	0005.200	0007.775	0000.124	0001.085	30.186576	-91.985349
28/09/2022 19:31:42.000	6.625	0001.138	0028.129	0061.675	0015.899	0000.142	0005.350	0007.817	0000.124	0001.165	30.186574	-91.985347
28/09/2022 19:31:42.000	6.563	0001.257	0028.127	0061.670	0015.419	0000.142	0005.150	0007.825	0000.124	0001.286	30.186571	-91.985346
28/09/2022 19:31:42.000	6.625	0001.340	0028.115	0061.530	0015.305	0000.142	0005.338	0007.746	0000.124	0001.371	30.186569	-91.985345
28/09/2022 19:31:43.000	6.563	0001.452	0028.095	0061.525	0015.074	0000.142	0005.475	0007.824	0000.124	0001.486	30.186565	-91.985342
28/09/2022 19:31:43.000	6.563	0001.545	0028.063	0061.525	0014.691	0000.140	0005.475	0007.798	0000.122	0001.581	30.186562	-91.985341
28/09/2022 19:31:43.000	6.438	0001.638	0028.037	0061.520	0014.470	0000.140	0005.563	0007.706	0000.122	0001.676	30.186560	-91.985340
28/09/2022 19:31:43.000	6.438	0001.714	0028.023	0061.525	0014.205	0000.142	0005.650	0007.649	0000.124	0001.754	30.186558	-91.985339
28/09/2022 19:31:44.000	6.625	0001.801	0028.019	0060.910	0014.255	0000.142	0005.513	0007.755	0000.124	0001.843	30.186554	-91.985336
28/09/2022 19:31:44.000	6.563	0001.901	0028.017	0060.910	0014.159	0000.142	0005.400	0007.714	0000.124	0001.946	30.186553	-91.985335
28/09/2022 19:31:44.000	6.625	0001.989	0028.024	0060.905	0014.236	0000.142	0005.263	0007.739	0000.124	0002.036	30.186551	-91.985334
28/09/2022 19:31:44.000	6.625	0002.085	0028.035	0060.910	0013.796	0000.142	0005.438	0007.704	0000.124	0002.134	30.186547	-91.985331
28/09/2022 19:31:45.000	6.500	0002.167	0028.043	0057.895	0013.824	0000.144	0005.438	0007.666	0000.126	0002.218	30.186545	-91.985330
28/09/2022 19:31:45.000	6.750	0002.261	0028.046	0057.875	0013.507	0000.142	0005.338	0007.732	0000.124	0002.314	30.186544	-91.985328
28/09/2022 19:31:45.000	6.500	0002.357	0028.043	0057.885	0013.156	0000.142	0005.263	0007.682	0000.124	0002.412	30.186542	-91.985327
28/09/2022 19:31:45.000	6.500	0002.466	0028.021	0057.880	0013.251	0000.140	0005.013	0007.675	0000.122	0002.524	30.186540	-91.985326
28/09/2022 19:31:46.000	6.500	0002.575	0027.967	0057.880	0012.782	0000.142	0004.938	0007.635	0000.124	0002.635	30.186537	-91.985324
28/09/2022 19:31:46.000	6.375	0002.670	0027.920	0056.660	0012.529	0000.140	0004.850	0007.596	0000.122	0002.733	30.186535	-91.985323
28/09/2022 19:31:46.000	6.500	0002.768	0027.883	0056.655	0012.346	0000.140	0004.863	0007.559	0000.122	0002.833	30.186534	-91.985322
28/09/2022 19:31:46.000	6.313	0002.868	0027.857	0056.655	0012.269	0000.140	0004.875	0007.559	0000.122	0002.935	30.186532	-91.985321
28/09/2022 19:31:47.000	6.250	0002.940	0027.847	0056.660	0012.131	0000.140	0004.750	0007.511	0000.122	0003.009	30.186529	-91.985319
28/09/2022 19:31:47.000	6.313	0003.038	0027.837	0056.650	0011.833	0000.140	0004.675	0007.554	0000.122	0003.109	30.186527	-91.985318
28/09/2022 19:31:47.000	6.375	0003.136	0027.831	0052.975	0012.109	0000.142	0004.463	0007.551	0000.124	0003.209	30.186526	-91.985317
28/09/2022 19:31:47.000	6.375	0003.226	0027.825	0052.975	0011.628	0000.140	0004.550	0007.515	0000.122	0003.302	30.186524	-91.985316
28/09/2022 19:31:48.000	6.125	0003.356	0027.817	0052.975	0011.711	0000.140	0004.638	0007.565	0000.122	0003.435	30.186522	-91.985314
28/09/2022 19:31:48.000	6.188	0003.436	0027.808	0052.980	0011.589	0000.142	0004.388	0007.571	0000.124	0003.517	30.186520	-91.985313
28/09/2022 19:31:48.000	6.125	0003.536	0027.800	0049.855	0011.191	0000.142	0004.412	0007.511	0000.124	0003.619	30.186519	-91.985312
28/09/2022 19:31:48.000	6.125	0003.635	0027.792	0049.835	0011.130	0000.142	0004.438	0007.521	0000.124	0003.720	30.186516	-91.985311
28/09/2022 19:31:49.000	6.125	0003.742	0027.783	0049.860	0011.015	0000.142	0004.225	0007.478	0000.124	0003.830	30.186515	-91.985310
28/09/2022 19:31:49.000	6.313	0003.837	0027.776	0049.860	0010.852	0000.142	0004.213	0007.500	0000.124	0003.927	30.186513	-91.985309
28/09/2022 19:31:49.000	6.125	0003.935	0027.755	0049.860	0010.687	0000.144	0004.350	0007.407	0000.126	0004.027	30.186512	-91.985308
28/09/2022 19:31:49.000	6.313	0004.038	0027.721	0048.460	0010.444	0000.142	0004.300	0007.417	0000.124	0004.133	30.186511	-91.985307
28/09/2022 19:31:50.000	6.250	0004.144	0027.680	0048.470	0010.322	0000.142	0004.400	0007.468	0000.124	0004.241	30.186508	-91.985306
28/09/2022 19:31:50.000	6.250	0004.231	0027.629	0048.470	0010.265	0000.142	0005.150	0007.381	0000.124	0004.330	30.186507	-91.985305
28/09/2022 19:31:50.000	6.375	0004.342	0027.566	0048.470	0010.113	0000.142	0003.650	0007.326	0000.124	0004.444	30.186506	-91.985304
28/09/2022 19:31:50.000	6.500	0004.429	0027.444	0048.480	0009.961	0000.140	0003.025	0007.267	0000.122	0004.533	30.186504	-91.985304
28/09/2022 19:31:51.000	6.938	0004.527	0027.256	0044.570	0009.842	0000.142	0002.650	0007.209	0000.124	0004.633	30.186502	-91.985302
28/09/2022 19:31:51.000	6.375	0004.634	0027.093	0044.580	0009.788	0000.142	0002.563	0007.192	0000.124	0004.743	30.186501	-91.985301
28/09/2022 19:31:51.000	6.500	0004.736	0026.960	0044.575	0009.590	0000.142	0002.500	0007.167	0000.124	0004.847	30.186500	-91.985301
28/09/2022 19:31:51.000	6.250	0004.824	0026.877	0044.580	0009.443	0000.144	0002.463	0007.131	0000.126	0004.937	30.186499	-91.985300
28/09/2022 19:31:52.000	6.188	0004.931	0026.783	0024.115	0009.342	0000.146	0002.388	0007.091	0000.127	0005.047	30.186497	-91.985298
28/09/2022 19:31:52.000	6.000	0005.032	0026.660	0024.100	0009.143	0000.146	0002.362	0007.077	0000.127	0005.150	30.186495	-91.985298
28/09/2022 19:31:52.000	5.750	0005.143	0026.470	0024.110	0009.091	0000.150	0002.313	0007.064	0000.131	0005.264	30.186494	-91.985297
28/09/2022 19:31:52.000	5.563	0005.238	0026.203	0024.110	0008.950	0000.152	0002.075	0007.049	0000.133	0005.361	30.186492	-91.985296
28/09/2022 19:31:53.000	5.813	0005.328	0025.846	0024.115	0008.861	0000.152	0002.075	0007.057	0000.133	0005.453	30.186491	-91.985295
28/09/2022 19:31:53.000	5.563	0005.437	0025.432	0011.655	0008.789	0000.152	0002.050	0007.070	0000.133	0005.564	30.186490	-91.985295
28/09/2022 19:31:53.000	6.125	0005.535	0024.971	0011.655	0008.686	0000.152	0002.013	0007.044	0000.133	0005.665	30.186489	-91.985294
28/09/2022 19:31:53.000	7.063	0005.659	0024.404	0011.655	0008.495	0000.152	0001.950	0007.047	0000.133	0005.792	30.186488	-91.985293
28/09/2022 19:31:54.000	7.875	0005.758	0023.754	0011.660	0008.307	0000.150	0001.913	0007.076	0000.131	0005.893	30.186486	-91.985292
28/09/2022 19:31:54.000	8.625	0005.858	0023.118	0011.650	0008.220	0000.152	0001.875	0007.098	0000.133	0005.995	30.186485	-91.985292
28/09/2022 19:31:54.000	8.875	0005.940	0022.581	0006.260	0008.203	0000.150	0001.863	0007.119	0000.131	0006.079	30.186484	-91.985291
28/09/2022 19:31:54.000	9.500	0006.042	0022.164	0006.250	0007.982	0000.148	0001.925	0007.098	0000.129	0006.184	30.186483	-91.985291
28/09/2022 19:31:55.000	10.187	0006.130	0021.824	0006.245	0007.930	0000.146	0001.813	0007.115	0000.127	0006.274	30.186481	-91.985290
28/09/2022 19:31:55.000	10.750	0006.230	0021.525	0006.245	0007.833	0000.146	0001.838	0007.102	0000.127	0006.376	30.186480	-91.985289
28/09/2022 19:31:55.000	11.000	0006.322	0021.252	0004.165	0007.630	0000.142	0001.888	0007.138	0000.124	0006.470	30.186479	-91.985289
28/09/2022 19:31:55.000	10.875	0006.418	0020.998	0004.175	0007.638	0000.140	0001.800	0007.151	0000.122	0006.568	30.186478	-91.985288
28/09/2022 19:31:56.000	10.438	0006.501	0020.720	0004.175	0007.510	0000.138	0001.850	0007.132	0000.120	0006.653	30.186477	-91.985287
28/09/2022 19:31:56.000	9.750	0006.600	0020.419	0004.175	0007.412	0000.134	0001.925	0007.046	0000.116	0006.755	30.186476	-91.985286
28/09/2022 19:31:56.000	8.875	0006.707	0020.122	0004.175	0007.274	0000.134	0001.838	0007.003	0000.116	0006.864	30.186475	-91.985286
28/09/2022 19:31:56.000	8.438	0006.807	0019.769	0003.105	0007.183	0000.134	0001.913	0006.970	0000.116	0006.966	30.186473	-91.985285
28/09/2022 19:31:57.000	8.188	0006.894	0019.380	0003.105	0007.056	0000.134	0001.913	0006.940	0000.116	0007.056	30.186472	-91.985284
28/09/2022 19:31:57.000	8.188	0006.993	0019.027	0003.105	0007.004	0000.132	0001.900	0006.911	0000.115	0007.157	30.186472	-91.985284
28/09/2022 19:31:57.000	8.438	0007.073	0018.686	0003.105	0006.834	0000.132	0001.838	0006.889	0000.115	0007.239	30.186471	-91.985283
28/09/2022 19:31:57.000	8.313	0007.182	0018.363	0003.105	0006.758	0000.130	0001.813	0006.870	0000.113	0007.350	30.186470	-91.985283
28/09/2022 19:31:58.000	8.188	0007.276	0018.025	0002.645	0006.638	0000.130	0001.875	0006.901	0000.113	0007.446	30.186468	-91.985282
28/09/2022 19:31:58.000	8.438	0007.378	0017.668	0002.640	0006.538	0000.128	0001.738	0006.930	0000.111	0007.551	30.186467	-91.985282
28/09/2022 19:31:58.000	8.563	0007.470	0017.313	0002.645	0006.398	0000.128	0001.800	0006.951	0000.111	0007.645	30.186466	-91.985281
28/09/2022 19:31:58.000	8.125	0007.579	0016.989	0002.640	0006.341	0000.128	0001.738	0006.983	0000.111	0007.757	30.186466	-91.985281
28/09/2022 19:31:59.000	7.938	0007.676	0016.686	0002.365	0006.187	0000.126	0001.725	0006.942	0000.109	0007.856	30.186464	-91.985280
28/09/2022 19:31:59.000	8.125	0007.782	0016.395	0002.365	0006.074	0000.128	0001.700	0006.935	0000.111	0007.964	30.186463	-91.985280
28/09/2022 19:31:59.000	7.313	0007.863	0016.130	0002.370	0005.999	0000.128	0001.700	0006.944	0000.111	0008.047	30.186463	-91.985279
28/09/2022 19:31:59.000	6.438	0007.958	0015.882	0002.370	0005.907	0000.124	0001.700	0006.955	0000.107	0008.144	30.186462	-91.985279
28/09/2022 19:32:00.000	6.375	0008.068	0015.649	0002.370	0005.815	0000.126	0001.788	0006.924	0000.109	0008.257	30.186461	-91.985278
28/09/2022 19:32:00.000	6.500	0008.159	0015.446	0002.215	0005.690	0000.128	0001.763	0006.941	0000.111	0008.350	30.186460	-91.985277
28/09/2022 19:32:00.000	6.750	0008.252	0015.282	0002.210	0005.611	0000.128	0001.775	0006.968	0000.111	0008.445	30.186459	-91.985277
28/09/2022 19:32:00.000	6.813	0008.341	0015.149	0002.210	0005.473	0000.126	0001.775	0006.949	0000.109	0008.536	30.186458	-91.985276
28/09/2022 19:32:01.000	6.813	0008.440	0015.024	0002.205	0005.381	0000.126	0001.750	0006.902	0000.109	0008.638	30.186457	-91.985276
28/09/2022 19:32:01.000	7.125	0008.534	0014.908	0002.125	0005.367	0000.124	0001.775	0006.914	0000.107	0008.734	30.186456	-91.985276
28/09/2022 19:32:01.000	7.188	0008.633	0014.804	0002.115	0005.180	0000.126	0001.775	0006.886	0000.109	0008.835	30.186455	-91.985275
28/09/2022 19:32:01.000	7.125	0008.730	0014.700	0002.115	0005.143	0000.124	0001.800	0006.850	0000.107	0008.935	30.186455	-91.985275
28/09/2022 19:32:02.000	7.063	0008.835	0014.605	0002.110	0005.049	0000.126	0001.800	0006.826	0000.109	0009.042	30.186453	-91.985274
28/09/2022 19:32:02.000	7.188	0008.935	0014.500	0002.120	0004.886	0000.124	0001.800	0006.799	0000.107	0009.144	30.186453	-91.985274
28/09/2022 19:32:02.000	7.313	0009.032	0014.391	0002.060	0004.760	0000.126	0001.775	0006.779	0000.109	0009.244	30.186452	-91.985274
28/09/2022 19:32:02.000	7.438	0009.120	0014.283	0002.060	0004.662	0000.124	0001.925	0006.766	0000.107	0009.334	30.186451	-91.985273
28/09/2022 19:32:03.000	7.438	0009.200	0014.188	0002.065	0004.626	0000.126	0001.800	0006.753	0000.109	0009.416	30.186450	-91.985272
28/09/2022 19:32:03.000	7.625	0009.250	0014.098	0002.065	0004.501	0000.126	0001.800	0006.740	0000.109	0009.467	30.186450	-91.985272
28/09/2022 19:32:03.000	7.313	0009.229	0014.024	0002.060	0004.516	0000.126	0001.788	0006.724	0000.109	0009.445	30.186449	-91.985272
28/09/2022 19:32:03.000	7.438	0009.233	0013.951	0002.020	0004.505	0000.124	0001.800	0006.709	0000.107	0009.449	30.186448	-91.985271
28/09/2022 19:32:04.000	7.313	0009.233	0013.891	0002.030	0004.511	0000.126	0001.800	0006.710	0000.109	0009.449	30.186447	-91.985271
28/09/2022 19:32:04.000	7.438	0009.233	0013.850	0002.030	0004.515	0000.128	0001.788	0006.708	0000.111	0009.449	30.186446	-91.985270
28/09/2022 19:32:04.000	7.438	0009.233	0013.819	0002.030	0004.470	0000.128	0001.813	0006.698	0000.111	0009.449	30.186446	-91.985270
28/09/2022 19:32:04.000	7.563	0009.234	0013.794	0001.910	0004.464	0000.126	0001.800	0006.681	0000.109	0009.450	30.186445	-91.985270
28/09/2022 19:32:05.000	7.438	0009.237	0013.778	0001.965	0004.420	0000.126	0001.788	0006.696	0000.109	0009.453	30.186444	-91.985269
28/09/2022 19:32:05.000	7.438	0009.243	0013.767	0001.970	0004.375	0000.126	0001.813	0006.684	0000.109	0009.460	30.186443	-91.985269
28/09/2022 19:32:05.000	7.438	0009.248	0013.759	0001.975	0004.369	0000.124	0001.775	0006.673	0000.107	0009.465	30.186443	-91.985269
28/09/2022 19:32:05.000	7.625	0009.250	0013.751	0001.975	0004.365	0000.128	0001.838	0006.673	0000.111	0009.467	30.186442	-91.985268
28/09/2022 19:32:06.000	7.625	0009.252	0013.745	0001.920	0004.418	0000.126	0001.738	0006.677	0000.109	0009.469	30.186441	-91.985268
28/09/2022 19:32:06.000	7.438	0009.252	0013.738	0001.910	0004.433	0000.126	0001.788	0006.674	0000.109	0009.469	30.186441	-91.985267
28/09/2022 19:32:06.000	7.500	0009.251	0013.735	0001.910	0004.343	0000.128	0001.825	0006.674	0000.111	0009.468	30.186440	-91.985267
28/09/2022 19:32:06.000	7.375	0009.250	0013.736	0001.910	0004.445	0000.124	0001.813	0006.661	0000.107	0009.467	30.186440	-91.985267
28/09/2022 19:32:07.000	7.500	0009.249	0013.738	0001.910	0004.405	0000.126	0001.763	0006.665	0000.109	0009.466	30.186439	-91.985266
28/09/2022 19:32:07.000	7.500	0009.250	0013.742	0001.875	0004.327	0000.126	0001.713	0006.668	0000.109	0009.467	30.186438	-91.985266
28/09/2022 19:32:07.000	7.625	0009.256	0013.743	0001.870	0004.373	0000.126	0001.800	0006.666	0000.109	0009.473	30.186437	-91.985266
28/09/2022 19:32:07.000	7.500	0009.257	0013.751	0001.870	0004.296	0000.124	0001.850	0006.666	0000.107	0009.474	30.186437	-91.985266
28/09/2022 19:32:08.000	7.750	0009.260	0013.755	0001.875	0004.307	0000.126	0001.750	0006.665	0000.109	0009.477	30.186436	-91.985265
28/09/2022 19:32:08.000	7.563	0009.261	0013.758	0001.815	0004.326	0000.124	0001.738	0006.654	0000.107	0009.478	30.186435	-91.985265
28/09/2022 19:32:08.000	7.625	0009.262	0013.756	0001.865	0004.301	0000.126	0001.813	0006.663	0000.109	0009.479	30.186435	-91.985265
28/09/2022 19:32:08.000	7.625	0009.264	0013.758	0001.865	0004.249	0000.126	0001.775	0006.659	0000.109	0009.481	30.186434	-91.985264
28/09/2022 19:32:09.000	7.625	0009.267	0013.752	0001.870	0004.324	0000.126	0001.800	0006.663	0000.109	0009.484	30.186433	-91.985264
28/09/2022 19:32:09.000	7.625	0009.269	0013.748	0001.865	0004.280	0000.128	0001.788	0006.661	0000.111	0009.486	30.186433	-91.985264
28/09/2022 19:32:09.000	7.750	0009.269	0013.747	0001.860	0004.246	0000.128	0001.863	0006.663	0000.111	0009.486	30.186432	-91.985263
28/09/2022 19:32:09.000	7.563	0009.268	0013.743	0001.875	0004.331	0000.128	0001.838	0006.660	0000.111	0009.485	30.186432	-91.985263
28/09/2022 19:32:10.000	7.625	0009.266	0013.739	0001.875	0004.319	0000.128	0001.800	0006.655	0000.111	0009.483	30.186431	-91.985263
28/09/2022 19:32:10.000	7.750	0009.265	0013.733	0001.875	0004.254	0000.126	0001.813	0006.657	0000.109	0009.482	30.186430	-91.985262
28/09/2022 19:32:10.000	7.688	0009.265	0013.727	0001.875	0004.280	0000.128	0001.813	0006.652	0000.111	0009.482	30.186430	-91.985262
28/09/2022 19:32:10.000	7.750	0009.269	0013.724	0001.865	0004.320	0000.126	0001.838	0006.655	0000.109	0009.486	30.186429	-91.985262
28/09/2022 19:32:11.000	7.875	0009.276	0013.725	0001.860	0004.305	0000.126	0001.788	0006.657	0000.109	0009.493	30.186429	-91.985262
28/09/2022 19:32:11.000	7.875	0009.280	0013.722	0001.865	0004.202	0000.126	0001.850	0006.652	0000.109	0009.497	30.186428	-91.985261
28/09/2022 19:32:11.000	7.625	0009.280	0013.718	0001.860	0004.273	0000.128	0001.750	0006.647	0000.111	0009.497	30.186427	-91.985261
28/09/2022 19:32:11.000	7.625	0009.279	0013.716	0001.805	0004.334	0000.126	0001.775	0006.637	0000.109	0009.496	30.186427	-91.985261
28/09/2022 19:32:12.000	7.625	0009.277	0013.715	0001.825	0004.327	0000.124	0001.800	0006.639	0000.107	0009.494	30.186426	-91.985260
28/09/2022 19:32:12.000	7.500	0009.275	0013.712	0001.820	0004.292	0000.128	0001.750	0006.643	0000.111	0009.492	30.186426	-91.985260
28/09/2022 19:32:12.000	7.625	0009.275	0013.710	0001.820	0004.300	0000.128	0001.763	0006.641	0000.111	0009.492	30.186425	-91.985260
28/09/2022 19:32:12.000	7.625	0009.276	0013.709	0001.820	0004.271	0000.124	0001.788	0006.645	0000.107	0009.493	30.186425	-91.985259
28/09/2022 19:32:13.000	7.625	0009.277	0013.704	0001.765	0004.307	0000.126	0001.800	0006.641	0000.109	0009.494	30.186424	-91.985259
28/09/2022 19:32:13.000	7.500	0009.278	0013.705	0001.770	0004.312	0000.128	0001.788	0006.642	0000.111	0009.495	30.186424	-91.985259
28/09/2022 19:32:13.000	7.375	0009.278	0013.705	0001.770	0004.253	0000.126	0001.763	0006.636	0000.109	0009.495	30.186423	-91.985259
28/09/2022 19:32:13.000	7.563	0009.277	0013.702	0001.770	0004.197	0000.128	0001.750	0006.635	0000.111	0009.494	30.186423	-91.985258
28/09/2022 19:32:14.000	7.625	0009.278	0013.698	0001.770	0004.321	0000.128	0001.775	0006.638	0000.111	0009.495	30.186422	-91.985258
28/09/2022 19:32:14.000	7.625	0009.280	0013.698	0001.755	0004.252	0000.126	0001.788	0006.635	0000.109	0009.497	30.186422	-91.985258
28/09/2022 19:32:14.000	7.625	0009.282	0013.695	0001.750	0004.277	0000.126	0001.775	0006.640	0000.109	0009.499	30.186421	-91.985258
28/09/2022 19:32:14.000	7.625	0009.283	0013.693	0001.755	0004.273	0000.126	0001.775	0006.640	0000.109	0009.501	30.186421	-91.985258
28/09/2022 19:32:15.000	7.500	0009.283	0013.689	0001.745	0004.274	0000.128	0001.788	0006.634	0000.111	0009.501	30.186420	-91.985257
28/09/2022 19:32:15.000	7.625	0009.282	0013.687	0001.730	0004.274	0000.128	0001.750	0006.632	0000.111	0009.499	30.186420	-91.985257
28/09/2022 19:32:15.000	7.375	0009.282	0013.685	0001.735	0004.215	0000.126	0001.800	0006.639	0000.109	0009.499	30.186419	-91.985257
28/09/2022 19:32:15.000	7.438	0009.283	0013.682	0001.725	0004.243	0000.126	0001.825	0006.630	0000.109	0009.501	30.186419	-91.985257
28/09/2022 19:32:16.000	7.438	0009.284	0013.679	0001.730	0004.263	0000.126	0001.788	0006.639	0000.109	0009.502	30.186418	-91.985256
28/09/2022 19:32:16.000	7.625	0009.284	0013.677	0001.720	0004.213	0000.128	0001.788	0006.635	0000.111	0009.502	30.186418	-91.985256
28/09/2022 19:32:16.000	7.625	0009.284	0013.675	0001.715	0004.222	0000.126	0001.800	0006.643	0000.109	0009.502	30.186417	-91.985256
28/09/2022 19:32:16.000	7.688	0009.283	0013.674	0001.715	0004.209	0000.128	0001.775	0006.635	0000.111	0009.501	30.186416	-91.985255
28/09/2022 19:32:17.000	7.563	0009.282	0013.668	0001.720	0004.248	0000.128	0001.775	0006.632	0000.111	0009.499	30.186416	-91.985255
28/09/2022 19:32:17.000	7.500	0009.283	0013.668	0001.725	0004.188	0000.124	0001.788	0006.626	0000.107	0009.501	30.186416	-91.985255
28/09/2022 19:32:17.000	7.313	0009.284	0013.666	0001.720	0004.228	0000.126	0001.775	0006.631	0000.109	0009.502	30.186415	-91.985255
28/09/2022 19:32:17.000	7.500	0009.287	0013.667	0001.725	0004.225	0000.128	0001.775	0006.632	0000.111	0009.505	30.186415	-91.985255
28/09/2022 19:32:18.000	7.563	0009.288	0013.665	0001.725	0004.184	0000.130	0001.775	0006.634	0000.113	0009.506	30.186414	-91.985254
28/09/2022 19:32:18.000	7.813	0009.287	0013.665	0001.725	0004.240	0000.126	0001.775	0006.627	0000.109	0009.505	30.186414	-91.985254
28/09/2022 19:32:18.000	7.813	0009.286	0013.663	0001.725	0004.241	0000.126	0001.813	0006.628	0000.109	0009.504	30.186413	-91.985254
28/09/2022 19:32:18.000	7.875	0009.285	0013.657	0001.700	0004.184	0000.126	0001.775	0006.625	0000.109	0009.503	30.186413	-91.985254
28/09/2022 19:32:19.000	7.625	0009.285	0013.651	0001.710	0004.235	0000.126	0001.750	0006.630	0000.109	0009.503	30.186412	-91.985253
28/09/2022 19:32:19.000	7.625	0009.285	0013.645	0001.710	0004.231	0000.128	0001.800	0006.625	0000.111	0009.503	30.186412	-91.985253
28/09/2022 19:32:19.000	7.438	0009.286	0013.640	0001.705	0004.204	0000.128	0001.813	0006.622	0000.111	0009.504	30.186412	-91.985253
28/09/2022 19:32:19.000	7.438	0009.287	0013.638	0001.710	0004.182	0000.128	0001.788	0006.626	0000.111	0009.505	30.186411	-91.985253
28/09/2022 19:32:20.000	7.438	0009.286	0013.633	0001.710	0004.215	0000.128	0001.763	0006.627	0000.111	0009.504	30.186410	-91.985253
28/09/2022 19:32:20.000	7.438	0009.286	0013.628	0001.710	0004.211	0000.126	0001.813	0006.619	0000.109	0009.504	30.186410	-91.985252
28/09/2022 19:32:20.000	7.500	0009.286	0013.623	0001.705	0004.197	0000.126	0001.800	0006.624	0000.109	0009.504	30.186410	-91.985252
28/09/2022 19:32:20.000	7.438	0009.287	0013.620	0001.710	0004.216	0000.128	0001.788	0006.627	0000.111	0009.505	30.186409	-91.985252
28/09/2022 19:32:21.000	7.500	0009.289	0013.619	0001.710	0004.202	0000.128	0001.863	0006.626	0000.111	0009.507	30.186409	-91.985252
28/09/2022 19:32:21.000	7.563	0009.290	0013.617	0001.690	0004.180	0000.128	0001.775	0006.626	0000.111	0009.508	30.186408	-91.985252
28/09/2022 19:32:21.000	7.500	0009.290	0013.616	0001.685	0004.193	0000.128	0001.800	0006.628	0000.111	0009.508	30.186408	-91.985251
28/09/2022 19:32:21.000	7.438	0009.289	0013.614	0001.685	0004.232	0000.124	0001.813	0006.621	0000.107	0009.507	30.186407	-91.985251
28/09/2022 19:32:22.000	7.375	0009.288	0013.613	0001.685	0004.174	0000.126	0001.775	0006.624	0000.109	0009.506	30.186407	-91.985251
28/09/2022 19:32:22.000	7.438	0009.288	0013.614	0001.680	0004.157	0000.126	0001.775	0006.623	0000.109	0009.506	30.186407	-91.985251
28/09/2022 19:32:22.000	7.313	0009.288	0013.612	0001.680	0004.159	0000.126	0001.788	0006.627	0000.109	0009.506	30.186406	-91.985251
28/09/2022 19:32:22.000	7.500	0009.289	0013.613	0001.690	0004.219	0000.126	0001.825	0006.623	0000.109	0009.507	30.186406	-91.985251
28/09/2022 19:32:23.000	7.438	0009.289	0013.615	0001.685	0004.098	0000.126	0001.788	0006.627	0000.109	0009.507	30.186405	-91.985250
28/09/2022 19:32:23.000	7.313	0009.290	0013.616	0001.680	0004.165	0000.128	0001.838	0006.622	0000.111	0009.508	30.186405	-91.985250
28/09/2022 19:32:23.000	7.563	0009.290	0013.616	0001.670	0004.165	0000.126	0001.838	0006.619	0000.109	0009.508	30.186405	-91.985250
28/09/2022 19:32:23.000	7.625	0009.289	0013.615	0001.670	0004.158	0000.126	0001.850	0006.627	0000.109	0009.507	30.186404	-91.985250
28/09/2022 19:32:24.000	7.563	0009.287	0013.615	0001.670	0004.058	0000.128	0001.800	0006.626	0000.111	0009.505	30.186403	-91.985249
28/09/2022 19:32:24.000	7.500	0009.286	0013.613	0001.670	0004.112	0000.128	0001.825	0006.625	0000.111	0009.504	30.186403	-91.985249
28/09/2022 19:32:24.000	7.375	0009.286	0013.613	0001.680	0004.209	0000.128	0001.838	0006.619	0000.111	0009.504	30.186403	-91.985249
28/09/2022 19:32:24.000	7.500	0009.288	0013.613	0001.675	0004.160	0000.126	0001.775	0006.621	0000.109	0009.506	30.186402	-91.985249
28/09/2022 19:32:25.000	7.750	0009.290	0013.610	0001.670	0004.104	0000.126	0001.838	0006.625	0000.109	0009.508	30.186402	-91.985249
28/09/2022 19:32:25.000	7.500	0009.291	0013.610	0001.670	0004.107	0000.128	0001.863	0006.623	0000.111	0009.509	30.186401	-91.985249
28/09/2022 19:32:25.000	7.500	0009.290	0013.607	0001.670	0004.118	0000.130	0001.775	0006.616	0000.113	0009.508	30.186401	-91.985249
28/09/2022 19:32:25.000	7.625	0009.288	0013.608	0001.660	0004.037	0000.128	0001.775	0006.623	0000.111	0009.506	30.186400	-91.985248
28/09/2022 19:32:26.000	7.500	0009.286	0013.606	0001.660	0004.120	0000.130	0001.800	0006.635	0000.113	0009.504	30.186400	-91.985248
28/09/2022 19:32:26.000	7.500	0009.286	0013.606	0001.660	0004.106	0000.128	0001.775	0006.627	0000.111	0009.504	30.186400	-91.985248
28/09/2022 19:32:26.000	7.750	0009.286	0013.606	0001.650	0004.098	0000.128	0001.838	0006.627	0000.111	0009.504	30.186400	-91.985248
28/09/2022 19:32:26.000	7.688	0009.286	0013.606	0001.655	0004.098	0000.126	0001.813	0006.633	0000.109	0009.504	30.186399	-91.985248
28/09/2022 19:32:27.000	7.500	0009.286	0013.604	0001.635	0004.123	0000.126	0001.888	0006.630	0000.109	0009.504	30.186399	-91.985247
28/09/2022 19:32:27.000	7.500	0009.286	0013.606	0001.630	0004.040	0000.126	0001.800	0006.628	0000.109	0009.504	30.186398	-91.985247
28/09/2022 19:32:27.000	7.750	0009.286	0013.606	0001.635	0004.046	0000.126	0001.775	0006.627	0000.109	0009.504	30.186398	-91.985247
28/09/2022 19:32:27.000	7.500	0009.288	0013.606	0001.635	0004.080	0000.128	0001.800	0006.628	0000.111	0009.506	30.186397	-91.985247
28/09/2022 19:32:28.000	7.188	0009.289	0013.610	0001.625	0004.102	0000.130	0001.838	0006.628	0000.113	0009.507	30.186397	-91.985247
28/09/2022 19:32:28.000	7.375	0009.289	0013.611	0001.635	0004.019	0000.128	0001.813	0006.638	0000.111	0009.507	30.186397	-91.985247
28/09/2022 19:32:28.000	7.250	0009.288	0013.610	0001.645	0003.984	0000.130	0001.775	0006.631	0000.113	0009.506	30.186396	-91.985247
28/09/2022 19:32:28.000	7.125	0009.285	0013.613	0001.635	0003.986	0000.128	0001.775	0006.631	0000.111	0009.503	30.186396	-91.985247
28/09/2022 19:32:29.000	7.063	0009.285	0013.615	0001.645	0004.051	0000.130	0001.800	0006.633	0000.113	0009.503	30.186395	-91.985246
28/09/2022 19:32:29.000	7.125	0009.285	0013.618	0001.645	0003.979	0000.128	0001.800	0006.641	0000.111	0009.503	30.186395	-91.985246
28/09/2022 19:32:29.000	7.063	0009.286	0013.618	0001.625	0003.971	0000.130	0001.775	0006.647	0000.113	0009.504	30.186395	-91.985246
28/09/2022 19:32:29.000	7.188	0009.287	0013.621	0001.635	0003.950	0000.126	0001.738	0006.640	0000.109	0009.505	30.186394	-91.985246
28/09/2022 19:32:30.000	7.188	0009.287	0013.622	0001.635	0004.026	0000.126	0001.825	0006.637	0000.109	0009.505	30.186394	-91.985246
28/09/2022 19:32:30.000	7.188	0009.287	0013.625	0001.635	0003.971	0000.128	0001.750	0006.640	0000.111	0009.505	30.186394	-91.985246
28/09/2022 19:32:30.000	7.125	0009.286	0013.628	0001.610	0003.983	0000.128	0001.750	0006.644	0000.111	0009.504	30.186393	-91.985246
28/09/2022 19:32:30.000	7.125	0009.286	0013.630	0001.610	0004.030	0000.126	0001.775	0006.638	0000.109	0009.504	30.186393	-91.985245
28/09/2022 19:32:31.000	7.313	0009.287	0013.636	0001.610	0003.977	0000.126	0001.800	0006.648	0000.109	0009.505	30.186392	-91.985245
28/09/2022 19:32:31.000	7.250	0009.287	0013.637	0001.605	0003.993	0000.126	0001.750	0006.655	0000.109	0009.505	30.186392	-91.985245
28/09/2022 19:32:31.000	7.188	0009.287	0013.639	0001.620	0003.986	0000.126	0001.750	0006.647	0000.109	0009.505	30.186392	-91.985245
28/09/2022 19:32:31.000	7.125	0009.287	0013.638	0001.625	0003.986	0000.126	0001.725	0006.654	0000.109	0009.505	30.186391	-91.985245
28/09/2022 19:32:32.000	7.063	0009.287	0013.636	0001.620	0004.003	0000.128	0001.750	0006.649	0000.111	0009.505	30.186391	-91.985245
28/09/2022 19:32:32.000	7.188	0009.288	0013.635	0001.615	0003.953	0000.128	0001.800	0006.644	0000.111	0009.506	30.186390	-91.985245
28/09/2022 19:32:32.000	7.313	0009.290	0013.635	0001.625	0003.954	0000.128	0001.788	0006.652	0000.111	0009.508	30.186390	-91.985245
28/09/2022 19:32:32.000	7.438	0009.291	0013.634	0001.605	0003.961	0000.126	0001.750	0006.650	0000.109	0009.509	30.186390	-91.985244
28/09/2022 19:32:33.000	7.313	0009.290	0013.633	0001.610	0003.956	0000.126	0001.750	0006.651	0000.109	0009.508	30.186389	-91.985244
28/09/2022 19:32:33.000	7.125	0009.287	0013.630	0001.610	0003.971	0000.126	0001.800	0006.643	0000.109	0009.505	30.186389	-91.985244
28/09/2022 19:32:33.000	7.063	0009.285	0013.632	0001.610	0003.883	0000.126	0001.763	0006.645	0000.109	0009.503	30.186389	-91.985244
28/09/2022 19:32:33.000	7.063	0009.285	0013.631	0001.615	0003.874	0000.128	0001.763	0006.642	0000.111	0009.503	30.186388	-91.985244
28/09/2022 19:32:34.000	7.375	0009.289	0013.635	0001.595	0003.866	0000.128	0001.775	0006.646	0000.111	0009.507	30.186388	-91.985244
28/09/2022 19:32:34.000	7.438	0009.292	0013.634	0001.595	0003.924	0000.128	0001.813	0006.643	0000.111	0009.510	30.186388	-91.985244
28/09/2022 19:32:34.000	7.313	0009.292	0013.633	0001.590	0003.874	0000.128	0001.775	0006.653	0000.111	0009.510	30.186387	-91.985244
28/09/2022 19:32:34.000	7.313	0009.288	0013.635	0001.590	0003.875	0000.128	0001.725	0006.650	0000.111	0009.506	30.186387	-91.985243
28/09/2022 19:32:35.000	7.250	0009.282	0013.635	0001.555	0003.880	0000.128	0001.800	0006.643	0000.111	0009.499	30.186386	-91.985243
28/09/2022 19:32:35.000	7.500	0009.281	0013.638	0001.570	0003.940	0000.126	0001.750	0006.654	0000.109	0009.498	30.186386	-91.985243
28/09/2022 19:32:35.000	7.500	0009.284	0013.639	0001.580	0003.923	0000.128	0001.788	0006.651	0000.111	0009.502	30.186386	-91.985243
28/09/2022 19:32:35.000	7.188	0009.293	0013.641	0001.580	0003.870	0000.126	0001.800	0006.654	0000.109	0009.511	30.186385	-91.985243
28/09/2022 19:32:36.000	7.438	0009.296	0013.642	0001.580	0003.864	0000.126	0001.788	0006.656	0000.109	0009.514	30.186385	-91.985243
28/09/2022 19:32:36.000	7.313	0009.295	0013.643	0001.570	0003.830	0000.128	0001.838	0006.657	0000.111	0009.513	30.186384	-91.985243
28/09/2022 19:32:36.000	7.125	0009.286	0013.643	0001.580	0003.852	0000.128	0001.800	0006.665	0000.111	0009.504	30.186384	-91.985243
28/09/2022 19:32:36.000	7.188	0009.278	0013.644	0001.580	0003.852	0000.128	0001.750	0006.655	0000.111	0009.495	30.186384	-91.985242
28/09/2022 19:32:37.000	7.188	0009.277	0013.644	0001.580	0003.813	0000.128	0001.775	0006.658	0000.111	0009.494	30.186383	-91.985242
28/09/2022 19:32:37.000	7.188	0009.284	0013.647	0001.575	0003.814	0000.128	0001.800	0006.656	0000.111	0009.502	30.186383	-91.985242
28/09/2022 19:32:37.000	7.500	0009.295	0013.649	0001.555	0003.790	0000.128	0001.775	0006.655	0000.111	0009.513	30.186383	-91.985242
28/09/2022 19:32:37.000	7.313	0009.299	0013.648	0001.560	0003.838	0000.126	0001.775	0006.655	0000.109	0009.517	30.186382	-91.985242
28/09/2022 19:32:38.000	7.438	0009.297	0013.648	0001.555	0003.838	0000.126	0001.800	0006.659	0000.109	0009.515	30.186382	-91.985242
28/09/2022 19:32:38.000	7.500	0009.287	0013.647	0001.560	0003.816	0000.126	0001.800	0006.656	0000.109	0009.505	30.186381	-91.985242
28/09/2022 19:32:38.000	7.313	0009.276	0013.648	0001.490	0003.781	0000.126	0001.775	0006.645	0000.109	0009.493	30.186381	-91.985242
28/09/2022 19:32:38.000	7.000	0009.276	0013.651	0001.550	0003.774	0000.126	0001.863	0006.664	0000.109	0009.493	30.186381	-91.985242
28/09/2022 19:32:39.000	7.063	0009.282	0013.653	0001.545	0003.715	0000.126	0001.800	0006.656	0000.109	0009.499	30.186380	-91.985242
28/09/2022 19:32:39.000	7.000	0009.292	0013.652	0001.545	0003.747	0000.126	0001.775	0006.660	0000.109	0009.510	30.186380	-91.985241
28/09/2022 19:32:39.000	7.063	0009.297	0013.651	0001.545	0003.762	0000.126	0001.825	0006.659	0000.109	0009.515	30.186380	-91.985241
28/09/2022 19:32:39.000	7.125	0009.297	0013.650	0001.550	0003.797	0000.128	0001.788	0006.667	0000.111	0009.515	30.186379	-91.985241
28/09/2022 19:32:40.000	7.313	0009.289	0013.649	0001.560	0003.749	0000.128	0001.775	0006.661	0000.111	0009.507	30.186379	-91.985241
28/09/2022 19:32:40.000	7.813	0009.283	0013.652	0001.555	0003.795	0000.128	0001.800	0006.660	0000.111	0009.501	30.186379	-91.985241
28/09/2022 19:32:40.000	7.188	0009.282	0013.655	0001.555	0003.792	0000.128	0001.788	0006.655	0000.111	0009.499	30.186378	-91.985241
28/09/2022 19:32:40.000	6.938	0009.284	0013.658	0001.555	0003.717	0000.128	0001.850	0006.666	0000.111	0009.502	30.186378	-91.985241
28/09/2022 19:32:41.000	7.063	0009.292	0013.661	0001.545	0003.766	0000.126	0001.913	0006.672	0000.109	0009.510	30.186378	-91.985241
28/09/2022 19:32:41.000	7.188	0009.294	0013.661	0001.550	0003.748	0000.128	0001.850	0006.670	0000.111	0009.512	30.186377	-91.985241
28/09/2022 19:32:41.000	7.063	0009.293	0013.661	0001.550	0003.713	0000.128	0001.975	0006.669	0000.111	0009.511	30.186377	-91.985241
28/09/2022 19:32:41.000	7.000	0009.287	0013.660	0001.545	0003.720	0000.128	0001.825	0006.668	0000.111	0009.505	30.186376	-91.985240
28/09/2022 19:32:42.000	7.063	0009.283	0013.660	0001.485	0003.748	0000.128	0001.813	0006.667	0000.111	0009.501	30.186376	-91.985240
28/09/2022 19:32:42.000	7.000	0009.282	0013.662	0001.560	0003.741	0000.124	0001.838	0006.681	0000.107	0009.499	30.186376	-91.985240
28/09/2022 19:32:42.000	7.125	0009.286	0013.663	0001.550	0003.732	0000.126	0001.763	0006.680	0000.109	0009.504	30.186376	-91.985240
28/09/2022 19:32:42.000	7.125	0009.293	0013.663	0001.545	0003.712	0000.124	0001.813	0006.673	0000.107	0009.511	30.186375	-91.985240
28/09/2022 19:32:43.000	7.250	0009.296	0013.663	0001.550	0003.730	0000.126	0001.813	0006.678	0000.109	0009.514	30.186375	-91.985240
28/09/2022 19:32:43.000	7.313	0009.295	0013.664	0001.550	0003.701	0000.126	0001.825	0006.683	0000.109	0009.513	30.186374	-91.985240
28/09/2022 19:32:43.000	7.313	0009.287	0013.662	0001.555	0003.709	0000.126	0001.813	0006.676	0000.109	0009.505	30.186374	-91.985240
28/09/2022 19:32:43.000	7.375	0009.281	0013.659	0001.560	0003.695	0000.128	0001.775	0006.681	0000.111	0009.498	30.186373	-91.985240
28/09/2022 19:32:44.000	7.063	0009.280	0013.659	0001.560	0003.694	0000.128	0001.750	0006.682	0000.111	0009.497	30.186373	-91.985240
28/09/2022 19:32:44.000	7.000	0009.283	0013.661	0001.555	0003.689	0000.128	0001.825	0006.686	0000.111	0009.501	30.186373	-91.985240
28/09/2022 19:32:44.000	7.188	0009.291	0013.659	0001.545	0003.699	0000.128	0001.738	0006.687	0000.111	0009.509	30.186373	-91.985240
28/09/2022 19:32:44.000	7.250	0009.296	0013.658	0001.550	0003.685	0000.126	0001.813	0006.687	0000.109	0009.514	30.186372	-91.985240
28/09/2022 19:32:45.000	7.250	0009.297	0013.657	0001.545	0003.584	0000.128	0001.763	0006.677	0000.111	0009.515	30.186372	-91.985240
28/09/2022 19:32:45.000	7.188	0009.293	0013.655	0001.545	0003.668	0000.126	0001.763	0006.684	0000.109	0009.511	30.186371	-91.985239
28/09/2022 19:32:45.000	7.250	0009.286	0013.654	0001.510	0003.660	0000.128	0001.775	0006.680	0000.111	0009.504	30.186371	-91.985239
28/09/2022 19:32:45.000	7.313	0009.282	0013.656	0001.535	0003.667	0000.126	0001.775	0006.693	0000.109	0009.499	30.186371	-91.985239
28/09/2022 19:32:46.000	7.313	0009.283	0013.657	0001.540	0003.633	0000.128	0001.788	0006.689	0000.111	0009.501	30.186370	-91.985239
28/09/2022 19:32:46.000	7.250	0009.290	0013.657	0001.540	0003.575	0000.126	0001.775	0006.694	0000.109	0009.508	30.186370	-91.985239
28/09/2022 19:32:46.000	7.438	0009.294	0013.658	0001.535	0003.603	0000.128	0001.788	0006.688	0000.111	0009.512	30.186370	-91.985239
28/09/2022 19:32:46.000	7.188	0009.293	0013.658	0001.545	0003.586	0000.126	0001.775	0006.688	0000.109	0009.511	30.186369	-91.985239
28/09/2022 19:32:47.000	7.125	0009.288	0013.658	0001.535	0003.599	0000.126	0001.800	0006.689	0000.109	0009.506	30.186369	-91.985239
28/09/2022 19:32:47.000	7.250	0009.284	0013.657	0001.535	0003.605	0000.126	0001.813	0006.690	0000.109	0009.502	30.186369	-91.985239
28/09/2022 19:32:47.000	7.313	0009.283	0013.658	0001.540	0003.586	0000.126	0001.838	0006.695	0000.109	0009.501	30.186368	-91.985239
28/09/2022 19:32:47.000	7.438	0009.285	0013.660	0001.535	0003.592	0000.126	0001.838	0006.696	0000.109	0009.503	30.186368	-91.985239
28/09/2022 19:32:48.000	7.500	0009.292	0013.658	0001.525	0003.589	0000.126	0001.900	0006.684	0000.109	0009.510	30.186367	-91.985239
28/09/2022 19:32:48.000	7.188	0009.295	0013.659	0001.520	0003.554	0000.126	0001.813	0006.689	0000.109	0009.513	30.186367	-91.985239
28/09/2022 19:32:48.000	7.375	0009.295	0013.658	0001.520	0003.555	0000.126	0001.800	0006.695	0000.109	0009.513	30.186367	-91.985239
28/09/2022 19:32:48.000	7.313	0009.290	0013.658	0001.525	0003.553	0000.128	0001.800	0006.697	0000.111	0009.508	30.186366	-91.985238
28/09/2022 19:32:49.000	7.500	0009.285	0013.657	0001.505	0003.630	0000.128	0001.825	0006.694	0000.111	0009.503	30.186366	-91.985238
28/09/2022 19:32:49.000	7.500	0009.283	0013.658	0001.515	0003.546	0000.126	0001.738	0006.699	0000.109	0009.501	30.186366	-91.985238
28/09/2022 19:32:49.000	7.250	0009.285	0013.659	0001.515	0003.563	0000.126	0001.725	0006.696	0000.109	0009.503	30.186365	-91.985238
28/09/2022 19:32:49.000	7.063	0009.289	0013.660	0001.525	0003.543	0000.126	0001.775	0006.702	0000.109	0009.507	30.186365	-91.985238
28/09/2022 19:32:50.000	7.188	0009.291	0013.662	0001.525	0003.539	0000.128	0001.800	0006.699	0000.111	0009.509	30.186365	-91.985238
28/09/2022 19:32:50.000	7.063	0009.291	0013.660	0001.520	0003.597	0000.126	0001.775	0006.700	0000.109	0009.509	30.186364	-91.985238
28/09/2022 19:32:50.000	7.000	0009.289	0013.661	0001.520	0003.602	0000.126	0001.825	0006.705	0000.109	0009.507	30.186364	-91.985238
28/09/2022 19:32:50.000	7.250	0009.285	0013.662	0001.520	0003.540	0000.126	0001.788	0006.713	0000.109	0009.503	30.186363	-91.985238
28/09/2022 19:32:51.000	6.938	0009.284	0013.663	0001.515	0003.539	0000.126	0001.800	0006.710	0000.109	0009.502	30.186363	-91.985238
28/09/2022 19:32:51.000	6.938	0009.285	0013.664	0001.515	0003.546	0000.126	0001.750	0006.709	0000.109	0009.503	30.186363	-91.985238
28/09/2022 19:32:51.000	7.063	0009.291	0013.665	0001.515	0003.547	0000.126	0001.800	0006.710	0000.109	0009.509	30.186363	-91.985238
28/09/2022 19:32:51.000	7.125	0009.291	0013.666	0001.510	0003.527	0000.126	0001.788	0006.709	0000.109	0009.509	30.186362	-91.985238
28/09/2022 19:32:52.000	7.063	0009.291	0013.666	0001.505	0003.556	0000.126	0001.775	0006.719	0000.109	0009.509	30.186362	-91.985237
28/09/2022 19:32:52.000	7.188	0009.289	0013.668	0001.515	0003.562	0000.126	0001.775	0006.721	0000.109	0009.507	30.186362	-91.985237
28/09/2022 19:32:52.000	7.063	0009.285	0013.666	0001.500	0003.566	0000.126	0001.825	0006.715	0000.109	0009.503	30.186361	-91.985237
28/09/2022 19:32:52.000	7.125	0009.285	0013.668	0001.505	0003.595	0000.126	0001.800	0006.724	0000.109	0009.503	30.186361	-91.985237
28/09/2022 19:32:53.000	7.313	0009.286	0013.667	0001.505	0003.568	0000.128	0001.863	0006.725	0000.111	0009.504	30.186360	-91.985237
28/09/2022 19:32:53.000	7.625	0009.289	0013.670	0001.505	0003.586	0000.128	0001.763	0006.721	0000.111	0009.507	30.186360	-91.985237
28/09/2022 19:32:53.000	7.438	0009.290	0013.671	0001.500	0003.565	0000.128	0001.725	0006.725	0000.111	0009.508	30.186360	-91.985237
28/09/2022 19:32:53.000	7.188	0009.290	0013.671	0001.500	0003.518	0000.126	0001.900	0006.726	0000.109	0009.508	30.186359	-91.985237
28/09/2022 19:32:54.000	7.125	0009.288	0013.669	0001.505	0003.572	0000.126	0001.850	0006.734	0000.109	0009.506	30.186359	-91.985237
28/09/2022 19:32:54.000	7.500	0009.286	0013.669	0001.505	0003.523	0000.126	0001.888	0006.733	0000.109	0009.504	30.186359	-91.985237
28/09/2022 19:32:54.000	7.250	0009.285	0013.668	0001.495	0003.494	0000.126	0001.813	0006.736	0000.109	0009.503	30.186359	-91.985237
28/09/2022 19:32:54.000	7.313	0009.286	0013.668	0001.505	0003.565	0000.126	0002.525	0006.729	0000.109	0009.504	30.186358	-91.985237
28/09/2022 19:32:55.000	7.313	0009.287	0013.668	0001.500	0003.530	0000.126	0001.863	0006.739	0000.109	0009.505	30.186358	-91.985237
28/09/2022 19:32:55.000	7.125	0009.289	0013.666	0001.495	0003.527	0000.126	0001.988	0006.737	0000.109	0009.507	30.186358	-91.985236
28/09/2022 19:32:55.000	7.188	0009.289	0013.666	0001.495	0003.513	0000.126	0001.863	0006.746	0000.109	0009.507	30.186357	-91.985236
28/09/2022 19:32:55.000	7.250	0009.287	0013.663	0001.495	0003.521	0000.128	0001.900	0006.746	0000.111	0009.505	30.186357	-91.985236
28/09/2022 19:32:56.000	7.125	0009.286	0013.664	0001.480	0003.524	0000.128	0001.838	0006.753	0000.111	0009.504	30.186356	-91.985236
28/09/2022 19:32:56.000	7.375	0009.286	0013.663	0001.490	0003.520	0000.126	0001.813	0006.753	0000.109	0009.504	30.186356	-91.985236
28/09/2022 19:32:56.000	7.188	0009.287	0013.661	0001.490	0003.575	0000.126	0001.775	0006.753	0000.109	0009.505	30.186356	-91.985236
28/09/2022 19:32:56.000	7.250	0009.289	0013.662	0001.490	0003.522	0000.126	0001.775	0006.754	0000.109	0009.507	30.186355	-91.985236
28/09/2022 19:32:57.000	7.125	0009.290	0013.660	0001.490	0003.598	0000.128	0001.800	0006.755	0000.111	0009.508	30.186355	-91.985236
28/09/2022 19:32:57.000	7.188	0009.290	0013.656	0001.490	0003.541	0000.126	0001.775	0006.762	0000.109	0009.508	30.186355	-91.985236
28/09/2022 19:32:57.000	7.188	0009.289	0013.658	0001.490	0003.584	0000.128	0001.788	0006.765	0000.111	0009.507	30.186355	-91.985236
28/09/2022 19:32:57.000	7.125	0009.289	0013.657	0001.490	0003.611	0000.126	0001.825	0006.762	0000.109	0009.507	30.186354	-91.985236
28/09/2022 19:32:58.000	6.938	0009.288	0013.658	0001.490	0003.612	0000.126	0001.788	0006.763	0000.109	0009.506	30.186354	-91.985236
28/09/2022 19:32:58.000	6.813	0009.288	0013.656	0001.490	0003.651	0000.126	0001.888	0006.762	0000.109	0009.506	30.186354	-91.985236
28/09/2022 19:32:58.000	6.938	0009.288	0013.656	0001.480	0003.592	0000.126	0001.863	0006.775	0000.109	0009.506	30.186353	-91.985235
28/09/2022 19:32:58.000	7.000	0009.288	0013.657	0001.490	0003.683	0000.128	0001.838	0006.777	0000.111	0009.506	30.186353	-91.985235
28/09/2022 19:32:59.000	7.063	0009.288	0013.657	0001.490	0003.689	0000.128	0001.813	0006.779	0000.111	0009.506	30.186353	-91.985235
28/09/2022 19:32:59.000	6.938	0009.289	0013.656	0001.485	0003.666	0000.128	0001.800	0006.782	0000.111	0009.507	30.186352	-91.985235
28/09/2022 19:32:59.000	7.063	0009.290	0013.656	0001.490	0003.596	0000.128	0001.800	0006.781	0000.111	0009.508	30.186352	-91.985235
28/09/2022 19:32:59.000	7.063	0009.291	0013.655	0001.480	0003.692	0000.128	0001.800	0006.791	0000.111	0009.509	30.186352	-91.985235
28/09/2022 19:33:00.000	7.125	0009.291	0013.656	0001.490	0003.625	0000.128	0001.775	0006.782	0000.111	0009.509	30.186351	-91.985235
28/09/2022 19:33:00.000	7.063	0009.289	0013.657	0001.490	0003.640	0000.128	0001.813	0006.793	0000.111	0009.507	30.186351	-91.985235
28/09/2022 19:33:00.000	7.750	0009.287	0013.657	0001.490	0003.666	0000.128	0001.775	0006.801	0000.111	0009.505	30.186351	-91.985235
28/09/2022 19:33:00.000	7.250	0009.286	0013.656	0001.485	0003.606	0000.126	0001.813	0006.799	0000.109	0009.504	30.186350	-91.985235
28/09/2022 19:33:01.000	7.063	0009.288	0013.656	0001.490	0003.700	0000.128	0001.800	0006.805	0000.111	0009.506	30.186350	-91.985235
28/09/2022 19:33:01.000	7.063	0009.290	0013.656	0001.485	0003.602	0000.128	0001.775	0006.806	0000.111	0009.508	30.186350	-91.985235
28/09/2022 19:33:01.000	7.125	0009.293	0013.652	0001.495	0003.701	0000.130	0001.813	0006.812	0000.113	0009.511	30.186350	-91.985235
28/09/2022 19:33:01.000	7.188	0009.293	0013.652	0001.475	0003.730	0000.126	0001.763	0006.818	0000.109	0009.511	30.186349	-91.985234
28/09/2022 19:33:02.000	7.250	0009.290	0013.652	0001.495	0003.759	0000.126	0001.750	0006.828	0000.109	0009.508	30.186349	-91.985234
28/09/2022 19:33:02.000	7.188	0009.286	0013.650	0001.490	0003.753	0000.128	0001.775	0006.825	0000.111	0009.504	30.186349	-91.985234
28/09/2022 19:33:02.000	7.250	0009.285	0013.649	0001.485	0003.760	0000.128	0001.850	0006.837	0000.111	0009.503	30.186348	-91.985234
28/09/2022 19:33:02.000	7.250	0009.285	0013.651	0001.480	0003.752	0000.128	0001.825	0006.847	0000.111	0009.503	30.186348	-91.985234
28/09/2022 19:33:03.000	7.063	0009.288	0013.650	0001.480	0003.671	0000.128	0001.800	0006.849	0000.111	0009.506	30.186348	-91.985234
28/09/2022 19:33:03.000	7.000	0009.314	0013.649	0001.490	0003.681	0000.126	0001.813	0006.883	0000.109	0009.532	30.186347	-91.985234
28/09/2022 19:33:03.000	6.938	0009.333	0013.649	0001.480	0003.667	0000.126	0001.775	0006.870	0000.109	0009.552	30.186347	-91.985234
28/09/2022 19:33:03.000	7.000	0009.347	0013.646	0001.480	0003.698	0000.128	0001.825	0006.864	0000.111	0009.566	30.186346	-91.985234
28/09/2022 19:33:04.000	7.063	0009.363	0013.639	0001.480	0003.704	0000.130	0001.788	0006.874	0000.113	0009.582	30.186346	-91.985234
28/09/2022 19:33:04.000	7.000	0009.385	0013.637	0001.480	0003.692	0000.126	0001.813	0006.870	0000.109	0009.605	30.186346	-91.985234
28/09/2022 19:33:04.000	7.188	0009.408	0013.631	0001.490	0003.585	0000.126	0001.863	0006.863	0000.109	0009.628	30.186346	-91.985234
28/09/2022 19:33:04.000	7.000	0009.431	0013.624	0001.480	0003.646	0000.128	0001.750	0006.871	0000.111	0009.652	30.186345	-91.985234
28/09/2022 19:33:05.000	6.938	0009.453	0013.614	0001.485	0003.633	0000.130	0001.775	0006.882	0000.113	0009.674	30.186345	-91.985233
28/09/2022 19:33:05.000	7.063	0009.473	0013.605	0001.490	0003.584	0000.126	0001.813	0006.869	0000.109	0009.695	30.186345	-91.985233
28/09/2022 19:33:05.000	6.938	0009.497	0013.594	0001.480	0003.556	0000.126	0001.838	0006.880	0000.109	0009.720	30.186344	-91.985233
28/09/2022 19:33:05.000	6.875	0009.519	0013.584	0001.480	0003.482	0000.126	0001.800	0006.882	0000.109	0009.742	30.186344	-91.985233
28/09/2022 19:33:06.000	6.938	0009.544	0013.569	0001.480	0003.535	0000.126	0001.813	0006.879	0000.109	0009.768	30.186344	-91.985233
28/09/2022 19:33:06.000	7.063	0009.566	0013.555	0001.485	0003.509	0000.128	0001.813	0006.880	0000.111	0009.790	30.186343	-91.985233
28/09/2022 19:33:06.000	7.000	0009.589	0013.540	0001.490	0003.466	0000.130	0001.788	0006.880	0000.113	0009.814	30.186343	-91.985233
28/09/2022 19:33:06.000	7.063	0009.610	0013.523	0001.480	0003.465	0000.126	0001.800	0006.885	0000.109	0009.835	30.186343	-91.985233
28/09/2022 19:33:07.000	6.938	0009.631	0013.507	0001.480	0003.416	0000.126	0001.800	0006.882	0000.109	0009.857	30.186342	-91.985233
28/09/2022 19:33:07.000	7.000	0009.651	0013.493	0001.485	0003.441	0000.128	0001.750	0006.870	0000.111	0009.877	30.186342	-91.985233
28/09/2022 19:33:07.000	7.125	0009.672	0013.478	0001.475	0003.341	0000.130	0001.775	0006.864	0000.113	0009.899	30.186342	-91.985233
28/09/2022 19:33:07.000	7.188	0009.697	0013.467	0001.485	0003.381	0000.128	0001.800	0006.868	0000.111	0009.924	30.186341	-91.985233
28/09/2022 19:33:08.000	7.063	0009.726	0013.449	0001.480	0003.328	0000.130	0001.950	0006.879	0000.113	0009.954	30.186341	-91.985233
28/09/2022 19:33:08.000	7.125	0009.751	0013.431	0001.485	0003.346	0000.128	0001.813	0006.886	0000.111	0009.979	30.186341	-91.985233
28/09/2022 19:33:08.000	7.063	0009.775	0013.418	0001.485	0003.280	0000.128	0001.825	0006.882	0000.111	0010.004	30.186341	-91.985233
28/09/2022 19:33:08.000	7.688	0009.796	0013.400	0001.490	0003.272	0000.130	0001.863	0006.885	0000.113	0010.026	30.186340	-91.985233
28/09/2022 19:33:09.000	7.063	0009.815	0013.381	0001.490	0003.227	0000.130	0001.800	0006.882	0000.113	0010.045	30.186340	-91.985233
28/09/2022 19:33:09.000	7.063	0009.836	0013.365	0001.490	0003.256	0000.128	0001.813	0006.880	0000.111	0010.066	30.186340	-91.985232
28/09/2022 19:33:09.000	7.063	0009.861	0013.344	0001.490	0003.222	0000.130	0001.838	0006.882	0000.113	0010.092	30.186339	-91.985232
28/09/2022 19:33:09.000	7.250	0009.891	0013.327	0001.490	0003.188	0000.130	0001.788	0006.882	0000.113	0010.123	30.186339	-91.985232
28/09/2022 19:33:10.000	7.188	0009.916	0013.307	0001.495	0003.157	0000.130	0001.725	0006.879	0000.113	0010.148	30.186339	-91.985232
28/09/2022 19:33:10.000	7.125	0009.942	0013.295	0001.490	0003.167	0000.130	0001.750	0006.882	0000.113	0010.175	30.186338	-91.985232
28/09/2022 19:33:10.000	7.125	0009.963	0013.281	0001.485	0003.119	0000.130	0001.750	0006.873	0000.113	0010.196	30.186338	-91.985232
28/09/2022 19:33:10.000	7.063	0009.984	0013.268	0001.490	0003.089	0000.126	0001.800	0006.872	0000.109	0010.218	30.186338	-91.985232
28/09/2022 19:33:11.000	6.938	0010.006	0013.253	0001.485	0003.091	0000.126	0001.788	0006.867	0000.109	0010.240	30.186337	-91.985232
28/09/2022 19:33:11.000	7.000	0010.029	0013.234	0001.495	0003.035	0000.128	0001.775	0006.867	0000.111	0010.264	30.186337	-91.985232
28/09/2022 19:33:11.000	7.250	0010.054	0013.219	0001.490	0003.044	0000.128	0001.775	0006.866	0000.111	0010.290	30.186337	-91.985232
28/09/2022 19:33:11.000	7.063	0010.080	0013.208	0001.485	0003.013	0000.130	0001.788	0006.872	0000.113	0010.316	30.186336	-91.985232
28/09/2022 19:33:12.000	7.125	0010.101	0013.198	0001.490	0002.992	0000.130	0001.775	0006.873	0000.113	0010.338	30.186336	-91.985232
28/09/2022 19:33:12.000	7.188	0010.124	0013.190	0001.420	0002.983	0000.130	0001.775	0006.865	0000.113	0010.361	30.186336	-91.985232
28/09/2022 19:33:12.000	7.188	0010.147	0013.183	0001.485	0002.945	0000.130	0001.800	0006.870	0000.113	0010.385	30.186336	-91.985232
28/09/2022 19:33:12.000	7.063	0010.170	0013.173	0001.485	0002.875	0000.130	0001.775	0006.867	0000.113	0010.408	30.186335	-91.985232
28/09/2022 19:33:13.000	7.000	0010.191	0013.161	0001.490	0002.889	0000.130	0001.800	0006.866	0000.113	0010.430	30.186335	-91.985232
28/09/2022 19:33:13.000	7.000	0010.219	0013.150	0001.490	0002.878	0000.130	0001.800	0006.867	0000.113	0010.458	30.186335	-91.985232
28/09/2022 19:33:13.000	6.875	0010.241	0013.138	0001.495	0002.834	0000.132	0001.838	0006.861	0000.115	0010.481	30.186334	-91.985232
28/09/2022 19:33:13.000	6.938	0010.266	0013.128	0001.490	0002.836	0000.130	0001.788	0006.863	0000.113	0010.507	30.186334	-91.985232
28/09/2022 19:33:14.000	7.000	0010.288	0013.117	0001.490	0002.864	0000.130	0001.800	0006.865	0000.113	0010.529	30.186334	-91.985232
28/09/2022 19:33:14.000	6.875	0010.314	0013.107	0001.495	0002.871	0000.128	0001.738	0006.863	0000.111	0010.556	30.186333	-91.985232
28/09/2022 19:33:14.000	6.938	0010.340	0013.098	0001.495	0002.766	0000.130	0001.800	0006.866	0000.113	0010.582	30.186333	-91.985232
28/09/2022 19:33:14.000	7.000	0010.362	0013.093	0001.495	0002.721	0000.130	0001.838	0006.866	0000.113	0010.605	30.186333	-91.985232
28/09/2022 19:33:15.000	7.000	0010.384	0013.087	0001.495	0002.762	0000.132	0001.938	0006.867	0000.115	0010.627	30.186332	-91.985232
28/09/2022 19:33:15.000	6.750	0010.409	0013.077	0001.495	0002.776	0000.132	0001.913	0006.860	0000.115	0010.653	30.186332	-91.985232
28/09/2022 19:33:15.000	6.688	0010.434	0013.068	0001.490	0002.755	0000.132	0001.825	0006.858	0000.115	0010.678	30.186332	-91.985231
28/09/2022 19:33:15.000	6.750	0010.453	0013.063	0001.425	0002.695	0000.128	0001.813	0006.854	0000.111	0010.698	30.186332	-91.985231
28/09/2022 19:33:16.000	6.875	0010.477	0013.055	0001.515	0002.661	0000.130	0001.750	0006.869	0000.113	0010.722	30.186331	-91.985231
28/09/2022 19:33:16.000	6.813	0010.501	0013.049	0001.505	0002.655	0000.132	0001.775	0006.863	0000.115	0010.747	30.186331	-91.985231
28/09/2022 19:33:16.000	6.875	0010.526	0013.045	0001.505	0002.641	0000.132	0001.850	0006.860	0000.115	0010.773	30.186331	-91.985231
28/09/2022 19:33:16.000	7.063	0010.549	0013.042	0001.505	0002.630	0000.132	0001.850	0006.858	0000.115	0010.796	30.186330	-91.985231
28/09/2022 19:33:17.000	6.938	0010.574	0013.039	0001.505	0002.570	0000.132	0001.800	0006.859	0000.115	0010.822	30.186330	-91.985231
28/09/2022 19:33:17.000	7.063	0010.603	0013.034	0001.505	0002.549	0000.130	0002.950	0006.856	0000.113	0010.851	30.186330	-91.985231
28/09/2022 19:33:17.000	6.938	0010.625	0013.031	0001.505	0002.540	0000.130	0002.175	0006.863	0000.113	0010.874	30.186330	-91.985231
28/09/2022 19:33:17.000	6.875	0010.647	0013.024	0001.510	0002.515	0000.132	0001.925	0006.860	0000.115	0010.896	30.186329	-91.985231
28/09/2022 19:33:18.000	7.000	0010.670	0013.016	0001.505	0002.504	0000.134	0001.813	0006.860	0000.116	0010.920	30.186329	-91.985231
28/09/2022 19:33:18.000	7.063	0010.693	0013.008	0001.505	0002.480	0000.132	0001.750	0006.858	0000.115	0010.944	30.186329	-91.985231
28/09/2022 19:33:18.000	6.938	0010.719	0012.999	0001.505	0002.498	0000.132	0001.775	0006.860	0000.115	0010.970	30.186328	-91.985231
28/09/2022 19:33:18.000	7.000	0010.745	0012.993	0001.500	0002.478	0000.134	0001.750	0006.860	0000.116	0010.997	30.186328	-91.985231
28/09/2022 19:33:19.000	6.813	0010.771	0012.983	0001.505	0002.458	0000.134	0001.813	0006.864	0000.116	0011.023	30.186328	-91.985231
28/09/2022 19:33:19.000	6.813	0010.794	0012.975	0001.495	0002.453	0000.132	0001.750	0006.864	0000.115	0011.047	30.186327	-91.985231
28/09/2022 19:33:19.000	6.938	0010.815	0012.966	0001.515	0002.405	0000.134	0001.775	0006.863	0000.116	0011.068	30.186327	-91.985231
28/09/2022 19:33:19.000	7.000	0010.834	0012.958	0001.510	0002.364	0000.134	0001.800	0006.864	0000.116	0011.088	30.186327	-91.985231
28/09/2022 19:33:20.000	6.938	0010.853	0012.949	0001.515	0002.372	0000.134	0001.775	0006.865	0000.116	0011.107	30.186327	-91.985231
28/09/2022 19:33:20.000	6.813	0010.877	0012.937	0001.510	0002.345	0000.134	0001.813	0006.862	0000.116	0011.132	30.186326	-91.985231
28/09/2022 19:33:20.000	6.938	0010.903	0012.928	0001.515	0002.355	0000.132	0001.800	0006.870	0000.115	0011.158	30.186326	-91.985231
28/09/2022 19:33:20.000	6.813	0010.927	0012.920	0001.515	0002.247	0000.132	0001.800	0006.876	0000.115	0011.183	30.186326	-91.985231
28/09/2022 19:33:21.000	7.063	0010.954	0012.911	0001.515	0002.348	0000.134	0001.800	0006.876	0000.116	0011.211	30.186325	-91.985231
28/09/2022 19:33:21.000	6.688	0010.976	0012.904	0001.510	0002.248	0000.134	0001.725	0006.880	0000.116	0011.233	30.186325	-91.985231
28/09/2022 19:33:21.000	6.750	0010.997	0012.898	0001.515	0002.196	0000.134	0001.888	0006.867	0000.116	0011.255	30.186325	-91.985231
28/09/2022 19:33:21.000	6.688	0011.017	0012.887	0001.515	0002.222	0000.132	0001.750	0006.864	0000.115	0011.275	30.186325	-91.985231
28/09/2022 19:33:22.000	6.625	0011.042	0012.877	0001.515	0002.228	0000.134	0001.800	0006.871	0000.116	0011.301	30.186324	-91.985231
28/09/2022 19:33:22.000	6.625	0011.068	0012.868	0001.515	0002.186	0000.132	0001.813	0006.874	0000.115	0011.327	30.186324	-91.985231
28/09/2022 19:33:22.000	6.625	0011.091	0012.856	0001.510	0002.140	0000.134	0001.775	0006.875	0000.116	0011.351	30.186324	-91.985231
28/09/2022 19:33:22.000	6.563	0011.116	0012.844	0001.515	0002.117	0000.132	0001.800	0006.871	0000.115	0011.376	30.186323	-91.985231
28/09/2022 19:33:23.000	6.625	0011.142	0012.835	0001.525	0002.079	0000.134	0001.800	0006.881	0000.116	0011.403	30.186323	-91.985231
28/09/2022 19:33:23.000	6.563	0011.166	0012.825	0001.520	0002.078	0000.132	0001.813	0006.867	0000.115	0011.428	30.186323	-91.985231
28/09/2022 19:33:23.000	6.313	0011.190	0012.820	0001.515	0002.048	0000.134	0001.950	0006.867	0000.116	0011.452	30.186323	-91.985231
28/09/2022 19:33:23.000	6.375	0011.212	0012.812	0001.515	0002.060	0000.134	0001.813	0006.866	0000.116	0011.475	30.186322	-91.985231
28/09/2022 19:33:24.000	6.438	0011.237	0012.804	0001.530	0002.008	0000.134	0001.838	0006.864	0000.116	0011.500	30.186322	-91.985231
28/09/2022 19:33:24.000	6.438	0011.261	0012.796	0001.525	0001.936	0000.134	0001.800	0006.869	0000.116	0011.525	30.186322	-91.985231
28/09/2022 19:33:24.000	6.500	0011.287	0012.784	0001.525	0001.974	0000.134	0001.938	0006.875	0000.116	0011.551	30.186322	-91.985231
28/09/2022 19:33:24.000	6.500	0011.312	0012.782	0001.530	0001.949	0000.134	0001.850	0006.870	0000.116	0011.577	30.186321	-91.985230
28/09/2022 19:33:25.000	6.500	0011.337	0012.773	0001.525	0001.942	0000.134	0001.838	0006.872	0000.116	0011.603	30.186321	-91.985230
28/09/2022 19:33:25.000	6.688	0011.359	0012.763	0001.520	0001.889	0000.132	0001.800	0006.870	0000.115	0011.625	30.186321	-91.985230
28/09/2022 19:33:25.000	6.500	0011.382	0012.756	0001.530	0001.847	0000.134	0001.813	0006.871	0000.116	0011.649	30.186320	-91.985230
28/09/2022 19:33:25.000	6.375	0011.408	0012.745	0001.525	0001.830	0000.134	0001.775	0006.870	0000.116	0011.675	30.186320	-91.985230
28/09/2022 19:33:26.000	6.625	0011.429	0012.735	0001.530	0001.800	0000.134	0001.750	0006.870	0000.116	0011.697	30.186320	-91.985231
28/09/2022 19:33:26.000	6.563	0011.451	0012.729	0001.525	0001.773	0000.134	0001.800	0006.869	0000.116	0011.719	30.186319	-91.985231
28/09/2022 19:33:26.000	6.438	0011.479	0012.719	0001.530	0001.748	0000.132	0001.775	0006.873	0000.115	0011.748	30.186319	-91.985231
28/09/2022 19:33:26.000	6.375	0011.507	0012.712	0001.535	0001.715	0000.132	0001.888	0006.867	0000.115	0011.777	30.186319	-91.985231
28/09/2022 19:33:27.000	6.438	0011.536	0012.709	0001.535	0001.742	0000.134	0001.763	0006.863	0000.116	0011.806	30.186319	-91.985231
28/09/2022 19:33:27.000	6.500	0011.563	0012.705	0001.535	0001.663	0000.134	0001.775	0006.871	0000.116	0011.834	30.186318	-91.985231
28/09/2022 19:33:27.000	6.500	0011.585	0012.703	0001.535	0001.661	0000.134	0001.838	0006.871	0000.116	0011.856	30.186318	-91.985231
28/09/2022 19:33:27.000	6.375	0011.603	0012.695	0001.535	0001.701	0000.134	0001.800	0006.858	0000.116	0011.875	30.186318	-91.985231
28/09/2022 19:33:28.000	6.500	0011.624	0012.696	0001.540	0001.612	0000.134	0001.800	0006.860	0000.116	0011.896	30.186317	-91.985231
28/09/2022 19:33:28.000	6.375	0011.645	0012.689	0001.545	0001.594	0000.134	0001.813	0006.855	0000.116	0011.918	30.186317	-91.985231
28/09/2022 19:33:28.000	6.563	0011.670	0012.683	0001.540	0001.611	0000.134	0001.775	0006.859	0000.116	0011.943	30.186317	-91.985231
28/09/2022 19:33:28.000	6.500	0011.698	0012.679	0001.540	0001.533	0000.134	0001.763	0006.867	0000.116	0011.972	30.186317	-91.985231
28/09/2022 19:33:29.000	6.375	0011.723	0012.673	0001.545	0001.558	0000.134	0001.800	0006.871	0000.116	0011.998	30.186316	-91.985231
28/09/2022 19:33:29.000	6.375	0011.740	0012.667	0001.540	0001.532	0000.134	0001.763	0006.867	0000.116	0012.015	30.186316	-91.985231
28/09/2022 19:33:29.000	6.688	0011.759	0012.663	0001.540	0001.459	0000.134	0001.775	0006.866	0000.116	0012.035	30.186316	-91.985231
28/09/2022 19:33:29.000	6.438	0011.779	0012.659	0001.550	0001.459	0000.134	0001.800	0006.861	0000.116	0012.055	30.186315	-91.985231
28/09/2022 19:33:30.000	6.313	0011.801	0012.656	0001.545	0001.425	0000.136	0001.725	0006.866	0000.118	0012.077	30.186315	-91.985231
28/09/2022 19:33:30.000	6.438	0011.825	0012.653	0001.550	0001.405	0000.134	0001.775	0006.860	0000.116	0012.102	30.186315	-91.985231
28/09/2022 19:33:30.000	6.438	0011.853	0012.650	0001.550	0001.392	0000.134	0001.738	0006.860	0000.116	0012.131	30.186315	-91.985231
28/09/2022 19:33:30.000	6.375	0011.876	0012.650	0001.545	0001.367	0000.134	0001.838	0006.857	0000.116	0012.154	30.186314	-91.985231
28/09/2022 19:33:31.000	6.500	0011.895	0012.648	0001.550	0001.332	0000.134	0001.838	0006.864	0000.116	0012.174	30.186314	-91.985231
28/09/2022 19:33:31.000	6.688	0011.915	0012.644	0001.560	0001.372	0000.134	0001.788	0006.853	0000.116	0012.194	30.186314	-91.985231
28/09/2022 19:33:31.000	6.625	0011.933	0012.638	0001.560	0001.350	0000.134	0001.775	0006.838	0000.116	0012.213	30.186314	-91.985231
28/09/2022 19:33:31.000	6.625	0011.951	0012.636	0001.560	0001.334	0000.134	0001.800	0006.837	0000.116	0012.231	30.186313	-91.985231
28/09/2022 19:33:32.000	6.750	0011.973	0012.632	0001.560	0001.255	0000.136	0001.800	0006.838	0000.118	0012.254	30.186313	-91.985231
28/09/2022 19:33:32.000	6.750	0011.997	0012.633	0001.555	0001.251	0000.134	0001.775	0006.842	0000.116	0012.278	30.186313	-91.985231
28/09/2022 19:33:32.000	6.750	0012.021	0012.630	0001.560	0001.214	0000.136	0001.775	0006.836	0000.118	0012.303	30.186312	-91.985231
28/09/2022 19:33:32.000	6.750	0012.036	0012.629	0001.560	0001.199	0000.134	0001.813	0006.828	0000.116	0012.318	30.186312	-91.985231
28/09/2022 19:33:33.000	6.813	0012.031	0012.627	0001.555	0001.193	0000.134	0001.788	0006.819	0000.116	0012.313	30.186312	-91.985231
28/09/2022 19:33:33.000	6.750	0012.030	0012.625	0001.570	0001.239	0000.136	0001.800	0006.825	0000.118	0012.312	30.186312	-91.985231
28/09/2022 19:33:33.000	6.813	0012.028	0012.622	0001.570	0001.196	0000.136	0001.788	0006.829	0000.118	0012.310	30.186311	-91.985231
28/09/2022 19:33:33.000	6.938	0012.043	0012.622	0001.570	0001.248	0000.136	0001.813	0006.821	0000.118	0012.325	30.186311	-91.985231
28/09/2022 19:33:34.000	7.000	0012.061	0012.619	0001.570	0001.189	0000.136	0001.763	0006.824	0000.118	0012.344	30.186311	-91.985232
28/09/2022 19:33:34.000	7.000	0012.075	0012.619	0001.575	0001.163	0000.136	0001.813	0006.814	0000.118	0012.358	30.186310	-91.985232
28/09/2022 19:33:34.000	6.938	0012.070	0012.619	0001.585	0001.237	0000.136	0001.800	0006.808	0000.118	0012.353	30.186310	-91.985232
28/09/2022 19:33:34.000	7.063	0012.066	0012.619	0001.580	0001.153	0000.136	0001.838	0006.816	0000.118	0012.349	30.186310	-91.985232
28/09/2022 19:33:35.000	7.063	0012.065	0012.617	0001.580	0001.153	0000.138	0001.925	0006.814	0000.120	0012.348	30.186310	-91.985232
28/09/2022 19:33:35.000	7.063	0012.078	0012.617	0001.580	0001.158	0000.136	0001.838	0006.820	0000.118	0012.361	30.186309	-91.985232
28/09/2022 19:33:35.000	7.000	0012.096	0012.616	0001.565	0001.138	0000.136	0001.863	0006.815	0000.118	0012.379	30.186309	-91.985232
28/09/2022 19:33:35.000	7.063	0012.106	0012.614	0001.570	0001.151	0000.134	0001.813	0006.824	0000.116	0012.390	30.186309	-91.985232
28/09/2022 19:33:36.000	6.875	0012.096	0012.614	0001.570	0001.125	0000.136	0001.800	0006.819	0000.118	0012.379	30.186308	-91.985232
28/09/2022 19:33:36.000	7.250	0012.114	0012.614	0001.570	0001.154	0000.138	0001.863	0006.825	0000.120	0012.398	30.186308	-91.985232
28/09/2022 19:33:36.000	7.063	0012.139	0012.613	0001.560	0001.118	0000.138	0001.888	0006.824	0000.120	0012.423	30.186308	-91.985232
28/09/2022 19:33:36.000	7.188	0012.154	0012.611	0001.570	0001.179	0000.136	0001.838	0006.828	0000.118	0012.439	30.186308	-91.985232
28/09/2022 19:33:37.000	7.063	0012.166	0012.609	0001.555	0001.095	0000.136	0001.800	0006.835	0000.118	0012.451	30.186307	-91.985232
28/09/2022 19:33:37.000	7.313	0012.179	0012.609	0001.555	0001.104	0000.134	0001.763	0006.825	0000.116	0012.464	30.186307	-91.985232
28/09/2022 19:33:37.000	7.000	0012.172	0012.608	0001.570	0001.107	0000.134	0001.788	0006.822	0000.116	0012.457	30.186307	-91.985232
28/09/2022 19:33:37.000	6.938	0012.194	0012.608	0001.560	0001.035	0000.136	0001.850	0006.824	0000.118	0012.480	30.186306	-91.985233
28/09/2022 19:33:38.000	6.938	0012.218	0012.606	0001.540	0001.100	0000.138	0001.813	0006.835	0000.120	0012.504	30.186306	-91.985233
28/09/2022 19:33:38.000	7.063	0012.230	0012.604	0001.550	0001.015	0000.136	0001.813	0006.841	0000.118	0012.517	30.186306	-91.985233
28/09/2022 19:33:38.000	7.063	0012.247	0012.606	0001.545	0001.025	0000.138	0001.800	0006.843	0000.120	0012.534	30.186306	-91.985233
28/09/2022 19:33:38.000	6.938	0012.260	0012.603	0001.550	0000.996	0000.136	0001.825	0006.838	0000.118	0012.547	30.186305	-91.985233
28/09/2022 19:33:39.000	6.938	0012.256	0012.603	0001.535	0000.988	0000.136	0001.838	0006.822	0000.118	0012.543	30.186305	-91.985233
28/09/2022 19:33:39.000	6.813	0012.269	0012.602	0001.535	0001.024	0000.138	0001.825	0006.837	0000.120	0012.556	30.186305	-91.985233
28/09/2022 19:33:39.000	6.813	0012.292	0012.598	0001.535	0000.979	0000.138	0001.825	0006.829	0000.120	0012.580	30.186305	-91.985233
28/09/2022 19:33:39.000	7.063	0012.239	0012.598	0001.535	0000.962	0000.136	0001.813	0006.815	0000.118	0012.526	30.186304	-91.985233
28/09/2022 19:33:40.000	7.188	0012.138	0012.599	0001.535	0001.038	0000.136	0001.825	0006.828	0000.118	0012.422	30.186304	-91.985233
28/09/2022 19:33:40.000	6.750	0012.035	0012.604	0001.530	0001.220	0000.136	0001.825	0006.828	0000.118	0012.317	30.186304	-91.985233
28/09/2022 19:33:40.000	6.625	0011.943	0012.608	0001.525	0001.283	0000.136	0001.775	0006.829	0000.118	0012.223	30.186304	-91.985233
28/09/2022 19:33:40.000	6.750	0011.851	0012.610	0001.525	0001.334	0000.136	0001.800	0006.828	0000.118	0012.129	30.186303	-91.985233
28/09/2022 19:33:41.000	6.625	0011.754	0012.610	0001.525	0001.484	0000.138	0001.813	0006.823	0000.120	0012.029	30.186303	-91.985234
28/09/2022 19:33:41.000	6.625	0011.664	0012.609	0001.525	0001.590	0000.134	0001.825	0006.835	0000.116	0011.937	30.186303	-91.985234
28/09/2022 19:33:41.000	6.500	0011.566	0012.607	0001.510	0001.699	0000.136	0001.788	0006.854	0000.118	0011.837	30.186303	-91.985234
28/09/2022 19:33:41.000	6.563	0011.468	0012.605	0001.520	0001.802	0000.136	0001.800	0006.933	0000.118	0011.737	30.186302	-91.985234
28/09/2022 19:33:42.000	6.375	0011.373	0012.607	0001.515	0001.896	0000.138	0001.813	0006.952	0000.120	0011.639	30.186302	-91.985234
28/09/2022 19:33:42.000	6.438	0011.278	0012.609	0001.515	0001.918	0000.136	0001.775	0006.961	0000.118	0011.542	30.186302	-91.985234
28/09/2022 19:33:42.000	6.500	0011.192	0012.611	0001.450	0002.084	0000.136	0001.800	0006.983	0000.118	0011.454	30.186302	-91.985234
28/09/2022 19:33:42.000	6.438	0011.085	0012.612	0001.505	0002.136	0000.136	0001.825	0007.011	0000.118	0011.345	30.186301	-91.985234
28/09/2022 19:33:43.000	6.625	0010.983	0012.615	0001.505	0002.271	0000.136	0001.775	0007.017	0000.118	0011.240	30.186301	-91.985234
28/09/2022 19:33:43.000	6.500	0010.888	0012.620	0001.505	0002.365	0000.136	0001.813	0007.010	0000.118	0011.143	30.186301	-91.985234
28/09/2022 19:33:43.000	6.500	0010.791	0012.624	0001.505	0002.468	0000.136	0001.813	0007.006	0000.118	0011.044	30.186301	-91.985234
28/09/2022 19:33:43.000	6.625	0010.696	0012.627	0001.500	0002.569	0000.134	0001.813	0006.992	0000.116	0010.947	30.186300	-91.985234
28/09/2022 19:33:44.000	6.500	0010.604	0012.631	0001.500	0002.669	0000.134	0001.813	0006.966	0000.116	0010.852	30.186300	-91.985234
28/09/2022 19:33:44.000	6.688	0010.493	0012.634	0001.500	0002.757	0000.134	0001.813	0006.957	0000.116	0010.739	30.186300	-91.985234
28/09/2022 19:33:44.000	6.438	0010.392	0012.638	0001.505	0002.883	0000.136	0001.838	0006.945	0000.118	0010.635	30.186300	-91.985234
28/09/2022 19:33:44.000	6.500	0010.306	0012.641	0001.505	0002.979	0000.134	0001.800	0006.927	0000.116	0010.547	30.186299	-91.985235
28/09/2022 19:33:45.000	6.750	0010.207	0012.647	0001.500	0003.092	0000.134	0001.800	0006.910	0000.116	0010.446	30.186299	-91.985235
28/09/2022 19:33:45.000	6.563	0010.120	0012.651	0001.495	0003.179	0000.134	0001.800	0006.907	0000.116	0010.357	30.186299	-91.985235
28/09/2022 19:33:45.000	6.625	0010.022	0012.654	0001.490	0003.296	0000.136	0001.813	0006.912	0000.118	0010.257	30.186299	-91.985235
28/09/2022 19:33:45.000	6.625	0009.928	0012.660	0001.495	0003.375	0000.134	0001.763	0006.916	0000.116	0010.161	30.186298	-91.985235
28/09/2022 19:33:46.000	6.563	0009.829	0012.665	0001.425	0003.479	0000.134	0001.775	0006.911	0000.116	0010.059	30.186298	-91.985235
28/09/2022 19:33:46.000	6.625	0009.733	0012.675	0001.490	0003.587	0000.134	0001.738	0006.935	0000.116	0009.961	30.186298	-91.985235
28/09/2022 19:33:46.000	6.813	0009.646	0012.686	0001.495	0003.728	0000.134	0001.788	0006.924	0000.116	0009.872	30.186298	-91.985235
28/09/2022 19:33:46.000	6.625	0009.568	0012.705	0001.490	0003.790	0000.134	0001.750	0006.925	0000.116	0009.792	30.186297	-91.985235
28/09/2022 19:33:47.000	6.563	0009.478	0012.729	0001.495	0003.884	0000.134	0001.775	0006.939	0000.116	0009.700	30.186297	-91.985235
28/09/2022 19:33:47.000	6.813	0009.392	0012.741	0001.505	0003.980	0000.134	0001.775	0006.954	0000.116	0009.612	30.186297	-91.985235
28/09/2022 19:33:47.000	6.813	0009.290	0012.748	0001.495	0004.109	0000.134	0001.775	0006.966	0000.116	0009.508	30.186297	-91.985235
28/09/2022 19:33:47.000	6.750	0009.201	0012.775	0001.495	0004.161	0000.134	0001.813	0006.979	0000.116	0009.417	30.186297	-91.985235
28/09/2022 19:33:48.000	6.813	0009.100	0012.806	0001.495	0004.258	0000.132	0001.775	0006.991	0000.115	0009.313	30.186296	-91.985236
28/09/2022 19:33:48.000	6.750	0009.007	0012.832	0001.495	0004.345	0000.132	0001.813	0007.004	0000.115	0009.218	30.186296	-91.985236
28/09/2022 19:33:48.000	6.875	0008.914	0012.860	0001.505	0004.439	0000.132	0001.788	0006.990	0000.115	0009.123	30.186296	-91.985236
28/09/2022 19:33:48.000	6.813	0008.827	0012.871	0001.505	0004.559	0000.132	0001.813	0007.000	0000.115	0009.034	30.186296	-91.985236
28/09/2022 19:33:49.000	6.813	0008.730	0012.874	0001.500	0004.700	0000.132	0001.813	0007.012	0000.115	0008.935	30.186295	-91.985236
28/09/2022 19:33:49.000	6.938	0008.634	0012.871	0001.505	0004.732	0000.132	0001.825	0007.040	0000.115	0008.836	30.186295	-91.985236
28/09/2022 19:33:49.000	6.750	0008.540	0012.896	0001.430	0004.833	0000.134	0001.838	0007.034	0000.116	0008.740	30.186295	-91.985236
28/09/2022 19:33:49.000	7.125	0008.443	0012.937	0001.480	0004.961	0000.134	0001.725	0007.067	0000.116	0008.641	30.186295	-91.985236
28/09/2022 19:33:50.000	6.813	0008.354	0012.954	0001.485	0005.093	0000.134	0001.813	0007.075	0000.116	0008.550	30.186294	-91.985236
28/09/2022 19:33:50.000	6.750	0008.263	0012.985	0001.485	0005.201	0000.132	0001.838	0007.078	0000.115	0008.457	30.186294	-91.985236
28/09/2022 19:33:50.000	6.813	0008.168	0013.015	0001.495	0005.253	0000.132	0001.813	0007.078	0000.115	0008.359	30.186294	-91.985236
28/09/2022 19:33:50.000	6.750	0008.074	0013.050	0001.475	0005.351	0000.130	0001.750	0007.077	0000.113	0008.263	30.186294	-91.985236
28/09/2022 19:33:51.000	6.875	0007.985	0013.103	0001.480	0005.450	0000.130	0001.875	0007.082	0000.113	0008.172	30.186293	-91.985237
28/09/2022 19:33:51.000	6.875	0007.904	0013.165	0001.475	0005.524	0000.130	0001.800	0007.084	0000.113	0008.089	30.186293	-91.985237
28/09/2022 19:33:51.000	6.813	0007.795	0013.212	0001.480	0005.631	0000.130	0001.813	0007.068	0000.113	0007.978	30.186293	-91.985237
28/09/2022 19:33:51.000	6.813	0007.698	0013.245	0001.470	0005.714	0000.130	0001.800	0007.063	0000.113	0007.878	30.186293	-91.985237
28/09/2022 19:33:52.000	6.875	0007.601	0013.264	0001.475	0005.817	0000.130	0001.775	0007.076	0000.113	0007.779	30.186293	-91.985237
28/09/2022 19:33:52.000	6.938	0007.508	0013.292	0001.480	0005.941	0000.130	0001.825	0007.079	0000.113	0007.684	30.186292	-91.985237
28/09/2022 19:33:52.000	6.875	0007.411	0013.386	0001.480	0006.101	0000.130	0001.838	0007.090	0000.113	0007.585	30.186292	-91.985237
28/09/2022 19:33:52.000	6.938	0007.321	0013.662	0001.470	0006.139	0000.128	0001.763	0007.072	0000.111	0007.493	30.186292	-91.985237
28/09/2022 19:33:53.000	6.938	0007.225	0013.970	0001.445	0006.239	0000.128	0001.775	0007.092	0000.111	0007.394	30.186292	-91.985237
28/09/2022 19:33:53.000	6.813	0007.130	0014.121	0001.480	0006.316	0000.128	0001.800	0007.129	0000.111	0007.297	30.186291	-91.985237
28/09/2022 19:33:53.000	7.063	0007.045	0014.226	0001.490	0006.440	0000.128	0001.788	0007.120	0000.111	0007.210	30.186291	-91.985237
28/09/2022 19:33:53.000	7.063	0006.958	0014.345	0001.490	0006.528	0000.128	0001.850	0007.140	0000.111	0007.121	30.186291	-91.985238
28/09/2022 19:33:54.000	6.938	0006.854	0014.563	0001.490	0006.604	0000.128	0001.900	0007.152	0000.111	0007.015	30.186291	-91.985238
28/09/2022 19:33:54.000	6.875	0006.758	0014.781	0001.555	0006.784	0000.128	0001.888	0007.165	0000.111	0006.916	30.186291	-91.985238
28/09/2022 19:33:54.000	7.000	0006.673	0014.886	0001.555	0006.848	0000.130	0001.863	0007.182	0000.113	0006.829	30.186290	-91.985238
28/09/2022 19:33:54.000	7.313	0006.574	0014.958	0001.555	0006.966	0000.128	0001.800	0007.187	0000.111	0006.728	30.186290	-91.985238
28/09/2022 19:33:55.000	7.313	0006.488	0014.962	0001.555	0007.060	0000.130	0001.863	0007.196	0000.113	0006.640	30.186290	-91.985238
28/09/2022 19:33:55.000	7.563	0006.390	0014.952	0001.555	0007.169	0000.130	0001.863	0007.208	0000.113	0006.540	30.186290	-91.985238
28/09/2022 19:33:55.000	7.438	0006.288	0014.942	0001.495	0007.260	0000.130	0001.888	0007.226	0000.113	0006.435	30.186289	-91.985238
28/09/2022 19:33:55.000	7.313	0006.201	0014.935	0001.495	0007.316	0000.128	0001.825	0007.227	0000.111	0006.346	30.186289	-91.985239
28/09/2022 19:33:56.000	7.313	0006.111	0014.957	0001.495	0007.413	0000.128	0001.863	0007.228	0000.111	0006.254	30.186289	-91.985239
28/09/2022 19:33:56.000	7.063	0006.010	0015.031	0001.495	0007.499	0000.130	0001.813	0007.236	0000.113	0006.151	30.186289	-91.985239
28/09/2022 19:33:56.000	7.375	0005.910	0015.115	0001.480	0007.594	0000.130	0001.875	0007.246	0000.113	0006.048	30.186288	-91.985239
28/09/2022 19:33:56.000	7.563	0005.809	0015.216	0001.485	0007.711	0000.126	0001.850	0007.259	0000.109	0005.945	30.186288	-91.985239
28/09/2022 19:33:57.000	7.438	0005.712	0015.436	0001.480	0007.878	0000.128	0001.900	0007.257	0000.111	0005.846	30.186288	-91.985239
28/09/2022 19:33:57.000	7.750	0005.624	0015.600	0001.480	0007.971	0000.128	0001.838	0007.247	0000.111	0005.756	30.186288	-91.985239
28/09/2022 19:33:57.000	7.438	0005.529	0015.739	0001.480	0008.047	0000.130	0001.863	0007.222	0000.113	0005.659	30.186288	-91.985239
28/09/2022 19:33:57.000	7.938	0005.442	0015.932	0001.455	0008.181	0000.130	0001.888	0007.254	0000.113	0005.570	30.186287	-91.985239
28/09/2022 19:33:58.000	8.188	0005.353	0016.157	0001.450	0008.196	0000.132	0001.888	0007.231	0000.115	0005.478	30.186287	-91.985239
28/09/2022 19:33:58.000	8.250	0005.261	0016.471	0001.455	0008.288	0000.134	0001.938	0007.240	0000.116	0005.384	30.186287	-91.985240
28/09/2022 19:33:58.000	8.125	0005.162	0016.702	0001.455	0008.399	0000.134	0001.975	0007.245	0000.116	0005.283	30.186287	-91.985240
28/09/2022 19:33:58.000	8.375	0005.079	0016.884	0001.450	0008.504	0000.134	0002.013	0007.258	0000.116	0005.198	30.186286	-91.985240
28/09/2022 19:33:59.000	8.188	0004.989	0017.137	0001.515	0008.586	0000.136	0002.075	0007.267	0000.118	0005.106	30.186286	-91.985240
28/09/2022 19:33:59.000	8.563	0004.888	0017.449	0001.505	0008.682	0000.136	0002.112	0007.285	0000.118	0005.003	30.186286	-91.985240
28/09/2022 19:33:59.000	8.625	0004.779	0017.737	0001.505	0008.840	0000.138	0002.175	0007.313	0000.120	0004.891	30.186286	-91.985240
28/09/2022 19:33:59.000	8.625	0004.680	0018.010	0001.515	0008.927	0000.140	0002.050	0007.337	0000.122	0004.790	30.186285	-91.985241
28/09/2022 19:34:00.000	8.750	0004.583	0018.308	0001.425	0009.007	0000.144	0002.088	0007.344	0000.126	0004.690	30.186285	-91.985241
28/09/2022 19:34:00.000	8.625	0004.483	0018.602	0001.405	0009.103	0000.140	0002.075	0007.352	0000.122	0004.588	30.186285	-91.985241
28/09/2022 19:34:00.000	8.313	0004.385	0018.675	0001.405	0009.200	0000.138	0002.325	0007.376	0000.120	0004.488	30.186285	-91.985241
28/09/2022 19:34:00.000	8.250	0004.291	0018.932	0001.410	0009.337	0000.138	0002.400	0007.375	0000.120	0004.392	30.186285	-91.985241
28/09/2022 19:34:01.000	8.000	0004.202	0019.216	0001.410	0009.371	0000.140	0002.375	0007.366	0000.122	0004.300	30.186285	-91.985241
28/09/2022 19:34:01.000	7.938	0004.109	0019.341	0001.460	0009.516	0000.140	0002.450	0007.360	0000.122	0004.205	30.186284	-91.985241
28/09/2022 19:34:01.000	8.188	0004.015	0019.502	0001.455	0009.615	0000.142	0002.788	0007.362	0000.124	0004.109	30.186284	-91.985241
28/09/2022 19:34:01.000	8.375	0003.927	0019.681	0001.460	0009.656	0000.140	0002.725	0007.361	0000.122	0004.019	30.186284	-91.985241
28/09/2022 19:34:02.000	8.813	0003.824	0019.860	0001.460	0009.741	0000.142	0003.125	0007.365	0000.124	0003.914	30.186284	-91.985241
28/09/2022 19:34:02.000	8.750	0003.729	0020.335	0001.460	0009.848	0000.144	0003.000	0007.365	0000.126	0003.816	30.186283	-91.985242
28/09/2022 19:34:02.000	8.188	0003.624	0020.881	0001.560	0009.984	0000.144	0002.850	0007.396	0000.126	0003.709	30.186283	-91.985242
28/09/2022 19:34:02.000	8.188	0003.523	0021.134	0001.565	0010.118	0000.140	0002.838	0007.397	0000.122	0003.606	30.186283	-91.985242
28/09/2022 19:34:03.000	8.250	0003.425	0021.426	0001.570	0010.217	0000.140	0003.313	0007.407	0000.122	0003.505	30.186283	-91.985242
28/09/2022 19:34:03.000	7.813	0003.332	0021.698	0001.560	0010.322	0000.142	0003.763	0007.406	0000.124	0003.410	30.186283	-91.985242
28/09/2022 19:34:03.000	7.625	0003.242	0021.922	0001.825	0010.429	0000.146	0003.725	0007.428	0000.127	0003.318	30.186282	-91.985242
28/09/2022 19:34:03.000	7.625	0003.166	0022.249	0001.835	0010.509	0000.144	0004.213	0007.443	0000.126	0003.240	30.186282	-91.985242
28/09/2022 19:34:04.000	7.563	0003.071	0022.550	0001.825	0010.541	0000.144	0004.375	0007.476	0000.126	0003.143	30.186282	-91.985242
28/09/2022 19:34:04.000	7.563	0002.985	0022.864	0001.825	0010.680	0000.142	0004.325	0007.494	0000.124	0003.055	30.186282	-91.985242
28/09/2022 19:34:04.000	7.875	0002.883	0023.299	0001.825	0010.714	0000.144	0004.188	0007.506	0000.126	0002.951	30.186282	-91.985243
28/09/2022 19:34:04.000	7.625	0002.794	0023.646	0002.910	0010.850	0000.142	0004.600	0007.533	0000.124	0002.859	30.186281	-91.985243
28/09/2022 19:34:05.000	7.375	0002.683	0023.866	0002.905	0010.978	0000.142	0004.662	0007.547	0000.124	0002.746	30.186281	-91.985243
28/09/2022 19:34:05.000	7.125	0002.587	0024.128	0002.910	0011.110	0000.142	0004.650	0007.560	0000.124	0002.648	30.186281	-91.985243
28/09/2022 19:34:05.000	6.938	0002.509	0024.434	0002.910	0011.214	0000.142	0004.850	0007.537	0000.124	0002.568	30.186281	-91.985243
28/09/2022 19:34:05.000	7.188	0002.410	0024.663	0002.910	0011.249	0000.142	0005.013	0007.570	0000.124	0002.466	30.186281	-91.985243
28/09/2022 19:34:06.000	7.375	0002.311	0024.862	0004.940	0011.383	0000.142	0005.763	0007.580	0000.124	0002.365	30.186280	-91.985243
28/09/2022 19:34:06.000	6.938	0002.210	0025.033	0004.950	0011.422	0000.142	0005.425	0007.594	0000.124	0002.262	30.186280	-91.985243
28/09/2022 19:34:06.000	7.063	0002.123	0025.176	0004.945	0011.506	0000.142	0005.475	0007.605	0000.124	0002.173	30.186280	-91.985244
28/09/2022 19:34:06.000	7.375	0002.026	0025.266	0004.950	0011.693	0000.142	0005.563	0007.621	0000.124	0002.073	30.186280	-91.985244
28/09/2022 19:34:07.000	7.125	0001.931	0025.298	0008.365	0011.710	0000.144	0005.400	0007.634	0000.126	0001.976	30.186280	-91.985244
28/09/2022 19:34:07.000	6.688	0001.844	0025.308	0008.365	0011.854	0000.144	0005.388	0007.638	0000.126	0001.887	30.186280	-91.985244
28/09/2022 19:34:07.000	7.250	0001.730	0025.365	0008.360	0011.953	0000.144	0005.787	0007.654	0000.126	0001.771	30.186279	-91.985244
28/09/2022 19:34:07.000	7.313	0001.635	0025.488	0008.360	0012.033	0000.142	0006.013	0007.651	0000.124	0001.673	30.186279	-91.985244
28/09/2022 19:34:08.000	7.063	0001.518	0025.681	0008.365	0012.181	0000.142	0006.313	0007.656	0000.124	0001.554	30.186279	-91.985244
28/09/2022 19:34:08.000	7.000	0001.426	0025.902	0012.980	0012.296	0000.142	0005.963	0007.669	0000.124	0001.459	30.186279	-91.985244
28/09/2022 19:34:08.000	6.750	0001.343	0026.073	0012.990	0012.339	0000.142	0006.200	0007.687	0000.124	0001.374	30.186279	-91.985244
28/09/2022 19:34:08.000	6.625	0001.242	0026.213	0012.985	0012.435	0000.140	0006.063	0007.695	0000.122	0001.271	30.186278	-91.985245
28/09/2022 19:34:09.000	6.750	0001.162	0026.411	0012.990	0012.506	0000.142	0005.575	0007.713	0000.124	0001.189	30.186278	-91.985245
28/09/2022 19:34:09.000	6.500	0001.114	0026.620	0012.965	0012.617	0000.142	0005.838	0007.724	0000.124	0001.140	30.186278	-91.985245
28/09/2022 19:34:09.000	6.750	0001.110	0026.819	0018.360	0012.641	0000.142	0006.162	0007.725	0000.124	0001.136	30.186278	-91.985245
28/09/2022 19:34:09.000	6.563	0001.085	0027.023	0018.355	0012.650	0000.142	0006.325	0007.754	0000.124	0001.110	30.186278	-91.985245
28/09/2022 19:34:10.000	6.813	0001.058	0027.190	0018.350	0012.733	0000.142	0007.000	0007.771	0000.124	0001.083	30.186277	-91.985245
28/09/2022 19:34:10.000	6.688	0001.037	0027.318	0018.350	0012.684	0000.140	0006.338	0007.800	0000.122	0001.061	30.186277	-91.985245
28/09/2022 19:34:10.000	6.813	0001.011	0027.404	0027.340	0012.726	0000.142	0005.763	0007.815	0000.124	0001.035	30.186277	-91.985245
28/09/2022 19:34:10.000	6.750	0000.988	0027.463	0027.340	0012.750	0000.142	0005.838	0007.816	0000.124	0001.011	30.186277	-91.985246
28/09/2022 19:34:11.000	6.875	0000.959	0027.536	0027.345	0012.800	0000.142	0005.625	0007.860	0000.124	0000.981	30.186277	-91.985246
28/09/2022 19:34:11.000	7.125	0000.929	0027.634	0027.350	0012.802	0000.142	0006.063	0007.875	0000.124	0000.951	30.186277	-91.985246
28/09/2022 19:34:11.000	6.938	0000.907	0027.730	0027.350	0012.826	0000.142	0005.888	0007.897	0000.124	0000.928	30.186276	-91.985246
28/09/2022 19:34:11.000	7.000	0000.888	0027.766	0032.025	0012.857	0000.142	0005.738	0007.906	0000.124	0000.909	30.186276	-91.985246
28/09/2022 19:34:12.000	7.125	0000.861	0027.751	0032.020	0012.919	0000.142	0005.925	0007.927	0000.124	0000.881	30.186276	-91.985246
28/09/2022 19:34:12.000	7.125	0000.838	0027.731	0032.020	0012.974	0000.140	0006.500	0007.953	0000.122	0000.858	30.186276	-91.985246
28/09/2022 19:34:12.000	6.875	0000.813	0027.724	0032.020	0012.945	0000.142	0006.500	0007.967	0000.124	0000.832	30.186276	-91.985246
28/09/2022 19:34:12.000	6.938	0000.785	0027.724	0032.005	0012.969	0000.140	0006.287	0007.989	0000.122	0000.803	30.186275	-91.985246
28/09/2022 19:34:13.000	7.063	0000.754	0027.729	0035.600	0013.035	0000.142	0005.537	0008.014	0000.124	0000.772	30.186275	-91.985247
28/09/2022 19:34:13.000	6.813	0000.729	0027.731	0035.590	0013.040	0000.140	0005.425	0008.032	0000.122	0000.746	30.186275	-91.985247
28/09/2022 19:34:13.000	6.625	0000.701	0027.735	0035.595	0013.038	0000.142	0005.400	0008.032	0000.124	0000.717	30.186275	-91.985247
28/09/2022 19:34:13.000	6.500	0000.674	0027.739	0035.595	0013.078	0000.142	0005.563	0008.047	0000.124	0000.690	30.186275	-91.985247
28/09/2022 19:34:14.000	6.750	0000.653	0027.743	0039.515	0013.091	0000.142	0005.813	0008.045	0000.124	0000.668	30.186274	-91.985247
28/09/2022 19:34:14.000	6.563	0000.631	0027.754	0039.505	0013.113	0000.140	0005.725	0008.064	0000.122	0000.646	30.186274	-91.985247
28/09/2022 19:34:14.000	6.813	0000.602	0027.762	0039.505	0013.194	0000.142	0005.450	0008.079	0000.124	0000.616	30.186274	-91.985247
28/09/2022 19:34:14.000	6.750	0000.577	0027.770	0039.500	0013.188	0000.142	0005.425	0008.090	0000.124	0000.591	30.186274	-91.985247
28/09/2022 19:34:15.000	6.938	0000.578	0027.773	0039.510	0013.226	0000.142	0005.588	0008.099	0000.124	0000.592	30.186274	-91.985248
28/09/2022 19:34:15.000	6.813	0000.564	0027.771	0042.375	0013.199	0000.140	0005.625	0008.099	0000.122	0000.577	30.186273	-91.985248
28/09/2022 19:34:15.000	6.875	0000.531	0027.766	0042.375	0013.241	0000.142	0005.912	0008.104	0000.124	0000.543	30.186273	-91.985248
28/09/2022 19:34:15.000	6.750	0000.513	0027.758	0042.375	0013.255	0000.142	0005.537	0008.114	0000.124	0000.525	30.186273	-91.985248
28/09/2022 19:34:16.000	6.750	0000.493	0027.749	0042.375	0013.349	0000.140	0005.688	0008.127	0000.122	0000.505	30.186273	-91.985248
28/09/2022 19:34:16.000	7.188	0000.472	0027.747	0042.300	0013.319	0000.142	0005.475	0008.133	0000.124	0000.483	30.186273	-91.985248
28/09/2022 19:34:16.000	6.625	0000.447	0027.743	0044.680	0013.295	0000.142	0006.025	0008.148	0000.124	0000.457	30.186273	-91.985248
28/09/2022 19:34:16.000	6.750	0000.424	0027.742	0044.670	0013.384	0000.142	0005.725	0008.154	0000.124	0000.434	30.186272	-91.985248
28/09/2022 19:34:17.000	6.750	0000.398	0027.743	0044.670	0013.386	0000.140	0005.638	0008.156	0000.122	0000.407	30.186272	-91.985248
28/09/2022 19:34:17.000	6.688	0000.376	0027.747	0044.670	0013.385	0000.140	0005.463	0008.162	0000.122	0000.385	30.186272	-91.985249
28/09/2022 19:34:17.000	6.438	0000.356	0027.746	0046.855	0013.460	0000.140	0006.188	0008.171	0000.122	0000.364	30.186272	-91.985249
28/09/2022 19:34:17.000	6.188	0000.339	0027.751	0046.845	0013.436	0000.140	0006.463	0008.173	0000.122	0000.347	30.186271	-91.985249
28/09/2022 19:34:18.000	6.750	0000.320	0027.751	0046.845	0013.483	0000.142	0005.588	0008.175	0000.124	0000.327	30.186271	-91.985249
28/09/2022 19:34:18.000	6.438	0000.295	0027.749	0046.840	0013.469	0000.140	0005.138	0008.179	0000.122	0000.302	30.186271	-91.985249
28/09/2022 19:34:18.000	6.813	0000.276	0027.750	0046.840	0013.492	0000.142	0005.162	0008.187	0000.124	0000.282	30.186271	-91.985249
28/09/2022 19:34:18.000	6.625	0000.249	0027.743	0047.785	0013.512	0000.142	0004.825	0008.193	0000.124	0000.255	30.186271	-91.985249
28/09/2022 19:34:19.000	6.500	0000.228	0027.745	0047.780	0013.557	0000.142	0004.688	0008.198	0000.124	0000.233	30.186271	-91.985250
28/09/2022 19:34:19.000	6.813	0000.202	0027.755	0047.780	0013.606	0000.142	0004.525	0008.184	0000.124	0000.207	30.186270	-91.985250
28/09/2022 19:34:19.000	6.625	0000.186	0027.755	0047.775	0013.590	0000.142	0004.513	0008.192	0000.124	0000.190	30.186270	-91.985250
28/09/2022 19:34:19.000	7.000	0000.167	0027.747	0047.690	0013.601	0000.140	0004.888	0008.196	0000.122	0000.171	30.186270	-91.985250
28/09/2022 19:34:20.000	6.625	0000.148	0027.739	0050.210	0013.615	0000.142	0005.150	0008.197	0000.124	0000.151	30.186270	-91.985250
28/09/2022 19:34:20.000	6.250	0000.123	0027.730	0050.215	0013.705	0000.140	0005.013	0008.181	0000.122	0000.126	30.186270	-91.985250
28/09/2022 19:34:20.000	6.375	0000.104	0027.724	0050.215	0013.682	0000.142	0005.213	0008.187	0000.124	0000.106	30.186269	-91.985250
28/09/2022 19:34:20.000	7.438	0000.085	0027.722	0050.215	0013.742	0000.140	0004.738	0008.205	0000.122	0000.087	30.186269	-91.985251
28/09/2022 19:34:21.000	6.188	0000.065	0027.720	0051.675	0013.716	0000.142	0005.037	0008.195	0000.124	0000.067	30.186269	-91.985251
28/09/2022 19:34:21.000	6.875	0000.045	0027.707	0051.675	0013.741	0000.142	0004.813	0008.210	0000.124	0000.046	30.186269	-91.985251
28/09/2022 19:34:21.000	5.125	0000.026	0027.696	0051.685	0013.765	0000.142	0004.750	0008.231	0000.124	0000.027	30.186269	-91.985251
28/09/2022 19:34:21.000	6.688	0000.002	0027.687	0051.685	0013.789	0000.142	0004.713	0008.281	0000.124	0000.002	30.186268	-91.985251
28/09/2022 19:34:22.000	6.938	-000.010	0027.692	0051.680	0013.820	0000.142	0004.488	0008.255	0000.124	-000.010	30.186268	-91.985251
28/09/2022 19:34:22.000	6.188	-000.012	0027.706	0052.215	0013.842	0000.140	0004.412	0008.260	0000.122	-000.012	30.186268	-91.985251
28/09/2022 19:34:22.000	5.625	-000.015	0027.718	0052.215	0013.811	0000.142	0005.225	0008.269	0000.124	-000.015	30.186268	-91.985251
28/09/2022 19:34:22.000	6.438	-000.014	0027.726	0052.215	0013.847	0000.142	0004.912	0008.284	0000.124	-000.014	30.186268	-91.985252
28/09/2022 19:34:23.000	6.438	-000.013	0027.729	0052.215	0013.844	0000.142	0004.713	0008.293	0000.124	-000.013	30.186267	-91.985252
28/09/2022 19:34:23.000	6.875	-000.011	0027.733	0052.210	0013.862	0000.140	0004.775	0008.290	0000.122	-000.011	30.186267	-91.985252
28/09/2022 19:34:23.000	5.875	-000.010	0027.729	0052.870	0013.844	0000.140	0005.037	0008.294	0000.122	-000.010	30.186267	-91.985252
28/09/2022 19:34:23.000	6.375	-000.011	0027.728	0052.870	0013.862	0000.142	0005.162	0008.307	0000.124	-000.011	30.186267	-91.985252
28/09/2022 19:34:24.000	6.938	-000.011	0027.735	0052.870	0013.871	0000.142	0005.150	0008.316	0000.124	-000.011	30.186266	-91.985252
28/09/2022 19:34:24.000	7.313	-000.016	0027.736	0052.870	0013.914	0000.140	0004.850	0008.323	0000.122	-000.016	30.186266	-91.985252
28/09/2022 19:34:24.000	7.000	0000.004	0027.737	0053.275	0013.837	0000.142	0004.588	0008.339	0000.124	0000.004	30.186266	-91.985253
28/09/2022 19:34:24.000	7.000	0000.004	0027.744	0053.265	0013.821	0000.140	0005.125	0008.348	0000.122	0000.004	30.186266	-91.985253
28/09/2022 19:34:25.000	7.063	0000.002	0027.755	0053.270	0013.855	0000.142	0004.588	0008.354	0000.124	0000.002	30.186266	-91.985253
28/09/2022 19:34:25.000	6.000	0000.004	0027.770	0053.270	0013.877	0000.142	0004.438	0008.361	0000.124	0000.004	30.186265	-91.985253
28/09/2022 19:34:25.000	6.438	0000.003	0027.778	0053.270	0013.853	0000.142	0004.300	0008.357	0000.124	0000.003	30.186265	-91.985253
28/09/2022 19:34:25.000	6.250	0000.002	0027.785	0053.755	0013.829	0000.140	0004.463	0008.360	0000.122	0000.002	30.186265	-91.985253
28/09/2022 19:34:26.000	7.750	0000.000	0027.789	0053.750	0013.834	0000.142	0004.488	0008.356	0000.124	0000.000	30.186265	-91.985253
28/09/2022 19:34:26.000	7.438	-000.002	0027.790	0053.745	0013.912	0000.140	0004.588	0008.359	0000.122	-000.002	30.186265	-91.985253
28/09/2022 19:34:26.000	6.313	0000.001	0027.803	0053.750	0013.827	0000.142	0004.550	0008.357	0000.124	0000.001	30.186264	-91.985254
28/09/2022 19:34:26.000	7.188	0000.000	0027.823	0053.745	0013.842	0000.142	0004.662	0008.357	0000.124	0000.000	30.186264	-91.985254
28/09/2022 19:34:27.000	6.688	0000.000	0027.841	0053.815	0013.823	0000.142	0004.300	0008.364	0000.124	0000.000	30.186264	-91.985254
28/09/2022 19:34:27.000	6.813	0000.002	0027.858	0053.815	0013.818	0000.140	0004.338	0008.369	0000.122	0000.002	30.186264	-91.985254
28/09/2022 19:34:27.000	6.188	0000.003	0027.884	0053.815	0013.860	0000.142	0004.200	0008.367	0000.124	0000.003	30.186263	-91.985254
28/09/2022 19:34:27.000	7.188	0000.000	0027.908	0053.815	0013.876	0000.142	0004.275	0008.367	0000.124	0000.000	30.186263	-91.985254
28/09/2022 19:34:28.000	6.625	-000.001	0027.921	0054.425	0013.901	0000.142	0004.162	0008.377	0000.124	-000.001	30.186263	-91.985255
28/09/2022 19:34:28.000	6.750	-000.001	0027.937	0054.420	0013.844	0000.140	0004.350	0008.376	0000.122	-000.001	30.186263	-91.985255
28/09/2022 19:34:28.000	6.063	-000.001	0027.936	0054.420	0013.837	0000.142	0004.313	0008.379	0000.124	-000.001	30.186263	-91.985255
