Date / Time	TURBIDITY;FTU	PRESSURE;DBAR	TEMPERATURE;C	DISSOLVED OXYGEN;SAT%	ALTITUDE;M	CONDUCTIVITY;MS/CM	FLUOROMETER (C);UG/L	PH;PH	Calc. SALINITY; PSU	Calc. DEPTH;M	LATITUDE;DEG	LONGITUDE;DEG
06/10/2022 18:51:17.000	109.812	-000.019	0025.953	0096.790	0010.305	0044.728	0001.288	0008.401	0056.752	-000.019	30.179334	-88.860237
06/10/2022 18:51:18.000	69.812	-000.018	0025.953	0096.770	0010.298	0043.052	0001.125	0008.403	0054.344	-000.018	30.179338	-88.860235
06/10/2022 18:51:18.000	266.375	-000.017	0025.956	0096.085	0010.290	0017.592	0001.325	0008.399	0020.223	-000.017	30.179346	-88.860230
06/10/2022 18:51:18.000	87.312	-000.017	0025.960	0096.695	0010.290	0001.128	0001.725	0008.403	0001.080	-000.017	30.179349	-88.860227
06/10/2022 18:51:18.000	301.187	-000.018	0025.963	0096.695	0010.278	0025.260	0003.237	0008.461	0030.022	-000.018	30.179353	-88.860224
06/10/2022 18:51:19.000	448.312	-000.016	0025.966	0096.715	0010.260	0044.218	0001.838	0008.406	0056.017	-000.016	30.179357	-88.860221
06/10/2022 18:51:19.000	212.812	0000.039	0025.965	0096.700	0010.260	0045.544	0001.363	0008.407	0057.931	0000.039	30.179363	-88.860216
06/10/2022 18:51:19.000	362.687	0000.185	0025.961	0096.710	0010.103	0046.472	0001.363	0008.426	0059.279	0000.184	30.179367	-88.860213
06/10/2022 18:51:19.000	50.313	0000.328	0025.927	0096.705	0010.103	0047.176	0001.337	0008.401	0060.306	0000.327	30.179370	-88.860211
06/10/2022 18:51:20.000	8.125	0000.355	0025.879	0096.705	0010.074	0047.108	0001.475	0008.403	0060.207	0000.354	30.179373	-88.860209
06/10/2022 18:51:20.000	5.125	0000.418	0025.816	0096.700	0010.396	0047.152	0001.350	0008.406	0060.271	0000.417	30.179378	-88.860204
06/10/2022 18:51:20.000	4.813	0000.472	0025.776	0096.695	0010.492	0047.096	0001.388	0008.412	0060.189	0000.471	30.179381	-88.860203
06/10/2022 18:51:20.000	4.750	0000.520	0025.703	0096.290	0010.783	0047.050	0001.300	0008.414	0060.122	0000.518	30.179384	-88.860201
06/10/2022 18:51:21.000	5.000	0000.576	0025.631	0096.290	0011.182	0046.950	0001.325	0008.408	0059.976	0000.574	30.179387	-88.860199
06/10/2022 18:51:21.000	4.563	0000.609	0025.528	0096.290	0011.546	0046.930	0001.337	0008.409	0059.947	0000.607	30.179392	-88.860196
06/10/2022 18:51:21.000	4.625	0000.666	0025.373	0096.290	0011.902	0046.922	0001.313	0008.415	0059.935	0000.664	30.179395	-88.860194
06/10/2022 18:51:21.000	4.500	0000.755	0025.259	0095.710	0011.941	0046.964	0001.313	0008.410	0059.997	0000.753	30.179397	-88.860193
06/10/2022 18:51:22.000	4.438	0000.831	0025.192	0096.070	0012.416	0046.954	0001.300	0008.415	0059.982	0000.828	30.179400	-88.860192
06/10/2022 18:51:22.000	4.438	0000.941	0025.145	0096.085	0012.416	0047.100	0001.238	0008.412	0060.195	0000.938	30.179404	-88.860189
06/10/2022 18:51:22.000	4.438	0001.027	0025.059	0096.080	0011.993	0047.230	0001.225	0008.405	0060.385	0001.024	30.179407	-88.860188
06/10/2022 18:51:22.000	4.563	0001.111	0024.991	0096.080	0011.475	0047.348	0001.175	0008.409	0060.558	0001.108	30.179409	-88.860186
06/10/2022 18:51:23.000	4.188	0001.202	0024.937	0095.980	0011.475	0047.636	0001.100	0008.409	0060.979	0001.198	30.179411	-88.860185
06/10/2022 18:51:23.000	4.063	0001.310	0024.912	0095.985	0010.569	0047.790	0001.175	0008.405	0061.205	0001.306	30.179415	-88.860182
06/10/2022 18:51:23.000	3.938	0001.388	0024.908	0095.990	0010.569	0047.968	0001.087	0008.410	0061.466	0001.384	30.179417	-88.860180
06/10/2022 18:51:23.000	3.875	0001.466	0024.916	0095.985	0010.110	0048.020	0001.113	0008.412	0061.542	0001.461	30.179419	-88.860179
06/10/2022 18:51:24.000	3.938	0001.536	0024.924	0095.985	0010.110	0048.084	0001.075	0008.409	0061.636	0001.531	30.179421	-88.860178
06/10/2022 18:51:24.000	3.813	0001.605	0024.930	0095.915	0009.945	0048.138	0001.050	0008.409	0061.716	0001.600	30.179425	-88.860175
06/10/2022 18:51:24.000	3.938	0001.686	0024.933	0095.920	0010.063	0048.222	0000.963	0008.413	0061.839	0001.681	30.179427	-88.860174
06/10/2022 18:51:24.000	3.750	0001.762	0024.943	0095.920	0010.131	0048.326	0000.975	0008.414	0061.992	0001.757	30.179428	-88.860172
06/10/2022 18:51:25.000	3.750	0001.844	0024.964	0095.915	0009.749	0048.396	0001.212	0008.406	0062.095	0001.838	30.179430	-88.860171
06/10/2022 18:51:25.000	3.813	0001.970	0024.993	0095.325	0009.644	0048.526	0001.013	0008.407	0062.286	0001.964	30.179433	-88.860169
06/10/2022 18:51:25.000	3.688	0002.086	0025.027	0095.545	0009.443	0048.688	0000.950	0008.405	0062.525	0002.079	30.179434	-88.860168
06/10/2022 18:51:25.000	3.688	0002.203	0025.076	0095.545	0009.323	0048.868	0000.950	0008.409	0062.790	0002.196	30.179436	-88.860167
06/10/2022 18:51:26.000	3.438	0002.332	0025.128	0095.550	0009.004	0048.964	0000.925	0008.413	0062.932	0002.325	30.179438	-88.860166
06/10/2022 18:51:26.000	3.375	0002.425	0025.177	0095.545	0008.864	0049.010	0000.900	0008.414	0062.999	0002.417	30.179441	-88.860165
06/10/2022 18:51:26.000	3.375	0002.528	0025.216	0095.135	0008.581	0049.074	0000.963	0008.410	0063.094	0002.520	30.179443	-88.860164
06/10/2022 18:51:26.000	3.313	0002.632	0025.243	0095.135	0008.329	0049.108	0000.875	0008.413	0063.144	0002.624	30.179444	-88.860163
06/10/2022 18:51:27.000	3.313	0002.713	0025.267	0095.130	0008.165	0049.136	0000.950	0008.412	0063.185	0002.705	30.179445	-88.860162
06/10/2022 18:51:27.000	3.313	0002.813	0025.280	0095.130	0008.133	0049.160	0000.950	0008.409	0063.221	0002.804	30.179448	-88.860159
06/10/2022 18:51:27.000	3.500	0002.901	0025.287	0095.125	0008.035	0049.178	0000.950	0008.410	0063.247	0002.892	30.179449	-88.860158
06/10/2022 18:51:27.000	3.375	0002.998	0025.293	0094.445	0007.944	0049.204	0000.938	0008.412	0063.286	0002.989	30.179450	-88.860156
06/10/2022 18:51:28.000	3.375	0003.118	0025.303	0094.445	0007.709	0049.220	0000.988	0008.406	0063.309	0003.108	30.179451	-88.860155
06/10/2022 18:51:28.000	3.313	0003.254	0025.315	0094.455	0007.628	0049.244	0001.013	0008.412	0063.345	0003.244	30.179454	-88.860154
06/10/2022 18:51:28.000	3.375	0003.385	0025.330	0094.440	0007.479	0049.258	0000.988	0008.410	0063.366	0003.374	30.179455	-88.860153
06/10/2022 18:51:28.000	3.375	0003.515	0025.340	0093.825	0007.219	0049.266	0001.050	0008.409	0063.377	0003.504	30.179456	-88.860153
06/10/2022 18:51:29.000	3.250	0003.643	0025.350	0094.105	0007.099	0049.272	0001.013	0008.410	0063.386	0003.632	30.179457	-88.860153
06/10/2022 18:51:29.000	3.313	0003.732	0025.354	0094.105	0006.890	0049.278	0000.963	0008.412	0063.395	0003.720	30.179460	-88.860151
06/10/2022 18:51:29.000	3.250	0003.834	0025.361	0094.105	0006.782	0049.286	0001.063	0008.414	0063.407	0003.822	30.179461	-88.860150
06/10/2022 18:51:29.000	3.375	0003.904	0025.362	0094.105	0006.720	0049.286	0001.025	0008.417	0063.407	0003.892	30.179462	-88.860149
06/10/2022 18:51:30.000	3.313	0003.980	0025.363	0093.775	0006.576	0049.290	0001.050	0008.413	0063.413	0003.968	30.179463	-88.860148
06/10/2022 18:51:30.000	3.313	0004.086	0025.364	0093.775	0006.454	0049.286	0000.975	0008.410	0063.407	0004.073	30.179464	-88.860145
06/10/2022 18:51:30.000	3.313	0004.192	0025.363	0093.780	0006.371	0049.284	0000.988	0008.416	0063.404	0004.179	30.179465	-88.860144
06/10/2022 18:51:30.000	3.313	0004.310	0025.360	0093.775	0006.255	0049.286	0001.113	0008.414	0063.407	0004.297	30.179466	-88.860143
06/10/2022 18:51:31.000	3.313	0004.441	0025.359	0093.780	0006.126	0049.290	0001.087	0008.409	0063.413	0004.427	30.179467	-88.860143
06/10/2022 18:51:31.000	3.313	0004.583	0025.357	0093.655	0006.006	0049.294	0001.038	0008.410	0063.419	0004.569	30.179469	-88.860142
06/10/2022 18:51:31.000	3.313	0004.707	0025.357	0093.665	0005.884	0049.286	0001.113	0008.417	0063.407	0004.692	30.179470	-88.860142
06/10/2022 18:51:31.000	3.625	0004.826	0025.353	0093.670	0005.697	0049.286	0001.138	0008.417	0063.407	0004.811	30.179471	-88.860141
06/10/2022 18:51:32.000	3.500	0004.914	0025.350	0093.665	0005.640	0049.286	0001.000	0008.411	0063.407	0004.899	30.179472	-88.860141
06/10/2022 18:51:32.000	3.375	0004.980	0025.345	0092.960	0005.535	0049.284	0001.150	0008.412	0063.404	0004.964	30.179473	-88.860139
06/10/2022 18:51:32.000	3.375	0005.048	0025.343	0093.545	0005.421	0049.286	0001.038	0008.418	0063.407	0005.032	30.179474	-88.860138
06/10/2022 18:51:32.000	3.313	0005.148	0025.338	0093.545	0005.344	0049.286	0001.025	0008.412	0063.407	0005.132	30.179475	-88.860137
06/10/2022 18:51:33.000	3.313	0005.245	0025.338	0093.545	0005.258	0049.298	0001.100	0008.410	0063.425	0005.229	30.179475	-88.860136
06/10/2022 18:51:33.000	3.250	0005.368	0025.337	0093.540	0005.135	0049.302	0001.363	0008.414	0063.431	0005.351	30.179476	-88.860134
06/10/2022 18:51:33.000	3.313	0005.502	0025.339	0093.445	0005.003	0049.312	0001.125	0008.413	0063.445	0005.485	30.179477	-88.860133
06/10/2022 18:51:33.000	3.438	0005.612	0025.335	0093.445	0004.927	0049.310	0001.100	0008.410	0063.442	0005.595	30.179478	-88.860133
06/10/2022 18:51:34.000	3.625	0005.715	0025.337	0093.445	0004.789	0049.332	0001.138	0008.413	0063.475	0005.697	30.179479	-88.860133
06/10/2022 18:51:34.000	3.313	0005.807	0025.341	0093.445	0004.680	0049.372	0001.388	0008.414	0063.534	0005.789	30.179480	-88.860132
06/10/2022 18:51:34.000	3.375	0005.901	0025.351	0093.445	0004.594	0049.392	0001.513	0008.413	0063.564	0005.883	30.179481	-88.860131
06/10/2022 18:51:34.000	3.375	0005.976	0025.356	0093.440	0004.511	0049.390	0001.250	0008.406	0063.561	0005.957	30.179482	-88.860131
06/10/2022 18:51:35.000	3.438	0006.006	0025.363	0093.435	0004.466	0049.474	0001.313	0008.406	0063.685	0005.987	30.179482	-88.860130
06/10/2022 18:51:35.000	3.375	0005.992	0025.367	0093.440	0004.448	0049.506	0001.175	0008.410	0063.732	0005.973	30.179483	-88.860129
06/10/2022 18:51:35.000	3.500	0005.972	0025.372	0093.445	0004.465	0049.428	0001.200	0008.406	0063.617	0005.953	30.179484	-88.860128
06/10/2022 18:51:35.000	3.438	0005.950	0025.375	0092.830	0004.496	0049.400	0001.175	0008.405	0063.575	0005.931	30.179485	-88.860127
06/10/2022 18:51:36.000	3.563	0005.930	0025.376	0093.155	0004.521	0049.392	0001.175	0008.410	0063.564	0005.912	30.179485	-88.860126
06/10/2022 18:51:36.000	3.500	0005.928	0025.378	0093.160	0004.503	0049.390	0001.163	0008.415	0063.561	0005.910	30.179486	-88.860125
06/10/2022 18:51:36.000	3.500	0005.958	0025.381	0093.160	0004.512	0049.390	0001.425	0008.410	0063.561	0005.939	30.179487	-88.860124
06/10/2022 18:51:36.000	3.438	0006.012	0025.385	0093.155	0004.465	0049.426	0001.500	0008.412	0063.614	0005.993	30.179487	-88.860124
06/10/2022 18:51:37.000	3.625	0006.064	0025.386	0092.685	0004.382	0049.608	0001.488	0008.407	0063.883	0006.045	30.179487	-88.860123
06/10/2022 18:51:37.000	3.625	0006.106	0025.390	0092.670	0004.313	0049.670	0001.300	0008.410	0063.975	0006.087	30.179489	-88.860123
06/10/2022 18:51:37.000	3.500	0006.118	0025.397	0092.670	0004.303	0049.702	0001.300	0008.408	0064.022	0006.099	30.179489	-88.860122
06/10/2022 18:51:37.000	3.563	0006.102	0025.409	0092.670	0004.287	0049.722	0001.225	0008.405	0064.052	0006.083	30.179490	-88.860121
06/10/2022 18:51:38.000	3.625	0006.069	0025.416	0092.670	0004.337	0049.728	0001.150	0008.406	0064.061	0006.050	30.179490	-88.860121
06/10/2022 18:51:38.000	3.500	0006.026	0025.422	0092.250	0004.406	0049.708	0001.288	0008.413	0064.031	0006.007	30.179491	-88.860119
06/10/2022 18:51:38.000	3.500	0005.993	0025.426	0092.245	0004.462	0049.578	0001.238	0008.405	0063.839	0005.974	30.179492	-88.860119
06/10/2022 18:51:38.000	3.750	0005.978	0025.428	0092.250	0004.455	0049.476	0001.275	0008.409	0063.688	0005.959	30.179492	-88.860118
06/10/2022 18:51:39.000	3.563	0005.977	0025.419	0092.250	0004.467	0049.464	0001.238	0008.409	0063.670	0005.958	30.179492	-88.860117
06/10/2022 18:51:39.000	3.750	0005.996	0025.414	0091.600	0004.456	0049.458	0001.813	0008.406	0063.661	0005.977	30.179493	-88.860116
06/10/2022 18:51:39.000	3.938	0006.009	0025.409	0091.930	0004.446	0049.526	0001.663	0008.412	0063.762	0005.990	30.179494	-88.860116
06/10/2022 18:51:39.000	3.875	0006.016	0025.411	0091.925	0004.427	0049.594	0001.325	0008.408	0063.862	0005.997	30.179494	-88.860115
06/10/2022 18:51:40.000	3.750	0006.018	0025.414	0091.925	0004.419	0049.674	0001.538	0008.412	0063.981	0005.999	30.179495	-88.860115
06/10/2022 18:51:40.000	3.688	0006.020	0025.418	0091.930	0004.458	0049.706	0001.225	0008.408	0064.028	0006.001	30.179495	-88.860114
06/10/2022 18:51:40.000	3.813	0006.032	0025.422	0091.705	0004.433	0049.712	0001.388	0008.406	0064.037	0006.013	30.179496	-88.860114
06/10/2022 18:51:40.000	3.625	0006.045	0025.430	0091.710	0004.399	0049.718	0001.225	0008.413	0064.046	0006.026	30.179496	-88.860113
06/10/2022 18:51:41.000	3.688	0006.047	0025.432	0091.710	0004.398	0049.738	0001.225	0008.410	0064.076	0006.028	30.179497	-88.860113
06/10/2022 18:51:41.000	3.813	0006.034	0025.435	0091.705	0004.386	0049.746	0001.138	0008.406	0064.087	0006.015	30.179498	-88.860111
06/10/2022 18:51:41.000	3.625	0006.010	0025.437	0091.715	0004.401	0049.748	0001.438	0008.409	0064.090	0005.991	30.179498	-88.860110
06/10/2022 18:51:41.000	3.625	0005.994	0025.438	0091.535	0004.410	0049.734	0001.263	0008.413	0064.070	0005.975	30.179498	-88.860110
06/10/2022 18:51:42.000	3.875	0006.005	0025.436	0091.540	0004.427	0049.750	0001.337	0008.415	0064.093	0005.986	30.179498	-88.860109
06/10/2022 18:51:42.000	3.688	0006.053	0025.439	0091.535	0004.401	0049.760	0002.625	0008.413	0064.108	0006.034	30.179499	-88.860109
06/10/2022 18:51:42.000	3.688	0006.107	0025.437	0091.540	0004.298	0049.774	0001.600	0008.409	0064.129	0006.088	30.179499	-88.860108
06/10/2022 18:51:42.000	4.000	0006.135	0025.439	0090.875	0004.266	0049.780	0001.313	0008.409	0064.138	0006.116	30.179499	-88.860108
06/10/2022 18:51:43.000	3.750	0006.135	0025.442	0091.395	0004.258	0049.786	0001.425	0008.406	0064.147	0006.116	30.179499	-88.860107
06/10/2022 18:51:43.000	3.688	0006.092	0025.443	0091.390	0004.283	0049.758	0001.288	0008.406	0064.105	0006.073	30.179500	-88.860106
06/10/2022 18:51:43.000	3.563	0006.048	0025.443	0091.385	0004.354	0049.746	0001.238	0008.407	0064.087	0006.029	30.179501	-88.860105
06/10/2022 18:51:43.000	3.625	0006.012	0025.443	0091.395	0004.380	0049.746	0001.238	0008.408	0064.087	0005.993	30.179501	-88.860105
06/10/2022 18:51:44.000	3.625	0005.998	0025.441	0091.270	0004.440	0049.744	0001.263	0008.414	0064.085	0005.979	30.179501	-88.860104
06/10/2022 18:51:44.000	3.750	0005.998	0025.440	0091.275	0004.420	0049.746	0001.175	0008.408	0064.087	0005.979	30.179502	-88.860104
06/10/2022 18:51:44.000	3.688	0006.012	0025.438	0091.275	0004.448	0049.744	0001.200	0008.415	0064.085	0005.993	30.179502	-88.860104
06/10/2022 18:51:44.000	3.750	0006.026	0025.436	0091.275	0004.402	0049.734	0001.288	0008.412	0064.070	0006.007	30.179502	-88.860103
06/10/2022 18:51:45.000	3.750	0006.034	0025.434	0091.280	0004.398	0049.722	0001.238	0008.406	0064.052	0006.015	30.179503	-88.860103
06/10/2022 18:51:45.000	3.625	0006.035	0025.433	0091.200	0004.407	0049.698	0001.550	0008.405	0064.016	0006.016	30.179503	-88.860101
06/10/2022 18:51:45.000	3.625	0006.034	0025.433	0091.190	0004.409	0049.690	0001.288	0008.411	0064.005	0006.015	30.179504	-88.860101
06/10/2022 18:51:45.000	3.750	0006.030	0025.430	0091.195	0004.409	0049.688	0001.488	0008.407	0064.002	0006.011	30.179504	-88.860100
06/10/2022 18:51:46.000	4.000	0006.028	0025.430	0091.195	0004.416	0049.686	0001.250	0008.415	0063.999	0006.009	30.179504	-88.860099
06/10/2022 18:51:46.000	3.875	0006.031	0025.430	0090.540	0004.404	0049.690	0001.238	0008.413	0064.005	0006.012	30.179505	-88.860098
06/10/2022 18:51:46.000	3.750	0006.040	0025.430	0091.220	0004.397	0049.682	0001.325	0008.414	0063.993	0006.021	30.179505	-88.860098
06/10/2022 18:51:46.000	3.688	0006.051	0025.429	0091.220	0004.401	0049.732	0001.238	0008.408	0064.067	0006.032	30.179505	-88.860098
06/10/2022 18:51:47.000	3.625	0006.064	0025.428	0091.215	0004.351	0049.744	0001.175	0008.410	0064.085	0006.045	30.179505	-88.860097
06/10/2022 18:51:47.000	3.750	0006.076	0025.431	0091.220	0004.353	0049.744	0001.175	0008.416	0064.085	0006.057	30.179506	-88.860097
06/10/2022 18:51:47.000	3.688	0006.083	0025.429	0091.185	0004.332	0049.746	0001.238	0008.413	0064.087	0006.064	30.179506	-88.860097
06/10/2022 18:51:47.000	3.625	0006.080	0025.432	0091.185	0004.343	0049.744	0001.363	0008.411	0064.085	0006.061	30.179506	-88.860097
06/10/2022 18:51:48.000	3.875	0006.056	0025.434	0091.185	0004.338	0049.754	0001.675	0008.408	0064.099	0006.037	30.179507	-88.860096
06/10/2022 18:51:48.000	3.625	0006.035	0025.435	0091.180	0004.368	0049.744	0001.500	0008.408	0064.085	0006.016	30.179507	-88.860095
06/10/2022 18:51:48.000	3.625	0006.018	0025.437	0091.185	0004.400	0049.742	0001.263	0008.412	0064.082	0005.999	30.179507	-88.860094
06/10/2022 18:51:48.000	3.625	0006.014	0025.436	0091.160	0004.419	0049.740	0001.188	0008.408	0064.079	0005.995	30.179507	-88.860093
06/10/2022 18:51:49.000	4.000	0006.027	0025.437	0091.160	0004.418	0049.742	0001.175	0008.415	0064.082	0006.008	30.179507	-88.860093
06/10/2022 18:51:49.000	3.875	0006.056	0025.441	0091.160	0004.356	0049.742	0001.163	0008.410	0064.082	0006.037	30.179507	-88.860092
06/10/2022 18:51:49.000	3.688	0006.080	0025.441	0091.160	0004.363	0049.742	0001.250	0008.414	0064.082	0006.061	30.179507	-88.860091
06/10/2022 18:51:49.000	3.688	0006.097	0025.442	0090.535	0004.317	0049.742	0001.263	0008.410	0064.082	0006.078	30.179507	-88.860091
06/10/2022 18:51:50.000	3.688	0006.098	0025.443	0091.140	0004.334	0049.744	0001.263	0008.416	0064.085	0006.079	30.179508	-88.860090
06/10/2022 18:51:50.000	3.688	0006.074	0025.444	0091.140	0004.355	0049.744	0001.263	0008.412	0064.085	0006.055	30.179508	-88.860089
06/10/2022 18:51:50.000	3.938	0006.045	0025.442	0091.130	0004.372	0049.738	0001.238	0008.413	0064.076	0006.026	30.179509	-88.860089
06/10/2022 18:51:50.000	3.750	0006.023	0025.442	0091.125	0004.438	0049.738	0001.225	0008.408	0064.076	0006.004	30.179509	-88.860089
06/10/2022 18:51:51.000	3.750	0006.015	0025.442	0091.130	0004.430	0049.742	0001.212	0008.415	0064.082	0005.996	30.179509	-88.860089
06/10/2022 18:51:51.000	3.813	0006.016	0025.441	0091.130	0004.436	0049.744	0001.225	0008.408	0064.085	0005.997	30.179510	-88.860089
06/10/2022 18:51:51.000	4.000	0006.034	0025.441	0091.135	0004.409	0049.744	0001.225	0008.410	0064.085	0006.015	30.179510	-88.860089
06/10/2022 18:51:51.000	3.813	0006.044	0025.441	0091.140	0004.406	0049.742	0002.725	0008.412	0064.082	0006.025	30.179510	-88.860088
06/10/2022 18:51:52.000	3.938	0006.046	0025.440	0091.140	0004.400	0049.742	0001.588	0008.409	0064.082	0006.027	30.179510	-88.860088
06/10/2022 18:51:52.000	3.688	0006.032	0025.438	0091.140	0004.426	0049.738	0001.325	0008.409	0064.076	0006.013	30.179510	-88.860086
06/10/2022 18:51:52.000	3.875	0006.007	0025.441	0091.145	0004.429	0049.740	0001.500	0008.410	0064.079	0005.988	30.179511	-88.860085
06/10/2022 18:51:52.000	3.875	0005.990	0025.438	0091.140	0004.461	0049.736	0001.288	0008.415	0064.073	0005.971	30.179511	-88.860084
06/10/2022 18:51:53.000	3.750	0005.992	0025.441	0091.140	0004.442	0049.736	0001.263	0008.409	0064.073	0005.973	30.179511	-88.860084
06/10/2022 18:51:53.000	3.750	0006.036	0025.440	0090.450	0004.391	0049.740	0001.375	0008.412	0064.079	0006.017	30.179510	-88.860083
06/10/2022 18:51:53.000	3.813	0006.089	0025.440	0091.065	0004.341	0049.758	0001.250	0008.414	0064.105	0006.070	30.179510	-88.860083
06/10/2022 18:51:53.000	3.875	0006.141	0025.442	0091.075	0004.277	0049.782	0001.275	0008.414	0064.141	0006.122	30.179511	-88.860083
06/10/2022 18:51:54.000	3.750	0006.162	0025.443	0091.080	0004.231	0049.786	0001.375	0008.413	0064.147	0006.143	30.179511	-88.860083
06/10/2022 18:51:54.000	3.750	0006.156	0025.442	0091.070	0004.227	0049.788	0001.450	0008.413	0064.150	0006.137	30.179512	-88.860082
06/10/2022 18:51:54.000	3.625	0006.116	0025.444	0091.105	0004.267	0049.778	0001.375	0008.416	0064.135	0006.097	30.179512	-88.860082
06/10/2022 18:51:54.000	3.625	0006.067	0025.446	0091.100	0004.341	0049.774	0001.225	0008.413	0064.129	0006.048	30.179512	-88.860082
06/10/2022 18:51:55.000	3.750	0006.033	0025.444	0091.100	0004.397	0049.782	0001.388	0008.408	0064.141	0006.014	30.179512	-88.860082
06/10/2022 18:51:55.000	3.625	0006.021	0025.444	0091.100	0004.421	0049.782	0001.475	0008.411	0064.141	0006.002	30.179512	-88.860081
06/10/2022 18:51:55.000	3.875	0006.022	0025.444	0091.095	0004.406	0049.778	0001.275	0008.415	0064.135	0006.003	30.179512	-88.860080
06/10/2022 18:51:55.000	4.000	0006.023	0025.444	0091.065	0004.397	0049.768	0001.238	0008.413	0064.120	0006.004	30.179512	-88.860079
06/10/2022 18:51:56.000	3.750	0006.015	0025.444	0091.065	0004.416	0049.758	0001.275	0008.410	0064.105	0005.996	30.179512	-88.860078
06/10/2022 18:51:56.000	4.313	0005.995	0025.446	0091.065	0004.447	0049.748	0001.263	0008.409	0064.090	0005.976	30.179512	-88.860077
06/10/2022 18:51:56.000	3.875	0005.989	0025.447	0091.065	0004.464	0049.748	0001.325	0008.408	0064.090	0005.970	30.179512	-88.860076
06/10/2022 18:51:56.000	4.063	0006.013	0025.445	0090.430	0004.457	0049.758	0001.200	0008.408	0064.105	0005.994	30.179512	-88.860076
06/10/2022 18:51:57.000	4.625	0006.059	0025.444	0091.100	0004.406	0049.760	0001.250	0008.409	0064.108	0006.040	30.179512	-88.860076
06/10/2022 18:51:57.000	7.750	0006.107	0025.444	0091.090	0004.353	0049.764	0001.225	0008.416	0064.114	0006.088	30.179513	-88.860076
06/10/2022 18:51:57.000	4.000	0006.130	0025.445	0091.095	0004.326	0049.766	0001.638	0008.411	0064.117	0006.111	30.179513	-88.860076
06/10/2022 18:51:57.000	3.750	0006.130	0025.445	0091.090	0004.301	0049.768	0001.263	0008.413	0064.120	0006.111	30.179514	-88.860076
06/10/2022 18:51:58.000	3.875	0006.080	0025.446	0091.050	0004.337	0049.766	0001.613	0008.417	0064.117	0006.061	30.179514	-88.860076
06/10/2022 18:51:58.000	3.875	0006.017	0025.446	0091.050	0004.389	0049.746	0001.313	0008.417	0064.087	0005.998	30.179515	-88.860074
06/10/2022 18:51:58.000	3.750	0005.974	0025.443	0091.050	0004.445	0049.738	0001.750	0008.410	0064.076	0005.955	30.179514	-88.860074
06/10/2022 18:51:58.000	3.750	0005.964	0025.445	0091.040	0004.463	0049.738	0001.337	0008.408	0064.076	0005.945	30.179514	-88.860073
06/10/2022 18:51:59.000	3.750	0006.013	0025.442	0091.045	0004.452	0049.732	0001.288	0008.411	0064.067	0005.994	30.179514	-88.860073
06/10/2022 18:51:59.000	3.688	0006.085	0025.442	0091.035	0004.372	0049.730	0001.363	0008.410	0064.064	0006.066	30.179514	-88.860072
06/10/2022 18:51:59.000	3.688	0006.142	0025.439	0091.035	0004.286	0049.732	0003.075	0008.411	0064.067	0006.123	30.179514	-88.860072
06/10/2022 18:51:59.000	3.688	0006.164	0025.440	0091.035	0004.258	0049.734	0001.675	0008.408	0064.070	0006.145	30.179514	-88.860071
06/10/2022 18:52:00.000	3.813	0006.140	0025.443	0091.035	0004.257	0049.738	0001.350	0008.417	0064.076	0006.121	30.179514	-88.860071
06/10/2022 18:52:00.000	3.938	0006.078	0025.441	0090.365	0004.315	0049.738	0001.225	0008.413	0064.076	0006.059	30.179515	-88.860069
06/10/2022 18:52:00.000	3.875	0006.006	0025.441	0091.035	0004.393	0049.738	0001.288	0008.411	0064.076	0005.987	30.179515	-88.860069
06/10/2022 18:52:00.000	3.750	0005.962	0025.441	0091.030	0004.485	0049.724	0001.188	0008.415	0064.055	0005.943	30.179515	-88.860068
06/10/2022 18:52:01.000	3.625	0005.964	0025.441	0091.030	0004.476	0049.700	0001.463	0008.417	0064.019	0005.945	30.179515	-88.860068
06/10/2022 18:52:01.000	3.750	0006.027	0025.441	0091.030	0004.432	0049.680	0003.725	0008.409	0063.990	0006.008	30.179515	-88.860069
06/10/2022 18:52:01.000	3.813	0006.092	0025.440	0091.035	0004.368	0049.672	0002.225	0008.417	0063.978	0006.073	30.179515	-88.860069
06/10/2022 18:52:01.000	3.750	0006.136	0025.440	0091.035	0004.307	0049.720	0001.675	0008.416	0064.049	0006.117	30.179515	-88.860069
06/10/2022 18:52:02.000	3.688	0006.144	0025.441	0091.030	0004.282	0049.744	0001.337	0008.409	0064.084	0006.125	30.179515	-88.860068
06/10/2022 18:52:02.000	3.625	0006.111	0025.441	0091.035	0004.301	0049.746	0002.050	0008.410	0064.087	0006.092	30.179515	-88.860067
06/10/2022 18:52:02.000	3.625	0006.055	0025.440	0091.030	0004.360	0049.748	0002.025	0008.413	0064.090	0006.036	30.179516	-88.860066
06/10/2022 18:52:02.000	3.563	0006.003	0025.441	0091.045	0004.433	0049.748	0001.513	0008.410	0064.090	0005.984	30.179516	-88.860065
06/10/2022 18:52:03.000	3.625	0005.971	0025.442	0091.045	0004.464	0049.744	0001.288	0008.410	0064.085	0005.952	30.179516	-88.860065
06/10/2022 18:52:03.000	3.750	0005.965	0025.443	0091.045	0004.485	0049.732	0001.138	0008.413	0064.067	0005.946	30.179516	-88.860064
06/10/2022 18:52:03.000	3.750	0005.989	0025.440	0091.045	0004.461	0049.728	0001.175	0008.414	0064.061	0005.970	30.179516	-88.860064
06/10/2022 18:52:03.000	3.625	0006.025	0025.438	0090.355	0004.425	0049.732	0001.250	0008.414	0064.067	0006.006	30.179515	-88.860064
06/10/2022 18:52:04.000	3.750	0006.067	0025.436	0091.025	0004.364	0049.732	0001.212	0008.409	0064.067	0006.048	30.179515	-88.860064
06/10/2022 18:52:04.000	6.813	0006.097	0025.435	0091.030	0004.342	0049.736	0001.613	0008.416	0064.073	0006.078	30.179516	-88.860063
06/10/2022 18:52:04.000	4.438	0006.114	0025.434	0091.030	0004.299	0049.740	0004.500	0008.415	0064.079	0006.095	30.179516	-88.860063
06/10/2022 18:52:04.000	3.688	0006.122	0025.436	0091.030	0004.299	0049.740	0002.163	0008.409	0064.079	0006.103	30.179516	-88.860063
06/10/2022 18:52:05.000	3.625	0006.118	0025.434	0091.055	0004.301	0049.742	0001.563	0008.415	0064.082	0006.099	30.179516	-88.860063
06/10/2022 18:52:05.000	3.688	0006.091	0025.436	0091.055	0004.304	0049.746	0001.400	0008.410	0064.087	0006.072	30.179516	-88.860062
06/10/2022 18:52:05.000	7.313	0006.057	0025.438	0091.050	0004.332	0049.742	0001.800	0008.415	0064.082	0006.038	30.179516	-88.860061
06/10/2022 18:52:05.000	5.500	0006.027	0025.439	0091.050	0004.366	0049.742	0001.337	0008.408	0064.082	0006.008	30.179516	-88.860060
06/10/2022 18:52:06.000	3.750	0006.015	0025.440	0091.045	0004.403	0049.744	0001.600	0008.411	0064.085	0005.996	30.179516	-88.860060
06/10/2022 18:52:06.000	3.625	0006.021	0025.442	0091.095	0004.391	0049.746	0001.375	0008.416	0064.087	0006.002	30.179515	-88.860059
06/10/2022 18:52:06.000	3.813	0006.050	0025.442	0091.095	0004.371	0049.738	0001.313	0008.413	0064.076	0006.031	30.179515	-88.860059
06/10/2022 18:52:06.000	3.500	0006.086	0025.443	0091.095	0004.342	0049.712	0001.337	0008.411	0064.037	0006.067	30.179515	-88.860059
06/10/2022 18:52:07.000	3.500	0006.104	0025.441	0091.105	0004.320	0049.720	0001.313	0008.409	0064.049	0006.085	30.179516	-88.860058
06/10/2022 18:52:07.000	3.563	0006.107	0025.441	0090.355	0004.327	0049.730	0001.288	0008.412	0064.064	0006.088	30.179516	-88.860058
06/10/2022 18:52:07.000	3.625	0006.079	0025.438	0091.050	0004.336	0049.732	0001.363	0008.416	0064.067	0006.060	30.179516	-88.860058
06/10/2022 18:52:07.000	3.750	0006.044	0025.442	0091.055	0004.416	0049.732	0001.325	0008.409	0064.067	0006.025	30.179516	-88.860058
06/10/2022 18:52:08.000	4.938	0006.011	0025.440	0091.055	0004.427	0049.736	0001.500	0008.417	0064.073	0005.992	30.179516	-88.860057
06/10/2022 18:52:08.000	3.875	0005.991	0025.440	0091.055	0004.456	0049.738	0001.225	0008.414	0064.076	0005.972	30.179516	-88.860056
06/10/2022 18:52:08.000	3.625	0005.987	0025.442	0091.065	0004.492	0049.738	0001.313	0008.406	0064.076	0005.968	30.179516	-88.860056
06/10/2022 18:52:08.000	3.500	0006.002	0025.438	0091.065	0004.461	0049.732	0001.337	0008.413	0064.067	0005.983	30.179516	-88.860055
06/10/2022 18:52:09.000	3.875	0006.030	0025.440	0091.065	0004.412	0049.732	0001.500	0008.409	0064.067	0006.011	30.179516	-88.860055
06/10/2022 18:52:09.000	4.000	0006.064	0025.437	0091.065	0004.405	0049.726	0001.313	0008.416	0064.058	0006.045	30.179516	-88.860054
06/10/2022 18:52:09.000	3.688	0006.085	0025.437	0091.060	0004.340	0049.716	0001.413	0008.412	0064.043	0006.066	30.179516	-88.860054
06/10/2022 18:52:09.000	3.625	0006.097	0025.436	0091.055	0004.327	0049.708	0001.413	0008.410	0064.031	0006.078	30.179516	-88.860054
06/10/2022 18:52:10.000	3.625	0006.099	0025.435	0091.055	0004.322	0049.710	0001.563	0008.409	0064.034	0006.080	30.179516	-88.860054
06/10/2022 18:52:10.000	3.750	0006.097	0025.436	0091.055	0004.308	0049.714	0001.375	0008.414	0064.040	0006.078	30.179516	-88.860054
06/10/2022 18:52:10.000	3.938	0006.087	0025.436	0091.060	0004.331	0049.716	0001.313	0008.417	0064.043	0006.068	30.179516	-88.860053
06/10/2022 18:52:10.000	3.938	0006.080	0025.437	0090.375	0004.321	0049.716	0001.212	0008.415	0064.043	0006.061	30.179516	-88.860053
06/10/2022 18:52:11.000	3.750	0006.067	0025.437	0091.010	0004.355	0049.722	0001.200	0008.412	0064.052	0006.048	30.179516	-88.860052
06/10/2022 18:52:11.000	3.625	0006.050	0025.438	0091.010	0004.353	0049.726	0001.188	0008.408	0064.058	0006.031	30.179516	-88.860051
06/10/2022 18:52:11.000	3.563	0006.040	0025.440	0091.015	0004.381	0049.728	0001.138	0008.410	0064.061	0006.021	30.179516	-88.860051
06/10/2022 18:52:11.000	3.625	0006.039	0025.439	0091.010	0004.375	0049.732	0001.375	0008.412	0064.067	0006.020	30.179516	-88.860050
06/10/2022 18:52:12.000	3.750	0006.062	0025.440	0091.000	0004.372	0049.766	0001.300	0008.417	0064.117	0006.043	30.179515	-88.860050
06/10/2022 18:52:12.000	3.625	0006.086	0025.440	0091.000	0004.344	0049.788	0001.250	0008.409	0064.150	0006.067	30.179516	-88.860050
06/10/2022 18:52:12.000	3.625	0006.099	0025.442	0091.000	0004.329	0049.784	0001.238	0008.412	0064.144	0006.080	30.179516	-88.860050
06/10/2022 18:52:12.000	3.750	0006.094	0025.443	0091.000	0004.335	0049.776	0001.263	0008.412	0064.132	0006.075	30.179516	-88.860050
06/10/2022 18:52:13.000	3.813	0006.059	0025.442	0091.000	0004.363	0049.766	0001.200	0008.412	0064.117	0006.040	30.179516	-88.860049
06/10/2022 18:52:13.000	4.313	0006.017	0025.443	0090.920	0004.411	0049.752	0001.212	0008.408	0064.096	0005.998	30.179516	-88.860048
06/10/2022 18:52:13.000	3.750	0005.982	0025.442	0090.935	0004.452	0049.748	0001.288	0008.413	0064.090	0005.963	30.179516	-88.860048
06/10/2022 18:52:13.000	3.500	0005.978	0025.443	0090.930	0004.473	0049.742	0001.200	0008.408	0064.082	0005.959	30.179516	-88.860047
06/10/2022 18:52:14.000	3.500	0006.005	0025.441	0090.920	0004.453	0049.730	0001.337	0008.414	0064.064	0005.986	30.179516	-88.860047
06/10/2022 18:52:14.000	3.500	0006.057	0025.444	0090.220	0004.418	0049.722	0001.425	0008.413	0064.052	0006.038	30.179515	-88.860047
06/10/2022 18:52:14.000	3.625	0006.115	0025.446	0090.900	0004.339	0049.716	0001.325	0008.417	0064.043	0006.096	30.179515	-88.860047
06/10/2022 18:52:14.000	3.938	0006.148	0025.447	0090.890	0004.294	0049.734	0001.200	0008.414	0064.070	0006.129	30.179515	-88.860047
06/10/2022 18:52:15.000	3.625	0006.150	0025.449	0090.890	0004.268	0049.740	0001.238	0008.417	0064.079	0006.131	30.179516	-88.860046
06/10/2022 18:52:15.000	3.688	0006.095	0025.446	0090.890	0004.305	0049.736	0001.350	0008.409	0064.073	0006.076	30.179516	-88.860045
06/10/2022 18:52:15.000	3.563	0006.035	0025.447	0090.895	0004.366	0049.738	0001.238	0008.410	0064.076	0006.016	30.179516	-88.860045
06/10/2022 18:52:15.000	3.563	0005.992	0025.446	0090.890	0004.425	0049.732	0001.200	0008.417	0064.067	0005.973	30.179516	-88.860044
06/10/2022 18:52:16.000	3.500	0005.989	0025.446	0090.900	0004.443	0049.716	0001.200	0008.415	0064.043	0005.970	30.179516	-88.860044
06/10/2022 18:52:16.000	3.563	0006.035	0025.444	0090.890	0004.407	0049.722	0001.225	0008.415	0064.052	0006.016	30.179515	-88.860044
06/10/2022 18:52:16.000	3.625	0006.081	0025.445	0090.895	0004.375	0049.702	0001.163	0008.413	0064.022	0006.062	30.179515	-88.860044
06/10/2022 18:52:16.000	3.500	0006.108	0025.442	0090.905	0004.320	0049.694	0001.288	0008.416	0064.010	0006.089	30.179515	-88.860043
06/10/2022 18:52:17.000	3.563	0006.111	0025.439	0090.900	0004.304	0049.702	0001.212	0008.410	0064.022	0006.092	30.179515	-88.860042
06/10/2022 18:52:17.000	3.625	0006.075	0025.440	0090.900	0004.326	0049.706	0001.200	0008.411	0064.028	0006.056	30.179515	-88.860041
06/10/2022 18:52:17.000	3.500	0006.048	0025.438	0090.900	0004.360	0049.700	0001.463	0008.412	0064.019	0006.029	30.179515	-88.860041
06/10/2022 18:52:17.000	3.625	0006.046	0025.440	0090.180	0004.390	0049.680	0001.275	0008.412	0063.990	0006.027	30.179515	-88.860041
06/10/2022 18:52:18.000	3.813	0006.077	0025.438	0090.925	0004.383	0049.672	0001.212	0008.415	0063.978	0006.058	30.179515	-88.860041
06/10/2022 18:52:18.000	3.625	0006.103	0025.438	0090.920	0004.320	0049.668	0001.250	0008.413	0063.972	0006.084	30.179515	-88.860041
06/10/2022 18:52:18.000	3.688	0006.111	0025.438	0090.925	0004.305	0049.670	0001.288	0008.417	0063.975	0006.092	30.179515	-88.860040
06/10/2022 18:52:18.000	3.875	0006.085	0025.438	0090.930	0004.332	0049.672	0001.225	0008.408	0063.978	0006.066	30.179515	-88.860040
06/10/2022 18:52:19.000	3.625	0006.037	0025.439	0090.915	0004.386	0049.680	0001.288	0008.415	0063.990	0006.018	30.179515	-88.860040
06/10/2022 18:52:19.000	3.625	0005.998	0025.436	0090.915	0004.437	0049.694	0001.250	0008.417	0064.010	0005.979	30.179515	-88.860039
06/10/2022 18:52:19.000	3.500	0005.981	0025.435	0090.915	0004.480	0049.698	0001.263	0008.415	0064.016	0005.962	30.179515	-88.860038
06/10/2022 18:52:19.000	3.563	0006.001	0025.437	0090.915	0004.474	0049.690	0001.288	0008.415	0064.005	0005.982	30.179515	-88.860038
06/10/2022 18:52:20.000	3.500	0006.037	0025.431	0090.910	0004.413	0049.674	0001.263	0008.418	0063.981	0006.018	30.179514	-88.860038
06/10/2022 18:52:20.000	3.875	0006.074	0025.427	0090.900	0004.403	0049.666	0001.163	0008.413	0063.969	0006.055	30.179515	-88.860037
06/10/2022 18:52:20.000	3.625	0006.086	0025.426	0090.900	0004.342	0049.674	0001.337	0008.410	0063.981	0006.067	30.179515	-88.860037
06/10/2022 18:52:20.000	3.750	0006.081	0025.427	0090.900	0004.348	0049.690	0001.263	0008.416	0064.005	0006.062	30.179515	-88.860036
06/10/2022 18:52:21.000	3.688	0006.064	0025.426	0090.905	0004.358	0049.698	0001.225	0008.415	0064.016	0006.045	30.179515	-88.860036
06/10/2022 18:52:21.000	3.625	0006.058	0025.425	0090.165	0004.363	0049.698	0001.138	0008.412	0064.016	0006.039	30.179515	-88.860036
06/10/2022 18:52:21.000	3.688	0006.074	0025.426	0090.980	0004.342	0049.700	0001.212	0008.416	0064.019	0006.055	30.179514	-88.860036
06/10/2022 18:52:21.000	3.625	0006.098	0025.427	0090.990	0004.310	0049.702	0001.275	0008.410	0064.022	0006.079	30.179514	-88.860035
06/10/2022 18:52:22.000	3.625	0006.110	0025.427	0090.990	0004.287	0049.710	0001.200	0008.413	0064.034	0006.091	30.179514	-88.860034
06/10/2022 18:52:22.000	3.813	0006.106	0025.426	0090.985	0004.302	0049.712	0001.337	0008.413	0064.037	0006.087	30.179514	-88.860034
06/10/2022 18:52:22.000	3.750	0006.077	0025.428	0090.990	0004.310	0049.716	0001.188	0008.409	0064.043	0006.058	30.179514	-88.860033
06/10/2022 18:52:22.000	4.000	0006.055	0025.426	0091.000	0004.355	0049.716	0001.325	0008.412	0064.043	0006.036	30.179514	-88.860033
06/10/2022 18:52:23.000	3.500	0006.045	0025.427	0091.005	0004.357	0049.706	0001.238	0008.413	0064.028	0006.026	30.179514	-88.860033
06/10/2022 18:52:23.000	3.500	0006.043	0025.427	0091.005	0004.381	0049.692	0001.288	0008.414	0064.007	0006.024	30.179514	-88.860033
06/10/2022 18:52:23.000	3.563	0006.054	0025.429	0090.995	0004.378	0049.690	0001.225	0008.417	0064.005	0006.035	30.179514	-88.860033
06/10/2022 18:52:23.000	3.625	0006.066	0025.429	0090.995	0004.355	0049.688	0001.225	0008.412	0064.002	0006.047	30.179513	-88.860032
06/10/2022 18:52:24.000	3.750	0006.078	0025.428	0090.990	0004.356	0049.686	0001.188	0008.412	0063.999	0006.059	30.179513	-88.860032
06/10/2022 18:52:24.000	4.063	0006.081	0025.430	0090.990	0004.354	0049.684	0001.238	0008.412	0063.996	0006.062	30.179513	-88.860031
06/10/2022 18:52:24.000	4.000	0006.079	0025.432	0091.000	0004.368	0049.686	0001.913	0008.410	0063.999	0006.060	30.179513	-88.860031
06/10/2022 18:52:24.000	3.875	0006.065	0025.429	0090.265	0004.365	0049.686	0001.513	0008.415	0063.999	0006.046	30.179513	-88.860030
06/10/2022 18:52:25.000	3.625	0006.048	0025.429	0090.965	0004.384	0049.686	0001.425	0008.417	0063.999	0006.029	30.179513	-88.860029
06/10/2022 18:52:25.000	3.563	0006.033	0025.431	0090.965	0004.405	0049.682	0004.738	0008.417	0063.993	0006.014	30.179513	-88.860029
06/10/2022 18:52:25.000	3.688	0006.027	0025.432	0090.955	0004.430	0049.676	0002.237	0008.410	0063.984	0006.008	30.179513	-88.860029
06/10/2022 18:52:25.000	3.688	0006.036	0025.430	0090.965	0004.415	0049.666	0001.513	0008.413	0063.969	0006.017	30.179513	-88.860029
06/10/2022 18:52:26.000	3.500	0006.059	0025.430	0090.980	0004.396	0049.644	0001.337	0008.415	0063.936	0006.040	30.179513	-88.860029
06/10/2022 18:52:26.000	3.750	0006.081	0025.429	0090.985	0004.365	0049.636	0001.212	0008.410	0063.925	0006.062	30.179513	-88.860029
06/10/2022 18:52:26.000	3.625	0006.092	0025.426	0090.985	0004.350	0049.640	0001.300	0008.409	0063.930	0006.073	30.179513	-88.860029
06/10/2022 18:52:26.000	3.625	0006.090	0025.424	0091.000	0004.344	0049.654	0001.700	0008.408	0063.951	0006.071	30.179513	-88.860028
06/10/2022 18:52:27.000	4.188	0006.066	0025.423	0090.990	0004.353	0049.664	0001.475	0008.410	0063.966	0006.047	30.179513	-88.860028
06/10/2022 18:52:27.000	3.625	0006.050	0025.423	0090.970	0004.373	0049.664	0001.263	0008.413	0063.966	0006.031	30.179513	-88.860027
06/10/2022 18:52:27.000	3.563	0006.043	0025.424	0090.955	0004.407	0049.654	0001.200	0008.411	0063.951	0006.024	30.179513	-88.860026
06/10/2022 18:52:27.000	3.688	0006.046	0025.421	0090.965	0004.388	0049.646	0001.175	0008.411	0063.939	0006.027	30.179512	-88.860026
06/10/2022 18:52:28.000	3.688	0006.066	0025.422	0090.975	0004.357	0049.654	0001.175	0008.410	0063.951	0006.047	30.179512	-88.860025
06/10/2022 18:52:28.000	3.750	0006.095	0025.423	0090.220	0004.331	0049.656	0001.175	0008.412	0063.954	0006.076	30.179511	-88.860025
06/10/2022 18:52:28.000	3.625	0006.115	0025.424	0090.975	0004.308	0049.656	0001.263	0008.412	0063.954	0006.096	30.179511	-88.860025
06/10/2022 18:52:28.000	3.563	0006.123	0025.425	0090.980	0004.291	0049.654	0001.263	0008.410	0063.951	0006.104	30.179511	-88.860025
06/10/2022 18:52:29.000	3.563	0006.116	0025.424	0090.975	0004.327	0049.654	0001.200	0008.410	0063.951	0006.097	30.179512	-88.860024
06/10/2022 18:52:29.000	3.625	0006.082	0025.428	0090.975	0004.344	0049.650	0001.300	0008.416	0063.945	0006.063	30.179512	-88.860024
06/10/2022 18:52:29.000	3.625	0006.053	0025.426	0090.980	0004.380	0049.654	0001.238	0008.414	0063.951	0006.034	30.179512	-88.860024
06/10/2022 18:52:29.000	3.563	0006.028	0025.428	0090.975	0004.404	0049.648	0001.325	0008.411	0063.942	0006.009	30.179512	-88.860024
06/10/2022 18:52:30.000	3.625	0006.022	0025.430	0090.975	0004.417	0049.642	0001.150	0008.410	0063.933	0006.003	30.179511	-88.860023
06/10/2022 18:52:30.000	3.625	0006.027	0025.430	0090.975	0004.411	0049.636	0001.288	0008.409	0063.925	0006.008	30.179511	-88.860023
06/10/2022 18:52:30.000	3.625	0006.047	0025.428	0090.985	0004.435	0049.632	0001.363	0008.413	0063.919	0006.028	30.179511	-88.860022
06/10/2022 18:52:30.000	3.563	0006.064	0025.424	0090.920	0004.378	0049.632	0001.263	0008.410	0063.919	0006.045	30.179511	-88.860022
06/10/2022 18:52:31.000	3.500	0006.070	0025.424	0090.925	0004.370	0049.632	0001.513	0008.410	0063.919	0006.051	30.179511	-88.860021
06/10/2022 18:52:31.000	3.688	0006.072	0025.423	0090.920	0004.359	0049.630	0001.725	0008.413	0063.916	0006.053	30.179511	-88.860021
06/10/2022 18:52:31.000	3.625	0006.076	0025.423	0090.920	0004.364	0049.632	0001.337	0008.411	0063.919	0006.057	30.179511	-88.860021
06/10/2022 18:52:31.000	3.688	0006.080	0025.420	0090.170	0004.349	0049.634	0001.400	0008.407	0063.922	0006.061	30.179511	-88.860021
06/10/2022 18:52:32.000	3.625	0006.082	0025.420	0090.970	0004.346	0049.634	0002.362	0008.413	0063.922	0006.063	30.179511	-88.860020
06/10/2022 18:52:32.000	3.875	0006.080	0025.421	0090.965	0004.351	0049.634	0001.713	0008.416	0063.922	0006.061	30.179510	-88.860020
06/10/2022 18:52:32.000	3.875	0006.066	0025.420	0090.975	0004.366	0049.634	0001.313	0008.415	0063.922	0006.047	30.179510	-88.860019
06/10/2022 18:52:32.000	3.750	0006.058	0025.421	0090.965	0004.365	0049.628	0001.225	0008.418	0063.913	0006.039	30.179510	-88.860019
06/10/2022 18:52:33.000	3.625	0006.056	0025.421	0090.945	0004.389	0049.630	0001.200	0008.417	0063.916	0006.037	30.179510	-88.860019
06/10/2022 18:52:33.000	3.625	0006.067	0025.422	0090.960	0004.364	0049.634	0001.275	0008.415	0063.922	0006.048	30.179510	-88.860019
06/10/2022 18:52:33.000	3.625	0006.082	0025.422	0090.960	0004.347	0049.640	0001.400	0008.414	0063.930	0006.063	30.179510	-88.860019
06/10/2022 18:52:33.000	3.750	0006.093	0025.425	0090.955	0004.328	0049.638	0001.313	0008.417	0063.928	0006.074	30.179510	-88.860018
06/10/2022 18:52:34.000	3.750	0006.093	0025.425	0090.960	0004.320	0049.632	0001.450	0008.410	0063.919	0006.074	30.179510	-88.860017
06/10/2022 18:52:34.000	3.625	0006.073	0025.426	0090.940	0004.348	0049.620	0001.363	0008.415	0063.901	0006.054	30.179509	-88.860017
06/10/2022 18:52:34.000	3.750	0006.058	0025.428	0090.940	0004.363	0049.612	0001.400	0008.417	0063.889	0006.039	30.179509	-88.860016
06/10/2022 18:52:34.000	3.625	0006.050	0025.428	0090.940	0004.393	0049.612	0001.250	0008.415	0063.889	0006.031	30.179509	-88.860016
06/10/2022 18:52:35.000	3.750	0006.052	0025.429	0090.945	0004.376	0049.620	0001.138	0008.415	0063.901	0006.033	30.179509	-88.860016
06/10/2022 18:52:35.000	3.750	0006.063	0025.428	0090.150	0004.361	0049.622	0001.238	0008.410	0063.904	0006.044	30.179509	-88.860015
06/10/2022 18:52:35.000	3.625	0006.075	0025.430	0090.930	0004.339	0049.616	0001.313	0008.417	0063.895	0006.056	30.179509	-88.860015
06/10/2022 18:52:35.000	3.750	0006.121	0025.426	0090.940	0004.324	0049.618	0001.200	0008.411	0063.898	0006.102	30.179509	-88.860015
06/10/2022 18:52:36.000	3.938	0006.134	0025.430	0090.935	0004.310	0049.618	0001.212	0008.409	0063.898	0006.115	30.179509	-88.860015
06/10/2022 18:52:36.000	3.625	0006.145	0025.429	0090.940	0004.305	0049.620	0001.138	0008.410	0063.901	0006.126	30.179508	-88.860015
06/10/2022 18:52:36.000	3.500	0006.163	0025.428	0090.965	0004.280	0049.622	0001.175	0008.410	0063.904	0006.144	30.179508	-88.860014
06/10/2022 18:52:36.000	3.625	0006.191	0025.427	0090.955	0004.283	0049.638	0001.175	0008.409	0063.928	0006.172	30.179508	-88.860014
06/10/2022 18:52:37.000	3.625	0006.219	0025.428	0090.955	0004.239	0049.660	0001.450	0008.417	0063.960	0006.200	30.179508	-88.860014
06/10/2022 18:52:37.000	3.625	0006.230	0025.427	0090.965	0004.214	0049.666	0001.238	0008.417	0063.969	0006.211	30.179508	-88.860013
06/10/2022 18:52:37.000	3.813	0006.233	0025.429	0090.965	0004.215	0049.662	0001.238	0008.410	0063.963	0006.214	30.179508	-88.860013
06/10/2022 18:52:37.000	4.063	0006.232	0025.429	0091.005	0004.220	0049.656	0001.163	0008.409	0063.954	0006.213	30.179508	-88.860012
06/10/2022 18:52:38.000	3.938	0006.238	0025.428	0091.010	0004.203	0049.662	0001.200	0008.419	0063.963	0006.219	30.179508	-88.860012
06/10/2022 18:52:38.000	3.875	0006.275	0025.433	0091.010	0004.170	0049.672	0001.150	0008.410	0063.978	0006.255	30.179507	-88.860011
06/10/2022 18:52:38.000	3.688	0006.341	0025.432	0091.005	0004.119	0049.692	0001.225	0008.411	0064.007	0006.321	30.179507	-88.860011
06/10/2022 18:52:38.000	3.688	0006.406	0025.435	0090.210	0004.072	0049.700	0001.175	0008.410	0064.019	0006.386	30.179507	-88.860011
06/10/2022 18:52:39.000	3.750	0006.472	0025.438	0090.970	0003.973	0049.686	0001.350	0008.417	0063.999	0006.452	30.179507	-88.860011
06/10/2022 18:52:39.000	3.625	0006.509	0025.438	0090.975	0003.921	0049.680	0001.363	0008.412	0063.990	0006.489	30.179507	-88.860011
06/10/2022 18:52:39.000	4.375	0006.518	0025.439	0090.975	0003.888	0049.678	0001.263	0008.417	0063.987	0006.498	30.179507	-88.860010
06/10/2022 18:52:39.000	3.875	0006.502	0025.439	0090.975	0003.904	0049.676	0001.313	0008.411	0063.984	0006.482	30.179507	-88.860010
06/10/2022 18:52:40.000	3.625	0006.472	0025.440	0090.990	0003.941	0049.678	0001.250	0008.414	0063.987	0006.452	30.179507	-88.860010
06/10/2022 18:52:40.000	3.875	0006.449	0025.438	0090.985	0003.973	0049.680	0001.225	0008.416	0063.990	0006.429	30.179507	-88.860009
06/10/2022 18:52:40.000	3.625	0006.445	0025.440	0090.985	0003.992	0049.682	0001.250	0008.410	0063.993	0006.425	30.179507	-88.860009
06/10/2022 18:52:40.000	3.625	0006.495	0025.439	0090.985	0003.990	0049.676	0001.363	0008.413	0063.984	0006.475	30.179506	-88.860008
06/10/2022 18:52:41.000	3.750	0006.552	0025.441	0090.985	0003.914	0049.688	0001.313	0008.413	0064.002	0006.532	30.179506	-88.860008
06/10/2022 18:52:41.000	3.688	0006.617	0025.440	0090.965	0003.872	0049.696	0001.313	0008.415	0064.013	0006.596	30.179506	-88.860008
06/10/2022 18:52:41.000	3.688	0006.660	0025.441	0090.965	0003.793	0049.698	0001.300	0008.407	0064.016	0006.639	30.179506	-88.860008
06/10/2022 18:52:41.000	3.750	0006.672	0025.444	0090.955	0003.779	0049.702	0001.275	0008.408	0064.022	0006.651	30.179506	-88.860008
06/10/2022 18:52:42.000	3.750	0006.657	0025.446	0090.950	0003.799	0049.720	0001.313	0008.409	0064.049	0006.636	30.179506	-88.860007
06/10/2022 18:52:42.000	3.688	0006.636	0025.450	0090.150	0003.818	0049.732	0001.263	0008.407	0064.067	0006.615	30.179506	-88.860006
06/10/2022 18:52:42.000	3.625	0006.628	0025.451	0090.890	0003.840	0049.738	0001.700	0008.412	0064.076	0006.607	30.179506	-88.860006
06/10/2022 18:52:42.000	3.625	0006.647	0025.451	0090.900	0003.837	0049.742	0001.650	0008.409	0064.082	0006.626	30.179505	-88.860005
06/10/2022 18:52:43.000	3.625	0006.701	0025.451	0090.895	0003.774	0049.748	0001.337	0008.412	0064.090	0006.680	30.179505	-88.860005
06/10/2022 18:52:43.000	4.063	0006.755	0025.453	0090.900	0003.702	0049.760	0001.275	0008.415	0064.108	0006.734	30.179505	-88.860005
06/10/2022 18:52:43.000	3.750	0006.819	0025.456	0090.870	0003.654	0049.778	0001.263	0008.408	0064.135	0006.798	30.179505	-88.860005
06/10/2022 18:52:43.000	3.750	0006.868	0025.458	0090.865	0003.565	0049.792	0001.563	0008.412	0064.156	0006.847	30.179505	-88.860005
06/10/2022 18:52:44.000	3.750	0006.900	0025.460	0090.865	0003.525	0049.808	0001.375	0008.413	0064.179	0006.878	30.179505	-88.860005
06/10/2022 18:52:44.000	3.875	0006.912	0025.459	0090.865	0003.505	0049.834	0001.325	0008.412	0064.218	0006.890	30.179505	-88.860004
06/10/2022 18:52:44.000	3.750	0006.913	0025.461	0090.865	0003.518	0049.860	0001.337	0008.410	0064.256	0006.891	30.179505	-88.860004
06/10/2022 18:52:44.000	3.750	0006.910	0025.461	0090.775	0003.516	0049.876	0001.300	0008.413	0064.280	0006.888	30.179505	-88.860003
06/10/2022 18:52:45.000	3.875	0006.910	0025.463	0090.775	0003.532	0049.880	0001.275	0008.415	0064.286	0006.888	30.179504	-88.860002
06/10/2022 18:52:45.000	3.750	0006.926	0025.468	0090.780	0003.506	0049.876	0001.337	0008.410	0064.280	0006.904	30.179504	-88.860002
06/10/2022 18:52:45.000	3.750	0006.961	0025.470	0090.780	0003.487	0049.874	0001.225	0008.413	0064.277	0006.939	30.179504	-88.860001
06/10/2022 18:52:45.000	3.938	0007.005	0025.474	0090.010	0003.438	0049.874	0001.313	0008.406	0064.277	0006.983	30.179503	-88.860001
06/10/2022 18:52:46.000	4.625	0007.061	0025.479	0090.790	0003.388	0049.892	0001.325	0008.416	0064.304	0007.039	30.179503	-88.860001
06/10/2022 18:52:46.000	4.125	0007.109	0025.487	0090.790	0003.346	0049.908	0001.425	0008.416	0064.328	0007.087	30.179503	-88.860002
06/10/2022 18:52:46.000	4.000	0007.135	0025.498	0090.790	0003.326	0049.922	0001.413	0008.407	0064.348	0007.113	30.179503	-88.860002
06/10/2022 18:52:46.000	3.938	0007.137	0025.500	0090.805	0003.339	0049.922	0001.475	0008.411	0064.348	0007.115	30.179504	-88.860002
06/10/2022 18:52:47.000	4.000	0007.116	0025.503	0090.610	0003.334	0049.918	0001.825	0008.411	0064.342	0007.094	30.179504	-88.860001
06/10/2022 18:52:47.000	3.875	0007.090	0025.501	0090.615	0003.363	0049.918	0001.513	0008.408	0064.342	0007.068	30.179503	-88.860000
06/10/2022 18:52:47.000	3.875	0007.082	0025.502	0090.615	0003.391	0049.916	0001.688	0008.409	0064.339	0007.060	30.179503	-88.860000
06/10/2022 18:52:47.000	3.938	0007.096	0025.499	0090.620	0003.394	0049.918	0001.650	0008.412	0064.342	0007.074	30.179503	-88.859999
06/10/2022 18:52:48.000	3.938	0007.159	0025.499	0090.615	0003.331	0049.914	0001.513	0008.408	0064.336	0007.137	30.179503	-88.859999
06/10/2022 18:52:48.000	3.938	0007.231	0025.495	0090.505	0003.251	0049.914	0001.363	0008.410	0064.336	0007.208	30.179502	-88.859999
06/10/2022 18:52:48.000	3.938	0007.310	0025.498	0090.500	0003.182	0049.938	0001.425	0008.415	0064.372	0007.287	30.179502	-88.859999
06/10/2022 18:52:48.000	3.938	0007.375	0025.499	0090.495	0003.111	0049.958	0001.500	0008.410	0064.402	0007.352	30.179502	-88.859999
06/10/2022 18:52:49.000	4.000	0007.396	0025.503	0090.495	0003.049	0049.956	0001.450	0008.409	0064.399	0007.373	30.179502	-88.859999
06/10/2022 18:52:49.000	4.000	0007.390	0025.506	0089.715	0003.049	0049.954	0001.475	0008.408	0064.396	0007.367	30.179502	-88.859998
06/10/2022 18:52:49.000	4.188	0007.364	0025.507	0090.460	0003.074	0049.954	0003.813	0008.406	0064.396	0007.341	30.179502	-88.859998
06/10/2022 18:52:49.000	4.000	0007.345	0025.507	0090.460	0003.093	0049.954	0002.088	0008.406	0064.396	0007.322	30.179502	-88.859997
06/10/2022 18:52:50.000	4.063	0007.344	0025.506	0090.465	0003.117	0049.956	0001.975	0008.409	0064.399	0007.321	30.179502	-88.859997
06/10/2022 18:52:50.000	4.125	0007.384	0025.508	0090.460	0003.084	0049.960	0001.750	0008.410	0064.405	0007.361	30.179501	-88.859996
06/10/2022 18:52:50.000	4.063	0007.439	0025.510	0090.260	0003.026	0049.974	0001.500	0008.406	0064.425	0007.416	30.179501	-88.859995
06/10/2022 18:52:50.000	4.125	0007.497	0025.511	0090.265	0002.973	0049.990	0001.513	0008.409	0064.449	0007.474	30.179501	-88.859995
06/10/2022 18:52:51.000	4.188	0007.561	0025.511	0090.265	0002.909	0049.996	0001.463	0008.408	0064.458	0007.537	30.179501	-88.859996
06/10/2022 18:52:51.000	4.438	0007.595	0025.512	0090.265	0002.865	0049.994	0001.638	0008.406	0064.455	0007.571	30.179501	-88.859996
06/10/2022 18:52:51.000	4.188	0007.602	0025.514	0090.265	0002.857	0049.994	0001.513	0008.412	0064.455	0007.578	30.179501	-88.859996
06/10/2022 18:52:51.000	4.188	0007.584	0025.515	0090.185	0002.879	0049.988	0001.538	0008.414	0064.446	0007.560	30.179501	-88.859996
06/10/2022 18:52:52.000	4.188	0007.558	0025.514	0090.180	0002.901	0049.984	0001.363	0008.412	0064.440	0007.534	30.179501	-88.859995
06/10/2022 18:52:52.000	4.188	0007.538	0025.515	0090.175	0002.935	0049.980	0001.388	0008.409	0064.434	0007.514	30.179500	-88.859994
06/10/2022 18:52:52.000	4.063	0007.552	0025.517	0090.175	0002.934	0049.982	0001.363	0008.412	0064.437	0007.528	30.179500	-88.859993
06/10/2022 18:52:52.000	4.188	0007.618	0025.515	0089.320	0002.885	0049.984	0001.337	0008.413	0064.440	0007.594	30.179500	-88.859993
06/10/2022 18:52:53.000	4.125	0007.690	0025.517	0089.950	0002.811	0049.978	0002.638	0008.406	0064.431	0007.666	30.179499	-88.859993
06/10/2022 18:52:53.000	4.125	0007.753	0025.515	0089.950	0002.722	0049.978	0001.950	0008.409	0064.431	0007.729	30.179499	-88.859993
06/10/2022 18:52:53.000	4.125	0007.792	0025.517	0089.955	0002.687	0049.988	0001.638	0008.415	0064.446	0007.768	30.179500	-88.859993
06/10/2022 18:52:53.000	4.250	0007.807	0025.517	0089.945	0002.650	0049.990	0001.513	0008.405	0064.449	0007.783	30.179500	-88.859993
06/10/2022 18:52:54.000	4.188	0007.809	0025.519	0089.845	0002.661	0049.994	0001.388	0008.407	0064.455	0007.785	30.179500	-88.859993
06/10/2022 18:52:54.000	4.375	0007.806	0025.516	0089.840	0002.654	0049.992	0001.513	0008.410	0064.452	0007.782	30.179499	-88.859992
06/10/2022 18:52:54.000	4.563	0007.806	0025.518	0089.840	0002.649	0049.998	0001.500	0008.410	0064.461	0007.782	30.179499	-88.859992
06/10/2022 18:52:54.000	4.313	0007.832	0025.519	0089.835	0002.633	0050.006	0001.538	0008.408	0064.473	0007.808	30.179499	-88.859991
06/10/2022 18:52:55.000	4.188	0007.877	0025.520	0089.835	0002.606	0050.018	0001.438	0008.412	0064.491	0007.852	30.179499	-88.859991
06/10/2022 18:52:55.000	4.250	0007.928	0025.521	0089.685	0002.549	0050.022	0001.563	0008.407	0064.497	0007.903	30.179498	-88.859990
06/10/2022 18:52:55.000	4.188	0007.975	0025.522	0089.685	0002.499	0050.022	0001.638	0008.411	0064.497	0007.950	30.179498	-88.859990
06/10/2022 18:52:55.000	4.188	0008.005	0025.523	0089.680	0002.463	0050.018	0001.450	0008.404	0064.491	0007.980	30.179498	-88.859990
06/10/2022 18:52:56.000	4.250	0008.017	0025.524	0089.675	0002.438	0050.018	0001.438	0008.407	0064.491	0007.992	30.179498	-88.859990
06/10/2022 18:52:56.000	4.313	0008.019	0025.522	0088.905	0002.435	0050.016	0001.413	0008.403	0064.488	0007.994	30.179498	-88.859990
06/10/2022 18:52:56.000	4.313	0008.020	0025.522	0089.590	0002.453	0050.014	0001.700	0008.404	0064.485	0007.995	30.179498	-88.859990
06/10/2022 18:52:56.000	4.313	0008.026	0025.523	0089.590	0002.448	0050.008	0001.800	0008.410	0064.476	0008.001	30.179498	-88.859989
06/10/2022 18:52:57.000	4.313	0008.036	0025.522	0089.595	0002.434	0050.008	0001.575	0008.409	0064.476	0008.011	30.179498	-88.859989
06/10/2022 18:52:57.000	4.250	0008.053	0025.523	0089.590	0002.421	0050.008	0001.525	0008.405	0064.476	0008.028	30.179497	-88.859988
06/10/2022 18:52:57.000	4.188	0008.082	0025.525	0089.460	0002.404	0050.010	0001.438	0008.406	0064.479	0008.057	30.179497	-88.859987
06/10/2022 18:52:57.000	4.313	0008.121	0025.523	0089.460	0002.370	0050.020	0001.800	0008.409	0064.494	0008.096	30.179497	-88.859987
06/10/2022 18:52:58.000	4.313	0008.178	0025.524	0089.460	0002.319	0050.026	0001.613	0008.406	0064.503	0008.152	30.179497	-88.859987
06/10/2022 18:52:58.000	4.250	0008.234	0025.523	0089.455	0002.255	0050.024	0001.600	0008.407	0064.500	0008.208	30.179497	-88.859988
06/10/2022 18:52:58.000	4.375	0008.271	0025.524	0089.460	0002.228	0050.024	0001.763	0008.407	0064.500	0008.245	30.179497	-88.859988
06/10/2022 18:52:58.000	4.438	0008.292	0025.525	0089.280	0002.213	0050.020	0001.663	0008.404	0064.494	0008.266	30.179497	-88.859988
06/10/2022 18:52:59.000	4.313	0008.294	0025.525	0089.285	0002.175	0050.018	0001.588	0008.405	0064.491	0008.268	30.179496	-88.859987
06/10/2022 18:52:59.000	4.313	0008.295	0025.525	0089.295	0002.182	0050.014	0001.588	0008.410	0064.485	0008.269	30.179496	-88.859987
06/10/2022 18:52:59.000	4.250	0008.301	0025.526	0089.285	0002.186	0050.014	0001.638	0008.412	0064.485	0008.275	30.179496	-88.859986
06/10/2022 18:52:59.000	4.188	0008.328	0025.525	0088.540	0002.152	0050.016	0001.688	0008.407	0064.488	0008.302	30.179495	-88.859985
06/10/2022 18:53:00.000	4.250	0008.361	0025.525	0089.175	0002.125	0050.018	0001.913	0008.412	0064.491	0008.335	30.179495	-88.859985
06/10/2022 18:53:00.000	4.188	0008.387	0025.524	0089.175	0002.113	0050.018	0001.600	0008.403	0064.491	0008.361	30.179495	-88.859984
06/10/2022 18:53:00.000	4.313	0008.407	0025.525	0089.175	0002.072	0050.022	0001.625	0008.405	0064.497	0008.381	30.179495	-88.859984
06/10/2022 18:53:00.000	4.250	0008.428	0025.525	0089.170	0002.050	0050.024	0001.613	0008.410	0064.500	0008.402	30.179495	-88.859984
06/10/2022 18:53:01.000	4.313	0008.451	0025.526	0089.065	0002.029	0050.028	0001.475	0008.404	0064.505	0008.425	30.179495	-88.859984
06/10/2022 18:53:01.000	4.563	0008.481	0025.526	0089.060	0002.010	0050.036	0001.563	0008.406	0064.517	0008.455	30.179494	-88.859984
06/10/2022 18:53:01.000	4.563	0008.507	0025.527	0089.055	0001.980	0050.046	0001.525	0008.411	0064.532	0008.480	30.179494	-88.859984
06/10/2022 18:53:01.000	4.438	0008.531	0025.527	0089.055	0001.972	0050.056	0001.525	0008.412	0064.547	0008.504	30.179494	-88.859984
06/10/2022 18:53:02.000	4.438	0008.554	0025.528	0089.050	0001.931	0050.060	0001.538	0008.405	0064.553	0008.527	30.179494	-88.859984
06/10/2022 18:53:02.000	4.563	0008.578	0025.528	0089.000	0001.893	0050.068	0001.838	0008.408	0064.565	0008.551	30.179494	-88.859984
06/10/2022 18:53:02.000	4.438	0008.604	0025.530	0088.990	0001.900	0050.072	0001.700	0008.408	0064.571	0008.577	30.179494	-88.859983
06/10/2022 18:53:02.000	4.750	0008.625	0025.530	0089.000	0001.846	0050.072	0001.563	0008.407	0064.571	0008.598	30.179494	-88.859982
06/10/2022 18:53:03.000	5.438	0008.656	0025.530	0088.990	0001.808	0050.072	0001.588	0008.407	0064.571	0008.629	30.179493	-88.859982
06/10/2022 18:53:03.000	4.750	0008.685	0025.531	0088.250	0001.796	0050.074	0001.450	0008.409	0064.574	0008.658	30.179493	-88.859982
06/10/2022 18:53:03.000	4.750	0008.708	0025.531	0088.895	0001.756	0050.076	0003.825	0008.405	0064.577	0008.681	30.179493	-88.859981
06/10/2022 18:53:03.000	4.438	0008.731	0025.532	0088.900	0001.731	0050.078	0002.100	0008.405	0064.580	0008.704	30.179493	-88.859981
06/10/2022 18:53:04.000	4.563	0008.754	0025.531	0088.900	0001.716	0050.080	0001.625	0008.408	0064.583	0008.727	30.179492	-88.859981
06/10/2022 18:53:04.000	4.438	0008.783	0025.533	0088.900	0001.703	0050.078	0001.588	0008.411	0064.580	0008.756	30.179492	-88.859980
06/10/2022 18:53:04.000	4.313	0008.807	0025.531	0088.860	0001.662	0050.078	0001.563	0008.401	0064.580	0008.780	30.179492	-88.859980
06/10/2022 18:53:04.000	4.438	0008.832	0025.533	0088.845	0001.659	0050.080	0001.575	0008.402	0064.583	0008.804	30.179492	-88.859980
06/10/2022 18:53:05.000	4.375	0008.857	0025.533	0088.855	0001.619	0050.080	0002.350	0008.403	0064.583	0008.829	30.179492	-88.859980
06/10/2022 18:53:05.000	4.313	0008.883	0025.534	0088.865	0001.606	0050.080	0001.863	0008.405	0064.583	0008.855	30.179492	-88.859980
06/10/2022 18:53:05.000	4.438	0008.907	0025.535	0088.855	0001.588	0050.084	0001.550	0008.407	0064.589	0008.879	30.179492	-88.859980
06/10/2022 18:53:05.000	4.563	0008.922	0025.535	0088.795	0001.570	0050.086	0001.800	0008.408	0064.592	0008.894	30.179491	-88.859980
06/10/2022 18:53:06.000	4.688	0008.934	0025.537	0088.790	0001.559	0050.088	0001.663	0008.409	0064.594	0008.906	30.179491	-88.859979
06/10/2022 18:53:06.000	4.438	0008.947	0025.537	0088.790	0001.551	0050.088	0002.650	0008.403	0064.594	0008.919	30.179491	-88.859979
06/10/2022 18:53:06.000	4.375	0008.967	0025.537	0088.790	0001.547	0050.090	0004.400	0008.405	0064.597	0008.939	30.179491	-88.859978
06/10/2022 18:53:06.000	4.563	0009.001	0025.537	0088.065	0001.518	0050.090	0006.088	0008.402	0064.597	0008.973	30.179490	-88.859977
06/10/2022 18:53:07.000	4.750	0009.053	0025.536	0088.715	0001.477	0050.090	0002.700	0008.402	0064.597	0009.025	30.179490	-88.859977
06/10/2022 18:53:07.000	5.188	0009.091	0025.538	0088.720	0001.425	0050.092	0001.900	0008.409	0064.600	0009.063	30.179490	-88.859977
06/10/2022 18:53:07.000	4.688	0009.113	0025.539	0088.735	0001.389	0050.092	0012.863	0008.404	0064.600	0009.085	30.179490	-88.859977
06/10/2022 18:53:07.000	4.750	0009.117	0025.541	0088.715	0001.372	0050.092	0004.750	0008.405	0064.600	0009.089	30.179490	-88.859977
06/10/2022 18:53:08.000	4.625	0009.118	0025.541	0088.660	0001.404	0050.094	0009.063	0008.409	0064.603	0009.090	30.179490	-88.859977
06/10/2022 18:53:08.000	4.438	0009.131	0025.543	0088.665	0001.396	0050.092	0003.725	0008.408	0064.600	0009.103	30.179490	-88.859977
06/10/2022 18:53:08.000	4.500	0009.173	0025.542	0088.665	0001.362	0050.092	0002.150	0008.405	0064.600	0009.144	30.179490	-88.859977
06/10/2022 18:53:08.000	4.625	0009.221	0025.544	0088.665	0001.298	0050.092	0001.588	0008.409	0064.600	0009.192	30.179489	-88.859977
06/10/2022 18:53:09.000	4.563	0009.267	0025.543	0088.665	0001.259	0050.096	0001.563	0008.403	0064.606	0009.238	30.179489	-88.859977
06/10/2022 18:53:09.000	4.438	0009.297	0025.544	0088.625	0001.214	0050.096	0002.038	0008.401	0064.606	0009.268	30.179489	-88.859976
06/10/2022 18:53:09.000	4.563	0009.308	0025.545	0088.625	0001.184	0050.098	0006.325	0008.406	0064.609	0009.279	30.179489	-88.859976
06/10/2022 18:53:09.000	4.688	0009.312	0025.543	0088.630	0001.161	0050.098	0003.538	0008.405	0064.609	0009.283	30.179489	-88.859975
06/10/2022 18:53:10.000	4.563	0009.318	0025.543	0088.625	0001.164	0050.098	0002.025	0008.407	0064.609	0009.289	30.179489	-88.859975
06/10/2022 18:53:10.000	4.563	0009.325	0025.545	0087.915	0001.162	0050.098	0001.588	0008.402	0064.609	0009.296	30.179488	-88.859974
06/10/2022 18:53:10.000	4.938	0009.334	0025.543	0088.550	0001.165	0050.098	0001.513	0008.409	0064.609	0009.305	30.179488	-88.859973
06/10/2022 18:53:10.000	6.063	0009.346	0025.543	0088.560	0001.147	0050.098	0001.500	0008.401	0064.609	0009.317	30.179487	-88.859973
06/10/2022 18:53:11.000	6.125	0009.367	0025.542	0088.550	0001.107	0050.100	0001.825	0008.406	0064.612	0009.338	30.179487	-88.859973
06/10/2022 18:53:11.000	7.313	0009.383	0025.543	0088.555	0001.106	0050.100	0001.638	0008.408	0064.612	0009.354	30.179487	-88.859973
06/10/2022 18:53:11.000	7.188	0009.386	0025.544	0088.515	0001.076	0050.098	0002.300	0008.403	0064.609	0009.357	30.179487	-88.859973
06/10/2022 18:53:11.000	5.000	0009.392	0025.544	0088.510	0001.078	0050.100	0001.750	0008.408	0064.612	0009.363	30.179487	-88.859973
06/10/2022 18:53:12.000	4.688	0009.369	0025.543	0088.510	0001.094	0050.102	0001.475	0008.410	0064.615	0009.340	30.179487	-88.859973
06/10/2022 18:53:12.000	4.625	0009.358	0025.544	0088.505	0001.131	0050.102	0001.425	0008.402	0064.615	0009.329	30.179487	-88.859973
06/10/2022 18:53:12.000	4.750	0009.334	0025.543	0088.510	0001.150	0050.102	0001.413	0008.410	0064.615	0009.305	30.179487	-88.859973
06/10/2022 18:53:12.000	4.563	0009.320	0025.543	0088.480	0001.165	0050.102	0001.450	0008.404	0064.615	0009.291	30.179486	-88.859972
06/10/2022 18:53:13.000	4.563	0009.343	0025.544	0088.480	0001.166	0050.102	0001.438	0008.402	0064.615	0009.314	30.179486	-88.859971
06/10/2022 18:53:13.000	4.688	0009.383	0025.543	0088.475	0001.122	0050.102	0001.388	0008.404	0064.615	0009.354	30.179486	-88.859971
06/10/2022 18:53:13.000	4.563	0009.426	0025.545	0088.475	0001.090	0050.100	0001.400	0008.410	0064.612	0009.397	30.179486	-88.859971
06/10/2022 18:53:13.000	4.625	0009.440	0025.544	0087.740	0001.062	0050.102	0001.650	0008.407	0064.615	0009.411	30.179486	-88.859970
06/10/2022 18:53:14.000	4.500	0009.433	0025.546	0088.375	0001.066	0050.102	0001.613	0008.403	0064.615	0009.404	30.179486	-88.859970
06/10/2022 18:53:14.000	5.000	0009.382	0025.544	0088.385	0001.079	0050.104	0001.450	0008.408	0064.618	0009.353	30.179486	-88.859970
06/10/2022 18:53:14.000	4.813	0009.373	0025.545	0088.375	0001.102	0050.104	0001.513	0008.402	0064.618	0009.344	30.179486	-88.859969
06/10/2022 18:53:14.000	4.500	0009.407	0025.546	0088.375	0001.084	0050.104	0001.450	0008.405	0064.618	0009.378	30.179485	-88.859969
06/10/2022 18:53:15.000	4.563	0009.447	0025.544	0088.365	0001.065	0050.102	0001.538	0008.405	0064.615	0009.418	30.179485	-88.859969
06/10/2022 18:53:15.000	4.625	0009.483	0025.546	0088.365	0001.011	0050.102	0001.500	0008.403	0064.615	0009.453	30.179484	-88.859969
06/10/2022 18:53:15.000	4.500	0009.511	0025.545	0088.360	0000.974	0050.102	0001.500	0008.401	0064.615	0009.481	30.179484	-88.859969
06/10/2022 18:53:15.000	5.688	0009.496	0025.544	0088.365	0000.974	0050.104	0001.438	0008.406	0064.618	0009.466	30.179485	-88.859969
06/10/2022 18:53:16.000	5.250	0009.456	0025.547	0088.365	0001.010	0050.104	0001.488	0008.403	0064.618	0009.427	30.179485	-88.859969
06/10/2022 18:53:16.000	5.125	0009.412	0025.544	0088.340	0001.020	0050.104	0001.375	0008.402	0064.618	0009.383	30.179485	-88.859969
06/10/2022 18:53:16.000	4.563	0009.385	0025.546	0088.340	0001.092	0050.102	0001.363	0008.412	0064.615	0009.356	30.179484	-88.859968
06/10/2022 18:53:16.000	4.750	0009.295	0025.547	0088.340	0001.196	0050.104	0001.363	0008.404	0064.618	0009.266	30.179483	-88.859967
06/10/2022 18:53:17.000	4.875	0009.230	0025.546	0088.345	0001.248	0050.102	0001.388	0008.401	0064.615	0009.201	30.179483	-88.859967
06/10/2022 18:53:17.000	4.625	0009.151	0025.547	0087.635	0001.303	0050.102	0001.400	0008.406	0064.615	0009.122	30.179483	-88.859967
06/10/2022 18:53:17.000	4.625	0009.037	0025.546	0088.260	0001.395	0050.102	0001.475	0008.406	0064.615	0009.009	30.179483	-88.859966
06/10/2022 18:53:17.000	4.500	0008.901	0025.546	0088.265	0001.513	0050.100	0001.400	0008.402	0064.612	0008.873	30.179483	-88.859965
06/10/2022 18:53:18.000	4.438	0008.768	0025.547	0088.265	0001.666	0050.088	0001.438	0008.410	0064.594	0008.741	30.179483	-88.859965
06/10/2022 18:53:18.000	4.500	0008.668	0025.543	0088.270	0001.808	0050.098	0001.438	0008.406	0064.609	0008.641	30.179483	-88.859965
06/10/2022 18:53:18.000	4.688	0008.591	0025.543	0088.225	0001.886	0050.094	0002.300	0008.403	0064.603	0008.564	30.179483	-88.859965
06/10/2022 18:53:18.000	4.500	0008.536	0025.543	0088.225	0001.928	0050.094	0002.288	0008.405	0064.603	0008.509	30.179482	-88.859966
06/10/2022 18:53:19.000	4.625	0008.482	0025.545	0088.220	0001.974	0050.096	0001.775	0008.403	0064.606	0008.456	30.179482	-88.859966
06/10/2022 18:53:19.000	4.563	0008.410	0025.543	0088.220	0002.023	0050.094	0001.488	0008.404	0064.603	0008.384	30.179482	-88.859966
06/10/2022 18:53:19.000	4.563	0008.325	0025.544	0088.220	0002.093	0050.094	0001.563	0008.406	0064.603	0008.299	30.179482	-88.859965
06/10/2022 18:53:19.000	4.500	0008.191	0025.543	0088.305	0002.202	0050.098	0001.650	0008.406	0064.609	0008.165	30.179482	-88.859964
06/10/2022 18:53:20.000	4.563	0008.053	0025.544	0088.295	0002.339	0050.098	0001.500	0008.408	0064.609	0008.028	30.179482	-88.859964
06/10/2022 18:53:20.000	4.563	0007.920	0025.542	0088.295	0002.490	0050.096	0001.438	0008.406	0064.606	0007.895	30.179482	-88.859963
06/10/2022 18:53:20.000	4.500	0007.823	0025.543	0088.285	0002.597	0050.096	0001.588	0008.407	0064.606	0007.799	30.179481	-88.859962
06/10/2022 18:53:20.000	4.563	0007.750	0025.544	0087.685	0002.681	0050.092	0001.450	0008.403	0064.600	0007.726	30.179481	-88.859962
06/10/2022 18:53:21.000	4.563	0007.695	0025.543	0088.375	0002.753	0050.090	0001.575	0008.403	0064.597	0007.671	30.179481	-88.859962
06/10/2022 18:53:21.000	4.625	0007.633	0025.544	0088.380	0002.809	0050.088	0001.800	0008.409	0064.595	0007.609	30.179480	-88.859962
06/10/2022 18:53:21.000	4.875	0007.554	0025.543	0088.380	0002.863	0050.090	0001.750	0008.407	0064.597	0007.530	30.179480	-88.859962
06/10/2022 18:53:21.000	4.438	0007.450	0025.544	0088.380	0002.958	0050.090	0002.075	0008.406	0064.597	0007.427	30.179480	-88.859962
06/10/2022 18:53:22.000	4.625	0007.334	0025.543	0088.385	0003.078	0050.090	0001.688	0008.407	0064.597	0007.311	30.179480	-88.859962
06/10/2022 18:53:22.000	4.688	0007.208	0025.545	0088.375	0003.212	0050.088	0001.675	0008.407	0064.595	0007.186	30.179480	-88.859962
06/10/2022 18:53:22.000	4.625	0007.099	0025.543	0088.380	0003.312	0050.084	0001.638	0008.405	0064.589	0007.077	30.179480	-88.859962
06/10/2022 18:53:22.000	4.875	0007.002	0025.544	0088.375	0003.437	0050.084	0001.500	0008.408	0064.589	0006.980	30.179480	-88.859961
06/10/2022 18:53:23.000	4.438	0006.904	0025.545	0088.375	0003.515	0050.086	0001.538	0008.407	0064.592	0006.882	30.179480	-88.859961
06/10/2022 18:53:23.000	4.438	0006.814	0025.541	0088.420	0003.624	0050.086	0001.513	0008.406	0064.592	0006.793	30.179479	-88.859960
06/10/2022 18:53:23.000	4.500	0006.722	0025.542	0088.415	0003.690	0050.090	0002.050	0008.408	0064.598	0006.701	30.179479	-88.859959
06/10/2022 18:53:23.000	4.438	0006.643	0025.543	0088.420	0003.756	0050.088	0001.675	0008.408	0064.595	0006.622	30.179479	-88.859959
06/10/2022 18:53:24.000	4.563	0006.569	0025.542	0088.415	0003.834	0050.080	0001.488	0008.405	0064.583	0006.549	30.179479	-88.859959
06/10/2022 18:53:24.000	4.563	0006.493	0025.541	0087.750	0003.895	0050.080	0001.438	0008.410	0064.583	0006.473	30.179478	-88.859959
06/10/2022 18:53:24.000	4.688	0006.415	0025.542	0088.390	0003.966	0050.080	0001.475	0008.402	0064.583	0006.395	30.179478	-88.859959
06/10/2022 18:53:24.000	4.500	0006.322	0025.540	0088.395	0004.049	0050.076	0001.450	0008.409	0064.577	0006.302	30.179478	-88.859958
06/10/2022 18:53:25.000	4.500	0006.212	0025.538	0088.395	0004.145	0050.076	0001.588	0008.410	0064.577	0006.193	30.179478	-88.859958
06/10/2022 18:53:25.000	5.313	0006.094	0025.538	0088.390	0004.252	0050.076	0001.375	0008.410	0064.577	0006.075	30.179478	-88.859958
06/10/2022 18:53:25.000	4.500	0005.971	0025.538	0088.435	0004.389	0050.074	0002.663	0008.410	0064.574	0005.952	30.179478	-88.859958
06/10/2022 18:53:25.000	4.375	0005.867	0025.539	0088.440	0004.495	0050.058	0001.950	0008.406	0064.550	0005.849	30.179477	-88.859957
06/10/2022 18:53:26.000	3.875	0005.792	0025.536	0088.435	0004.585	0050.016	0001.463	0008.410	0064.488	0005.774	30.179477	-88.859957
06/10/2022 18:53:26.000	3.750	0005.708	0025.535	0088.435	0004.685	0049.988	0001.400	0008.410	0064.446	0005.690	30.179476	-88.859957
06/10/2022 18:53:26.000	3.688	0005.631	0025.530	0088.440	0004.763	0049.960	0001.700	0008.413	0064.405	0005.613	30.179476	-88.859957
06/10/2022 18:53:26.000	3.688	0005.532	0025.516	0088.525	0004.861	0049.904	0001.675	0008.414	0064.322	0005.515	30.179476	-88.859957
06/10/2022 18:53:27.000	3.875	0005.418	0025.489	0088.525	0004.944	0049.860	0003.050	0008.412	0064.256	0005.401	30.179476	-88.859956
06/10/2022 18:53:27.000	3.750	0005.290	0025.467	0088.525	0005.075	0049.812	0001.675	0008.408	0064.185	0005.274	30.179476	-88.859956
06/10/2022 18:53:27.000	4.438	0005.160	0025.464	0088.525	0005.208	0049.808	0001.400	0008.413	0064.179	0005.144	30.179476	-88.859956
06/10/2022 18:53:27.000	5.000	0005.045	0025.467	0087.850	0005.342	0049.804	0001.263	0008.415	0064.173	0005.029	30.179476	-88.859955
06/10/2022 18:53:28.000	4.563	0004.947	0025.469	0088.505	0005.454	0049.784	0001.138	0008.413	0064.144	0004.932	30.179476	-88.859955
06/10/2022 18:53:28.000	3.813	0004.856	0025.463	0088.495	0005.555	0049.732	0001.087	0008.418	0064.067	0004.841	30.179475	-88.859954
06/10/2022 18:53:28.000	3.500	0004.774	0025.448	0088.505	0005.629	0049.628	0001.175	0008.417	0063.913	0004.759	30.179475	-88.859954
06/10/2022 18:53:28.000	3.500	0004.711	0025.431	0088.510	0005.690	0049.588	0001.238	0008.412	0063.854	0004.696	30.179475	-88.859954
06/10/2022 18:53:29.000	3.625	0004.625	0025.417	0089.240	0005.745	0049.588	0001.238	0008.415	0063.854	0004.611	30.179475	-88.859954
06/10/2022 18:53:29.000	3.500	0004.546	0025.410	0089.230	0005.836	0049.572	0002.425	0008.420	0063.830	0004.532	30.179475	-88.859954
06/10/2022 18:53:29.000	3.625	0004.451	0025.405	0089.230	0005.897	0049.534	0001.400	0008.415	0063.774	0004.437	30.179475	-88.859954
06/10/2022 18:53:29.000	3.438	0004.359	0025.403	0089.230	0005.972	0049.524	0001.275	0008.420	0063.759	0004.345	30.179475	-88.859954
06/10/2022 18:53:30.000	3.375	0004.273	0025.401	0089.230	0006.084	0049.522	0001.100	0008.421	0063.756	0004.260	30.179474	-88.859954
06/10/2022 18:53:30.000	3.500	0004.154	0025.398	0090.075	0006.181	0049.528	0001.063	0008.415	0063.765	0004.141	30.179474	-88.859953
06/10/2022 18:53:30.000	3.438	0004.041	0025.396	0090.070	0006.261	0049.526	0001.038	0008.415	0063.762	0004.028	30.179474	-88.859953
06/10/2022 18:53:30.000	3.438	0003.934	0025.398	0090.075	0006.379	0049.516	0001.087	0008.411	0063.747	0003.922	30.179474	-88.859952
06/10/2022 18:53:31.000	3.500	0003.831	0025.394	0090.075	0006.479	0049.500	0001.275	0008.414	0063.723	0003.819	30.179473	-88.859951
06/10/2022 18:53:31.000	3.438	0003.724	0025.393	0089.645	0006.585	0049.470	0001.125	0008.418	0063.679	0003.712	30.179473	-88.859950
06/10/2022 18:53:31.000	3.375	0003.628	0025.385	0090.570	0006.711	0049.436	0001.150	0008.419	0063.629	0003.617	30.179473	-88.859950
06/10/2022 18:53:31.000	3.375	0003.542	0025.383	0090.570	0006.791	0049.428	0001.087	0008.416	0063.617	0003.531	30.179472	-88.859950
06/10/2022 18:53:32.000	3.375	0003.463	0025.378	0090.570	0006.879	0049.420	0001.100	0008.422	0063.605	0003.452	30.179472	-88.859950
06/10/2022 18:53:32.000	3.438	0003.393	0025.375	0090.565	0006.947	0049.404	0001.025	0008.415	0063.581	0003.382	30.179472	-88.859951
06/10/2022 18:53:32.000	3.375	0003.315	0025.372	0091.005	0007.018	0049.390	0001.050	0008.415	0063.561	0003.305	30.179472	-88.859951
06/10/2022 18:53:32.000	3.313	0003.221	0025.370	0091.000	0007.118	0049.388	0001.063	0008.417	0063.558	0003.211	30.179472	-88.859951
06/10/2022 18:53:33.000	3.313	0003.097	0025.368	0090.990	0007.224	0049.402	0001.125	0008.417	0063.578	0003.087	30.179472	-88.859951
06/10/2022 18:53:33.000	3.250	0002.955	0025.366	0090.990	0007.377	0049.376	0001.087	0008.415	0063.540	0002.946	30.179472	-88.859950
06/10/2022 18:53:33.000	3.313	0002.801	0025.369	0090.995	0007.548	0049.364	0001.087	0008.421	0063.522	0002.792	30.179472	-88.859949
06/10/2022 18:53:33.000	3.250	0002.687	0025.366	0091.435	0007.699	0049.350	0001.013	0008.414	0063.502	0002.679	30.179472	-88.859949
06/10/2022 18:53:34.000	3.313	0002.603	0025.364	0091.435	0007.797	0049.322	0001.075	0008.420	0063.460	0002.595	30.179471	-88.859948
06/10/2022 18:53:34.000	3.375	0002.561	0025.364	0091.435	0007.860	0049.280	0000.988	0008.420	0063.398	0002.553	30.179471	-88.859947
06/10/2022 18:53:34.000	3.375	0002.515	0025.362	0091.430	0007.869	0049.268	0001.075	0008.414	0063.380	0002.507	30.179471	-88.859947
06/10/2022 18:53:34.000	3.250	0002.459	0025.361	0090.815	0007.869	0049.224	0001.125	0008.421	0063.315	0002.451	30.179470	-88.859947
06/10/2022 18:53:35.000	3.625	0002.375	0025.356	0091.745	0007.922	0049.194	0000.988	0008.423	0063.271	0002.368	30.179470	-88.859947
06/10/2022 18:53:35.000	3.375	0002.263	0025.356	0091.750	0008.035	0049.188	0000.975	0008.422	0063.262	0002.256	30.179471	-88.859947
06/10/2022 18:53:35.000	3.250	0002.124	0025.353	0091.750	0008.166	0049.202	0000.938	0008.417	0063.283	0002.117	30.179471	-88.859947
06/10/2022 18:53:35.000	3.250	0001.978	0025.351	0091.750	0008.303	0049.186	0000.988	0008.422	0063.259	0001.972	30.179470	-88.859947
06/10/2022 18:53:36.000	3.313	0001.854	0025.348	0092.130	0008.439	0049.018	0000.925	0008.417	0063.011	0001.848	30.179470	-88.859947
06/10/2022 18:53:36.000	3.313	0001.769	0025.344	0092.120	0008.525	0048.736	0000.938	0008.420	0062.595	0001.763	30.179469	-88.859946
06/10/2022 18:53:36.000	3.250	0001.709	0025.332	0092.120	0008.604	0048.570	0000.963	0008.422	0062.351	0001.704	30.179469	-88.859946
06/10/2022 18:53:36.000	3.313	0001.641	0025.320	0092.115	0008.645	0048.576	0000.950	0008.425	0062.360	0001.636	30.179469	-88.859946
06/10/2022 18:53:37.000	3.375	0001.572	0025.305	0092.110	0008.723	0048.608	0000.925	0008.423	0062.407	0001.567	30.179468	-88.859946
06/10/2022 18:53:37.000	3.375	0001.475	0025.272	0092.325	0008.790	0048.772	0000.988	0008.426	0062.648	0001.470	30.179469	-88.859945
06/10/2022 18:53:37.000	3.375	0001.359	0025.221	0092.315	0008.891	0048.662	0001.163	0008.424	0062.486	0001.355	30.179469	-88.859944
06/10/2022 18:53:37.000	3.500	0001.251	0025.172	0092.325	0009.043	0048.482	0001.163	0008.419	0062.221	0001.247	30.179469	-88.859944
06/10/2022 18:53:38.000	3.500	0001.104	0025.142	0092.330	0009.199	0048.460	0001.087	0008.419	0062.189	0001.101	30.179468	-88.859944
06/10/2022 18:53:38.000	3.625	0001.048	0025.132	0091.415	0009.344	0048.458	0001.063	0008.421	0062.186	0001.045	30.179468	-88.859943
06/10/2022 18:53:38.000	3.750	0001.019	0025.127	0092.205	0009.371	0048.196	0001.038	0008.419	0061.801	0001.016	30.179468	-88.859943
06/10/2022 18:53:38.000	3.875	0001.015	0025.085	0092.205	0009.362	0048.022	0001.063	0008.423	0061.545	0001.012	30.179468	-88.859943
06/10/2022 18:53:39.000	4.438	0001.011	0025.057	0092.195	0009.349	0047.432	0001.238	0008.421	0060.681	0001.008	30.179468	-88.859943
06/10/2022 18:53:39.000	4.563	0000.998	0025.023	0092.200	0009.379	0047.232	0001.450	0008.422	0060.388	0000.995	30.179468	-88.859943
06/10/2022 18:53:39.000	4.438	0000.976	0024.994	0092.755	0009.363	0047.128	0001.288	0008.424	0060.236	0000.973	30.179468	-88.859943
06/10/2022 18:53:39.000	4.313	0000.938	0024.974	0092.750	0009.394	0047.086	0001.288	0008.431	0060.175	0000.935	30.179468	-88.859943
06/10/2022 18:53:40.000	4.438	0000.898	0024.967	0092.745	0009.425	0047.042	0001.225	0008.423	0060.110	0000.895	30.179468	-88.859943
06/10/2022 18:53:40.000	4.438	0000.855	0024.978	0092.735	0009.442	0047.068	0001.263	0008.427	0060.148	0000.852	30.179467	-88.859942
06/10/2022 18:53:40.000	4.313	0000.824	0025.000	0092.740	0009.474	0047.126	0001.263	0008.425	0060.233	0000.821	30.179467	-88.859942
06/10/2022 18:53:40.000	4.313	0000.790	0025.035	0092.910	0009.529	0047.144	0001.313	0008.422	0060.259	0000.788	30.179467	-88.859941
06/10/2022 18:53:41.000	4.688	0000.780	0025.060	0092.910	0009.572	0047.186	0001.263	0008.426	0060.321	0000.778	30.179466	-88.859940
06/10/2022 18:53:41.000	4.438	0000.776	0025.087	0092.910	0009.593	0047.322	0001.325	0008.421	0060.520	0000.774	30.179466	-88.859940
06/10/2022 18:53:41.000	4.313	0000.776	0025.106	0092.910	0009.538	0047.362	0001.363	0008.426	0060.578	0000.774	30.179465	-88.859940
06/10/2022 18:53:41.000	4.313	0000.765	0025.113	0092.470	0009.515	0047.356	0001.463	0008.427	0060.569	0000.763	30.179466	-88.859940
06/10/2022 18:53:42.000	4.313	0000.728	0025.125	0093.645	0009.580	0047.232	0001.337	0008.423	0060.388	0000.726	30.179466	-88.859940
06/10/2022 18:53:42.000	4.313	0000.678	0025.125	0093.655	0009.683	0047.180	0001.337	0008.421	0060.312	0000.676	30.179465	-88.859940
06/10/2022 18:53:42.000	4.250	0000.618	0025.129	0093.650	0009.701	0047.238	0001.337	0008.427	0060.397	0000.616	30.179465	-88.859940
06/10/2022 18:53:42.000	4.313	0000.570	0025.138	0093.645	0009.745	0047.200	0001.337	0008.429	0060.341	0000.568	30.179465	-88.859940
06/10/2022 18:53:43.000	4.438	0000.546	0025.216	0094.215	0009.790	0047.148	0001.350	0008.421	0060.265	0000.544	30.179465	-88.859939
06/10/2022 18:53:43.000	4.375	0000.537	0025.280	0094.215	0009.816	0047.100	0001.263	0008.426	0060.195	0000.535	30.179464	-88.859938
06/10/2022 18:53:43.000	4.438	0000.541	0025.312	0094.215	0009.795	0047.084	0001.313	0008.428	0060.172	0000.539	30.179464	-88.859938
06/10/2022 18:53:43.000	4.500	0000.548	0025.339	0094.215	0009.801	0047.082	0001.363	0008.422	0060.169	0000.546	30.179464	-88.859938
06/10/2022 18:53:44.000	4.438	0000.534	0025.368	0094.210	0009.814	0047.062	0001.313	0008.429	0060.140	0000.532	30.179464	-88.859938
06/10/2022 18:53:44.000	4.500	0000.481	0025.399	0095.025	0009.821	0047.104	0001.337	0008.421	0060.201	0000.480	30.179464	-88.859937
06/10/2022 18:53:44.000	4.625	0000.427	0025.398	0095.020	0009.890	0047.158	0001.400	0008.418	0060.280	0000.426	30.179464	-88.859937
06/10/2022 18:53:44.000	4.750	0000.370	0025.392	0095.020	0009.992	0047.156	0001.425	0008.424	0060.277	0000.369	30.179464	-88.859937
06/10/2022 18:53:45.000	4.875	0000.352	0025.395	0095.020	0010.013	0047.136	0001.600	0008.415	0060.248	0000.351	30.179463	-88.859937
06/10/2022 18:53:45.000	4.625	0000.353	0025.418	0094.345	0009.991	0047.116	0001.538	0008.417	0060.219	0000.352	30.179463	-88.859937
06/10/2022 18:53:45.000	4.563	0000.362	0025.469	0095.510	0010.007	0047.140	0001.363	0008.421	0060.254	0000.361	30.179463	-88.859936
06/10/2022 18:53:45.000	4.625	0000.358	0025.486	0095.510	0009.961	0047.152	0001.363	0008.416	0060.271	0000.357	30.179463	-88.859936
06/10/2022 18:53:46.000	4.500	0000.318	0025.488	0095.520	0009.991	0047.148	0001.400	0008.412	0060.265	0000.317	30.179462	-88.859936
06/10/2022 18:53:46.000	4.438	0000.261	0025.495	0095.515	0010.002	0047.142	0001.450	0008.418	0060.257	0000.260	30.179462	-88.859935
06/10/2022 18:53:46.000	4.438	0000.235	0025.508	0095.850	0010.043	0047.140	0001.475	0008.419	0060.254	0000.234	30.179462	-88.859935
06/10/2022 18:53:46.000	4.438	0000.221	0025.546	0095.845	0010.056	0047.138	0001.400	0008.411	0060.251	0000.220	30.179462	-88.859935
06/10/2022 18:53:47.000	4.438	0000.221	0025.579	0095.850	0010.071	0047.142	0001.388	0008.414	0060.257	0000.220	30.179461	-88.859935
06/10/2022 18:53:47.000	4.438	0000.216	0025.605	0095.840	0010.089	0047.152	0001.463	0008.412	0060.271	0000.215	30.179461	-88.859935
06/10/2022 18:53:47.000	4.625	0000.193	0025.627	0095.850	0010.112	0047.148	0001.425	0008.449	0060.265	0000.192	30.179461	-88.859934
06/10/2022 18:53:47.000	4.500	0000.157	0025.649	0096.155	0010.180	0047.184	0001.388	0008.412	0060.318	0000.157	30.179461	-88.859933
06/10/2022 18:53:48.000	4.563	0000.115	0025.669	0096.155	0010.224	0047.184	0001.350	0008.412	0060.318	0000.115	30.179461	-88.859933
06/10/2022 18:53:48.000	4.438	0000.063	0025.694	0096.155	0010.298	0047.192	0001.500	0008.409	0060.330	0000.063	30.179461	-88.859933
06/10/2022 18:53:48.000	4.625	0000.036	0025.701	0096.155	0010.298	0047.196	0001.388	0008.415	0060.335	0000.036	30.179460	-88.859933
06/10/2022 18:53:48.000	4.375	0000.031	0025.711	0095.250	0010.310	0047.186	0001.363	0008.409	0060.321	0000.031	30.179460	-88.859933
06/10/2022 18:53:49.000	4.625	0000.034	0025.716	0096.360	0010.323	0047.178	0001.375	0008.410	0060.309	0000.034	30.179460	-88.859933
06/10/2022 18:53:49.000	4.375	0000.047	0025.719	0096.365	0010.292	0047.174	0001.375	0008.417	0060.303	0000.047	30.179460	-88.859933
06/10/2022 18:53:49.000	4.500	0000.028	0025.729	0096.365	0010.307	0047.180	0001.425	0008.430	0060.312	0000.028	30.179460	-88.859932
06/10/2022 18:53:49.000	4.625	-000.015	0025.738	0096.365	0010.348	0047.128	0001.400	0008.431	0060.236	-000.015	30.179460	-88.859932
06/10/2022 18:53:50.000	392.500	-000.029	0025.758	0096.445	0010.417	0010.904	0001.413	0008.426	0012.049	-000.029	30.179459	-88.859931
06/10/2022 18:53:50.000	124.187	-000.018	0025.767	0096.435	0010.396	0044.134	0001.375	0008.428	0055.896	-000.018	30.179459	-88.859931
06/10/2022 18:53:50.000	15.000	-000.011	0025.770	0096.435	0010.402	0047.198	0001.325	0008.419	0060.338	-000.011	30.179459	-88.859931
06/10/2022 18:53:50.000	29.875	-000.026	0025.777	0096.430	0010.377	0033.688	0001.300	0008.418	0041.267	-000.026	30.179459	-88.859930
06/10/2022 18:53:51.000	243.687	-000.019	0025.792	0096.440	0010.367	0025.814	0001.388	0008.419	0030.746	-000.019	30.179459	-88.859930
06/10/2022 18:53:51.000	40.687	-000.019	0025.805	0096.460	0010.339	0035.608	0001.413	0008.422	0043.898	-000.019	30.179458	-88.859930
06/10/2022 18:53:51.000	7.938	0000.004	0025.807	0096.465	0010.325	0047.192	0001.400	0008.424	0060.330	0000.004	30.179458	-88.859930
06/10/2022 18:53:51.000	6.563	0000.008	0025.794	0096.465	0010.326	0047.192	0001.425	0008.424	0060.330	0000.008	30.179458	-88.859930
06/10/2022 18:53:52.000	5.250	-000.003	0025.789	0096.460	0010.359	0047.180	0001.450	0008.421	0060.312	-000.003	30.179458	-88.859930
06/10/2022 18:53:52.000	505.375	-000.023	0025.789	0095.545	0010.381	0044.394	0001.400	0008.424	0056.270	-000.023	30.179458	-88.859929
06/10/2022 18:53:52.000	163.625	-000.019	0025.795	0096.590	0010.410	0012.436	0001.388	0008.417	0013.886	-000.019	30.179457	-88.859929
06/10/2022 18:53:52.000	33.625	-000.019	0025.800	0096.590	0010.395	0037.036	0001.450	0008.422	0045.871	-000.019	30.179457	-88.859929
06/10/2022 18:53:53.000	8.313	-000.005	0025.799	0096.605	0010.384	0047.194	0001.400	0008.424	0060.333	-000.005	30.179457	-88.859928
06/10/2022 18:53:53.000	5.313	0000.005	0025.793	0096.595	0010.379	0047.196	0001.375	0008.417	0060.335	0000.005	30.179457	-88.859928
06/10/2022 18:53:53.000	5.625	-000.013	0025.788	0096.775	0010.391	0047.190	0001.350	0008.416	0060.327	-000.013	30.179457	-88.859927
06/10/2022 18:53:53.000	53.938	-000.027	0025.790	0096.775	0010.448	0043.418	0001.475	0008.421	0054.868	-000.027	30.179457	-88.859927
06/10/2022 18:53:54.000	63.562	-000.023	0025.796	0096.775	0010.401	0045.180	0001.475	0008.413	0057.404	-000.023	30.179456	-88.859927
06/10/2022 18:53:54.000	113.125	-000.022	0025.795	0096.780	0010.453	0044.794	0001.400	0008.422	0056.847	-000.022	30.179456	-88.859927
06/10/2022 18:53:54.000	11.437	-000.021	0025.797	0096.785	0010.444	0046.852	0001.363	0008.420	0059.833	-000.021	30.179456	-88.859927
06/10/2022 18:53:54.000	8.313	-000.020	0025.795	0096.790	0010.440	0046.942	0001.588	0008.420	0059.964	-000.020	30.179456	-88.859927
06/10/2022 18:53:55.000	4.688	-000.019	0025.791	0096.785	0010.347	0047.198	0001.450	0008.417	0060.338	-000.019	30.179455	-88.859927
06/10/2022 18:53:55.000	4.750	0000.014	0025.791	0096.785	0010.327	0047.202	0001.400	0008.425	0060.344	0000.014	30.179455	-88.859927
06/10/2022 18:53:55.000	4.563	0000.028	0025.788	0096.780	0010.283	0047.204	0001.450	0008.417	0060.347	0000.028	30.179455	-88.859927
06/10/2022 18:53:55.000	4.625	0000.007	0025.788	0095.880	0010.321	0047.198	0001.525	0008.417	0060.338	0000.007	30.179455	-88.859926
06/10/2022 18:53:56.000	5.563	-000.025	0025.787	0096.890	0010.361	0045.192	0001.538	0008.423	0057.422	-000.025	30.179455	-88.859925
06/10/2022 18:53:56.000	795.062	-000.023	0025.788	0096.885	0010.401	0015.534	0001.475	0008.417	0017.667	-000.023	30.179455	-88.859925
06/10/2022 18:53:56.000	77.438	-000.020	0025.789	0096.905	0010.445	0001.692	0001.475	0008.415	0001.654	-000.020	30.179455	-88.859924
06/10/2022 18:53:56.000	21.312	-000.020	0025.790	0096.890	0010.429	0000.916	0001.425	0008.424	0000.868	-000.020	30.179454	-88.859923
06/10/2022 18:53:57.000	11.187	-000.020	0025.790	0096.830	0010.351	0022.624	0001.575	0008.413	0026.606	-000.020	30.179453	-88.859923
06/10/2022 18:53:57.000	7.875	0000.006	0025.796	0096.820	0010.291	0034.800	0001.438	0008.423	0042.788	0000.006	30.179453	-88.859923
